#spline3d 5 120 5 120
0.49212443702933101 -0.18493226708741128 0.23902991494176276
0.24614985906290315 -0.092355782653508925 0.11920124638700076
1.6228694223042579e-005 2.0644491390452997e-005 -6.6704986704509158e-005
-0.24617722054039623 0.092320633555559223 -0.11906653375396205
-0.49236379919659584 0.18462294548787825 -0.23831577870414433
-0.73854250839708757 0.27695659726756217 -0.35720853010593839
-0.98469584868395865 0.36927563538356406 -0.47676047311571063
-1.2309234726174803 0.46157867870707497 -0.59508776534428642
-1.4770312049083905 0.55388915895261226 -0.71569431627493896
-1.7234114147078392 0.64630694751483708 -0.83170965390648
-1.9688429722419774 0.73826265046808359 -0.95796570808222181
-2.2177538235509342 0.831731479537967 -1.0592131908550924
-2.4543803518807721 0.92029604394550801 -1.2265233249699046
-2.7347092539813298 1.025665935856354 -1.2045303445473698
-3.0012682354883506 1.1251369084855949 -1.2218451766604352
-3.2727256814895109 1.2278634789438654 -1.2317419900805651
-3.5420556704985078 1.3271098207404357 -1.2435225260765141
-3.812808938875444 1.4319392208421553 -1.2518441454973797
-4.0819012224170645 1.5267125345526735 -1.2686414795462453
-4.3535610482986762 1.6404919667107956 -1.2674706152080761
-4.6211467200163971 1.716913776722012 -1.3028519554241003
-4.8944254542531089 1.8691612668425732 -1.2623377037951551
-5.1645531184896925 1.866678982701808 -1.3809980728428353
-5.4257403886928985 1.8534870954951681 -1.5071352292236266
-5.6932899125742233 1.8643082308807906 -1.6108996213617128
-5.9571929072318577 1.8575335565033393 -1.7313936631615567
-6.2228060336307447 1.8612512115353848 -1.8421060667745761
-6.4881559273732616 1.8596024856571922 -1.9572115455675829
-6.7524618058070249 1.8597198695744446 -2.0720773790929923
-7.0193064117350961 1.8609966866500351 -2.1833703799232573
-7.2818186679486638 1.8583124301374949 -2.3022426719608573
-7.5498913875849007 1.8616701629667147 -2.410546963194049
-7.8171972914112313 1.8632664489258326 -2.5221523178546015
-8.0393323730749433 1.8181686423529004 -2.7099808941172254
-8.2832486368581186 1.7961396219648633 -2.8597309272750087
-8.5165727908078299 1.7628148085439102 -3.0283893360694099
-8.7551142262477324 1.7349480661810044 -3.1875608424025139
-8.9911638699344927 1.7047854070955475 -3.351410433180054
-9.2282327840553826 1.674825212244895 -3.5131423270285613
-9.4651473249683971 1.646658918112031 -3.6755735244641641
-9.7015165536286823 1.613848470541098 -3.8382737481075568
-9.9394844401711957 1.5909887448318716 -3.9995217423973712
-10.173613968363215 1.5469032958798627 -4.1644525956105882
-10.416668345507372 1.5485868803144367 -4.3211143509831969
-10.659643119157485 1.5513438403243862 -4.476419630204906
-10.90184726303081 1.5495188193942602 -4.6342678331379439
-11.144550291584814 1.5494468498494176 -4.7888677552036532
-11.387126522279228 1.5520226240978143 -4.9484926804035041
-11.629435239255248 1.54538994009637 -5.0991478445036469
-11.872370121276948 1.5600811541365351 -5.2673489144558863
-12.114760367301495 1.5274703561269782 -5.398873198018757
-12.355628054880782 1.6026165268293031 -5.6110097533383696
-12.608355663824437 1.4256673898174859 -5.6409488103066119
-12.847735508465178 1.2770802917844124 -5.683408724623459
-13.094454526362926 1.1368199951815514 -5.736903604584934
-13.337229174909108 0.98533211471641668 -5.7798611303804304
-13.582246055158388 0.84227064889769709 -5.829582981161364
-13.825796716996932 0.69321847107491541 -5.8757632117054168
-14.070527078679193 0.54907107959227075 -5.9231395594382859
-14.3140357694346 0.39970296188864923 -5.9712256385439524
-14.559220159037922 0.25737428947189372 -6.016284781163181
-14.801780410544575 0.10466230564148669 -6.0673362271560949
-15.048133239269335 -0.034478064443961037 -6.1099622711271415
-15.291026291192294 -0.18103259390422261 -6.1573626949578548
-15.527761762971826 -0.3744135598516799 -6.234167605732539
-15.827026716504108 -0.23909169319805768 -6.1027609865725916
-16.095715569809819 -0.24964471002717648 -6.0644615381234663
-16.378827393282894 -0.19292621800380375 -5.9828198857558075
-16.655363653407129 -0.16983060140825018 -5.9232767165419906
-16.934256291786284 -0.12750086747543835 -5.850661164861453
-17.213647313988293 -0.099119861862455833 -5.7882373291447511
-17.490123205178854 -0.057174577907217514 -5.7148168324025033
-17.770808065480697 -0.029961080252636128 -5.6541272761068866
-18.052861921802364 0.0036773122429125059 -5.58770351529704
-18.282463976700846 0.12456603264672717 -5.4428846046515833
-18.536129705020194 0.20323917110367282 -5.3359766941092541
-18.779168396736466 0.30209095524224866 -5.211189195985229
-19.026013864524153 0.39151315780567419 -5.0942084217513859
-19.273404207387777 0.48454792377273026 -4.9751925051279207
-19.516351997757287 0.57781246732703695 -4.8539935264813563
-19.768222054269298 0.66756881622735076 -4.7391198450279539
-20.006694603751182 0.76381184479767417 -4.6138654105346166
-20.25666226143942 0.85346943543666021 -4.4987195466299692
-20.53353516662769 0.93321712882125563 -4.3994564763606281
-20.557098181384305 1.1269472953028403 -4.1227552883102838
-20.702319550132959 1.2650295967770564 -3.9327915212682738
-20.780907922995357 1.4322555465502356 -3.6970003767360256
-20.907721087024594 1.5811714646086859 -3.4907512158743548
-20.989893922069768 1.7434440594414617 -3.2620486686414152
-21.098471040435857 1.9032894963322828 -3.0384205716058053
-21.379162891649013 1.9937064908363213 -2.9302785695767275
-21.575138937428935 2.1150985513860854 -2.7691589061916955
-21.812229451663161 2.2226321916421714 -2.6335435020372153
-22.029578610447377 2.3359444405442535 -2.483840628438009
-22.255200283946621 2.4485025132633629 -2.3448284773447496
-22.480457204569021 2.5558061087636736 -2.1920958877704897
-22.696976572124086 2.6818020661761235 -2.06657014500915
-22.939050155659611 2.7502407774564981 -1.8732762736455708
-23.116808976343041 3.004133908567193 -1.8722430185473713
-23.302984595667301 3.2130799030361046 -1.8313189643286105
-23.491089211305511 3.4319240891668801 -1.7957095354720698
-23.67619781070966 3.6497457041987569 -1.7619920678873469
-23.863488131545353 3.8668616775031461 -1.7259077939845515
-24.049448031389993 4.0846918096163902 -1.6913863150811488
-24.236126449061661 4.3020875460466295 -1.6559851861935244
-24.422551598458302 4.5196267478775054 -1.6211386937942827
-24.609012405307176 4.7371478983337338 -1.5858422308042648
-24.795444806659972 4.9547097231282473 -1.5509276784673713
-24.981904191454404 5.1722293471389396 -1.5157437212080986
-25.168302976958653 5.3898084776517061 -1.4806884877650199
-25.354886478239216 5.6072300844312872 -1.445594125830854
-25.541256362212746 5.8248267436304264 -1.4104735241220476
-25.727737679946884 6.0423492997083983 -1.3754729907145038
-25.914165295331507 6.2598900589388791 -1.3403066863239492
-26.100586131833669 6.4774507424273917 -1.3052240744651256
-26.28717035965072 6.6948879409851401 -1.2702469274359196
-26.473520546750045 6.912482105956963 -1.234996946740067
-26.660028809273143 7.1299942492515918 -1.2000802174628751
-26.846422817269357 7.3475573134243639 -1.1648705435132722
-27.032540023170441 7.5652049818312435 -1.1287110179657276
