#spline3d 5 120 5 120
-0.29544921473318603 -0.073923671148733702 -0.071459753459931594
-0.14772643281759959 -0.036944749842304087 -0.035739052161928249
-5.5666758354502964e-007 4.5596979936941557e-006 -2.2063214055309071e-006
0.14772603897000997 0.036940291923302802 0.035744871033840608
0.29544976628636349 0.073882103068441229 0.071497515342031859
0.4431776199229398 0.11081756523599846 0.1072406000609972
0.59091663167408826 0.14772880932522814 0.14296200166717504
0.73864289363147351 0.18466431539183872 0.17870726542156362
0.88636234372717837 0.22162104639482241 0.21446761822909957
1.0340967757566075 0.25854658595866364 0.2502045903198391
1.1818331405192777 0.2954413894447645 0.28590242414197697
1.3295540878218175 0.33240694882480187 0.32168464373864014
1.4772803831222578 0.36941293773410477 0.35751580068700994
1.6250174108055522 0.40614996462641417 0.39299832528725825
1.7727358159645361 0.44307497434763732 0.42873416559602262
1.9204759355675216 0.48084114454323673 0.46559848663195991
2.0682473981294045 0.51667757351598254 0.49985155183765939
2.2158069438616113 0.55073863981811899 0.53172088910259341
2.363670919251899 0.5997400055866472 0.5837977942967234
2.5121511915859762 0.6256231681833192 0.60448596224899198
2.659159931128293 0.59201838677797747 0.54474081809639285
2.8059662770086162 0.56292317583979767 0.49111964959119547
2.953066491631736 0.54165047009610423 0.44805732973530044
3.1001127048274237 0.51713048900611203 0.40059077093479695
3.2471030018639397 0.49184387288132642 0.35214531844820063
3.3941289655375275 0.46761194566537412 0.30509943516590826
3.5411699156527523 0.44334251451555634 0.25778135374038924
3.6881769630554642 0.41855536753908562 0.21021830817181827
3.8351618763568553 0.39344388862382218 0.16271975121176668
3.9823101378915382 0.37118752881574352 0.1156096523805043
4.1292702992587573 0.34573298547123565 0.068062829708497335
4.2757796992198047 0.31135594879994322 0.019307735145012016
4.4242919133308316 0.31401140900716329 -0.024521588920593158
4.5741366317833254 0.3443927487787215 -0.064610090869868339
4.7234847836442979 0.36628441480579632 -0.10582237434750265
4.8727175633521993 0.38531052583323361 -0.14742581776119762
5.0221123695404364 0.40745424634434002 -0.18861255094439297
5.1714677877497568 0.42894370862661785 -0.22988499320284694
5.320804513271967 0.45006420909839345 -0.27120762872618609
5.4701559420584163 0.47147206400864433 -0.31248654063862441
5.619506578265006 0.49278142592940694 -0.35378933182117867
5.7688452970609365 0.5140579523799228 -0.39511401312339978
5.9182002471527539 0.53574470949958641 -0.43629735936593322
6.067554682897029 0.55668056348297401 -0.47771752760843511
6.216865706228389 0.57720032700530532 -0.51926279089785765
6.3662495653315609 0.60149783672533719 -0.55961474097333352
6.515730510358825 0.6217484539628888 -0.60128148685644223
6.6646953497417654 0.62181656205608915 -0.64931550094206991
6.8134340457986715 0.61889954825660909 -0.69824839351678658
6.962323869883762 0.62009021247469931 -0.74589535416275721
7.1111811604322472 0.62014019512275498 -0.79390719112510155
7.2600496645717563 0.61998109556729397 -0.84199212445324711
7.4089317102876766 0.62003169614488174 -0.88997346586588266
7.5576830863315099 0.61973352933240367 -0.93803091137228878
7.7066745364178244 0.62026636962756232 -0.98596909944026934
7.8557924688056771 0.62081810348535782 -1.0339334563576101
8.0037174866236978 0.61767338840932229 -1.0824742945301642
8.1526433503805915 0.61955395313135542 -1.1300301818882736
8.3064673623520253 0.63327715125737427 -1.1760803792286219
8.4436915550148548 0.58993491897787775 -1.231542912785109
8.561286963332515 0.49816439915939514 -1.2931710707261748
8.6836307930904582 0.42189856026816408 -1.3523184114902227
8.8073596300010184 0.34767675078637056 -1.411380702506934
8.9298471554756276 0.27019432557856632 -1.4708800763291516
9.0524126508192744 0.19321798158484205 -1.5302864330501373
9.1752121878832789 0.11677655673509818 -1.5896275983722639
9.2979195322522727 0.040055935867765909 -1.6490110649042717
9.4206048673249008 -0.036689288437517738 -1.70839559897797
9.5433398073489357 -0.113347172133634 -1.7677587212976082
9.6660432644139505 -0.19005269818645779 -1.8271422093700769
9.7887489854493097 -0.2667069185953086 -1.886512117337332
9.9114559155366528 -0.34346165360045083 -1.9458962822808545
10.034167863047887 -0.42031170415161262 -2.0053091833304966
10.156944849809801 -0.49632292623707336 -2.0645164487975118
10.279558091016071 -0.5735303991915307 -2.1240114547553022
10.40210645176936 -0.65233329676819773 -2.1839449828920867
10.525434109352576 -0.72384761776538875 -2.2420276888392712
10.647993917034734 -0.798288792281447 -2.300694516039794
10.767829976492568 -0.90504153457884429 -2.3678086588346323
10.897685489756139 -0.93378176259608858 -2.4156512968642354
11.039409011084562 -0.83439556799631553 -2.4303302499596744
11.178712524645135 -0.76351743517078863 -2.4522231312137235
11.314794933250004 -0.69547089723482669 -2.4746358920282674
11.453611424165146 -0.62262167668931945 -2.4962002986989416
11.60419883129072 -0.59690011138478793 -2.531097852782354
11.756742295892852 -0.58632236506391222 -2.5698606439840139
11.907166029825179 -0.56598174100137633 -2.6059180632237902
12.057886677564428 -0.54575530334588696 -2.6420655434212947
12.208999852619714 -0.52776927031800103 -2.6788245322256237
12.35987999390947 -0.5088461450837507 -2.7153345088772323
12.510773118259477 -0.48982479443398858 -2.7518012665072544
12.661700148633001 -0.4710122506622812 -2.7883256812957495
12.812634035582366 -0.45220535007428164 -2.8248342390912748
12.963574731613154 -0.43336446949484797 -2.8613426994231985
13.114361557009952 -0.41415845991757044 -2.8978607521844384
13.265402141090952 -0.3957327109073247 -2.9343791873106033
13.416664175012567 -0.37757718725544598 -2.9709224057662773
13.566571970921306 -0.35589094030289353 -3.0073577644624714
13.717398188198501 -0.33789933532481509 -3.0437951463978865
13.873547823692526 -0.33177893960120863 -3.0807926723417487
14.014255795977169 -0.28079373238932936 -3.1167880670239057
14.13291450268057 -0.17787197872756869 -3.1506665324501104
14.256514795900127 -0.088539533914179278 -3.1849160101464764
14.381862563544457 -0.0025576526820248894 -3.2193645413666054
14.505781871816815 0.086856834603850672 -3.2536680276319845
14.629796032124796 0.17588067757255094 -3.2879925325816863
14.754078319062117 0.26432467591377301 -3.3223333035203968
14.878250469497214 0.35303059554868615 -3.3566749872105213
15.002396072936961 0.44178806619132266 -3.391008903982859
15.126594942081969 0.53044648173627995 -3.4253290883920102
15.250756357373584 0.61915730042694372 -3.4596728252706979
15.374934937580228 0.70784976738410943 -3.4940089878947633
15.499115559296909 0.79653781670388379 -3.5283418774396731
15.623276068415652 0.88525438267098067 -3.5626751463962587
15.74746728728061 0.97393058229490959 -3.5970024641524971
15.871636988999711 1.0626319252579226 -3.6313421901670937
15.995798175862413 1.1513429286042869 -3.6656877177696021
16.119981977511252 1.240029124762192 -3.7000156303592218
16.244231819818545 1.3286454826398411 -3.7342851333606903
16.368591846687679 1.417145643199424 -3.7684562863625928
