#spline3d 5 120 5 120
0.35812321018742954 -0.15274388552928209 -0.097195434277029882
0.17830814194546118 -0.076349227203818579 -0.049111376285535475
-0.00017433000863217429 1.5429272759320597e-005 -0.00011538916693183575
-0.17793486013013146 0.07630236065904665 0.049353038205924259
-0.35645043047682862 0.1527096669062151 0.098347342652815847
-0.53397569072281681 0.22887141203666328 0.14793885301624649
-0.71301454050645074 0.30554523679248663 0.19664320154473069
-0.8895253612356675 0.38128239255392643 0.24681670306190337
-1.0704495264289662 0.45861140445179999 0.29441731501321328
-1.2435296773699576 0.53322046660054778 0.34661744012799384
-1.4307192947442264 0.61264389764830129 0.39051391595388135
-1.5921096624190794 0.68326631166560858 0.44963224421509607
-1.8018651910215255 0.77044032194072098 0.48006999398167555
-1.9176285083554394 0.82545468731239058 0.56680141786188465
-2.2248415430948754 0.9456857866945213 0.53699786554714524
-2.1313678935848008 0.93040084282340474 0.75789597921244012
-2.065179428560699 0.92648750265902846 0.9638038880408224
-2.0476975140480249 0.93452152635859076 1.1314606915015082
-1.9495754494604909 0.92371677300833077 1.3658483286773602
-1.9788788701919005 0.94040545497618067 1.4910019144178832
-1.7867277102609973 0.91103397579026291 1.8039651790959321
-1.9816615954029138 0.96238602441417953 1.8089833163646341
-2.2117584081987656 1.0164311624337972 1.7212167489513848
-2.3718205157102439 1.0589214382923098 1.7323896184552137
-2.5836743076839266 1.1103329402500808 1.6725962915315415
-2.7636962120903243 1.1563229036064691 1.6630814023030207
-2.9611743794205649 1.2049671478336912 1.6149525981678448
-3.150923647043089 1.2530919345921523 1.5896351319105082
-3.3434884461348875 1.3003421078427824 1.6472647248197159
-3.5359195063071036 1.3498365004387685 1.6685014109427909
-3.7244508001885639 1.3945458639950328 1.6972634385973944
-3.9227674445346019 1.448643592107794 1.7433120716127894
-4.1014026352174842 1.4842610100413216 1.7370492205188675
-4.3177146969049831 1.5578451817271564 1.8525692163124765
-4.4668144665617229 1.5509708960130613 1.6889223663665516
-4.5947869566155024 1.5480664037177754 1.5326062342707103
-4.7576100039679874 1.5514822256290628 1.4230529697318628
-4.8765346210041924 1.5490444325393804 1.2439237266323677
-5.049271036327923 1.5505726368403745 1.1517565753684236
-5.2555327622130283 1.5496614503763879 1.1174066937497578
-5.4356290005042647 1.550192844832484 1.0389364409746698
-5.631981311004493 1.5498840214861427 0.98777916364791085
-5.8186207217585109 1.5500684001587415 0.92013851339117103
-6.0112660684518069 1.5499474985285708 0.86306513615007863
-6.1996732924995781 1.5500451130429402 0.79790272242113935
-6.3919824772014602 1.5499390051932334 0.74111446344789211
-6.579282802406313 1.5500877320618134 0.67246266023350876
-6.7748671044967805 1.5498476611339063 0.62457004428739538
-6.9551503533704562 1.5502607506232007 0.53687933171892788
-7.1328646689765707 1.549528129307401 0.44578541956090756
-7.3156568312374981 1.550851453204215 0.36333987199727907
-7.4917417066404868 1.5484163888541629 0.27063713539892331
-7.6781608143786073 1.5530350525852734 0.19209105354648318
-7.8459010682636654 1.5438375275685494 0.089367829568536797
-8.0514916767887232 1.5634091214023582 0.034708709414234692
-8.1748160762250421 1.5197948665324932 -0.12405885338701872
-8.3119887858284329 1.4864748273767141 -0.26490421187497382
-8.4489009275782951 1.4536266651268317 -0.40655794195448591
-8.5839254554271651 1.4180972955223423 -0.5499897846065992
-8.7205734398061896 1.3860336704848968 -0.69229530098034875
-8.8561758514754239 1.3491576595207979 -0.83435919011558568
-8.9923541541177414 1.3200508188425315 -0.97846803586177944
-9.1282953136073104 1.277074827453101 -1.1177929982032273
-9.2642055026673304 1.2605171257244494 -1.266767465455845
-9.4005411795500695 1.1925047276338911 -1.3971231914144624
-9.5340938170502927 1.1197963413997567 -1.5272280702998333
-9.6713477552290392 1.0569120857082179 -1.6583478708879553
-9.8055420117426184 0.98725563214285705 -1.7880205763104249
-9.9334149774255884 0.91098018890627563 -1.9279416888880325
-10.127081998497271 0.90797194724008323 -2.0054353999423644
-10.291519608088301 0.87333388945577572 -2.1096849958880259
-10.469437641032535 0.85330895097229764 -2.2018813303060187
-10.641253948217493 0.82608253933264053 -2.2995105973183496
-10.815051265772011 0.8024835994054319 -2.3952056243878688
-10.989945489822793 0.77721376537960829 -2.490433543362597
-11.160391587361776 0.75232225926773255 -2.5885473322881873
-11.340162396101267 0.72819861287600118 -2.6803625406234564
-11.502462761126829 0.70185188813976362 -2.7841991502727672
-11.696545012122558 0.68008257770979286 -2.8657685567663047
-11.83314359971598 0.64952274301354429 -2.9886422186809161
-12.073569356900377 0.63571878588527075 -3.0337338518035502
-12.136204576397887 0.59055873707448114 -3.2231442282615101
-12.155766259397584 0.54298412695867182 -3.4225588872787132
-12.214825221791058 0.49896759809496571 -3.6091087864898252
-12.259728340009836 0.45459567492340569 -3.7902944553810327
-12.28907860433698 0.40580262493659486 -4.0044658064376417
-12.375373065490445 0.36931890441872034 -4.1400160636639027
-12.329648640748134 0.30449222090101064 -4.443263793341675
-12.570039781427553 0.3029305837913458 -4.392736891403441
-12.763554361149678 0.32515893650918354 -4.4063006996998819
-12.971097135795153 0.28141431306423459 -4.3827264800530443
-13.152698903114933 0.36322757702554076 -4.4379739949269696
-13.316883101747361 0.45148604598934661 -4.5114946102857116
-13.496464084727052 0.52216693198251873 -4.5631190969885163
-13.665972904625763 0.60630748185184491 -4.630062172503659
-13.84157044130853 0.68184069904597466 -4.6874930024445707
-14.013589607077904 0.76255263323110323 -4.7505820794534133
-14.187688398487044 0.84022113393879028 -4.8103679882160195
-14.360585395431935 0.91965503978470253 -4.872068470830996
-14.534174865846166 0.99807811094532006 -4.9326561540192451
-14.707367896228758 1.0770719094026222 -4.9938897783702956
-14.880784670298283 1.1557497812062483 -5.0547521788389398
-15.05407482648247 1.2345944740373429 -5.1158365174426308
-15.227442281159519 1.3133583460407681 -5.1767672866221721
-15.400746980055224 1.3921687097261108 -5.2378301077551281
-15.574103276733553 1.4709540916003725 -5.2987783018885706
-15.747427406865478 1.5497631303128299 -5.359797227295946
-15.92078072296283 1.6283571545312534 -5.4209061640334761
-16.094060181737074 1.7081073242371767 -5.4812516521090657
-16.267626797245121 1.7830900157380603 -5.5448665133125692
-16.440084501183872 1.8759217904848386 -5.5962141194789989
-16.616855934949911 1.9013353211510879 -5.6938638596319473
-16.791930380923372 1.9528814196615476 -5.773599024913068
-16.96774910623127 1.9932595924125094 -5.8609550846615761
-17.143225439698497 2.0389286395467696 -5.94467373455009
-17.318858058847738 2.0818374210699169 -6.0303424669570775
-17.494395581838443 2.1263741169676775 -6.1148692865856811
-17.670037069981696 2.1697299095642455 -6.2001402906954173
-17.845527227498692 2.2142087073736683 -6.2848279524383841
-18.020707195305931 2.260707303874085 -6.3685605446086129
