#spline3d 5 121 5 121
-0.26904879549514005 -0.10747720897271962 0.051906081190976304
-0.13450790111098254 -0.053760373772536348 0.025993281727189368
4.5370370763843193e-006 -6.0325471544886516e-006 1.0973032105778397e-005
0.13449828268746544 0.053774913849623206 -0.02601292321239964
0.26898292044470556 0.10757225653435365 -0.052049980932015211
0.40346962105577233 0.16136901753591523 -0.07807757067234071
0.53795737137887412 0.21516319662436018 -0.10410510348843208
0.67244457501392407 0.268956279388604 -0.13013773937823933
0.80693082512984005 0.32275164527773409 -0.15617039713365524
0.94141452845222651 0.37655387791241968 -0.18220217861288082
1.0759006277114576 0.43035204054658871 -0.20823049916858224
1.2103891673711091 0.48414434051868804 -0.23425765050654926
1.3448739324066474 0.53794123342699773 -0.26029251400859382
1.4793611365110102 0.59173691369830683 -0.28632295487419818
1.613856102346573 0.64551992871858033 -0.31234410238091853
1.7483427161954945 0.69930118298519772 -0.33838253849862804
1.882824789361156 0.75310373917354634 -0.36441281621224703
2.0173128626092716 0.80695058099596728 -0.39041123407656808
2.1518100261890645 0.86071813766567162 -0.4164596458632655
2.286285527361426 0.91426792638416943 -0.44262287453413002
2.4207459131927136 0.9684170744443733 -0.46844701303508979
2.5552855653875772 1.0229755148632738 -0.49408197479570343
2.6898694758490969 1.0744851420898691 -0.52142333346696379
2.8239800062756255 1.1277119360579311 -0.54760782809433828
2.9584453793073475 1.1901712648443581 -0.56883225725567033
3.0946866528648154 1.240227133538349 -0.59766524269111054
3.2286845897335645 1.2320126100060487 -0.65779303444972448
3.3596453754377213 1.2057197267972624 -0.72663643299549119
3.4909136183813545 1.189537742620973 -0.79002080463508839
3.6228279144106259 1.1754543214858146 -0.85252450620208275
3.7544929936102007 1.1584492452791251 -0.91652833854451432
3.88607460033661 1.141497613166802 -0.98047045985950465
4.0177292152243318 1.1253027993050808 -1.0440209519133057
4.1493893193758797 1.1088866259657637 -1.1076929653251135
4.281013995599098 1.0923779701340415 -1.1714467722551452
4.4126444367746878 1.0759136589982303 -1.2351638496822275
4.5442997645417762 1.0594198066800489 -1.2988524378704724
4.6759492047746614 1.0430455302419261 -1.3625312538283845
4.8075860685802203 1.0267471783055262 -1.4261897222602931
4.9392195205933636 1.0099000892963266 -1.489963584524181
5.070907017086868 0.99295136190016187 -1.5537965741088684
5.202561385223242 0.97862181608659959 -1.6169973560878506
5.334040826174026 0.96260875428013037 -1.6805042648593813
5.4657467398863728 0.93565492604089162 -1.7467129762088971
5.5982820581447941 0.9316330258720531 -1.8079218592266721
5.7302055779219359 0.9739191271248524 -1.8579610818676913
5.8614280694554042 1.0266646267458441 -1.9052325696433796
5.9928957833693968 1.0682740543665636 -1.9552357456451248
6.1244328596244948 1.1107168425619911 -2.0050663728627547
6.2559185225215392 1.1552655027677841 -2.0543758660097913
6.3873881909679167 1.1993781231156413 -2.1038137701785269
6.518877971122877 1.2429505628615052 -2.1533454423737837
6.650370660162789 1.2864757372174913 -2.2028220922323078
6.7818493903078281 1.3307389654290736 -2.2522984110774904
6.9133242284235132 1.3756810868466123 -2.3018444684354566
7.0449119198241759 1.4166210131871273 -2.3511393822972173
7.1764189381718007 1.4582265857928041 -2.4004585253006043
7.3073853478191406 1.5171518189707631 -2.4509749875580082
7.4394296823196955 1.5526403990167901 -2.499980053391913
7.573387067370005 1.5167380858251296 -2.5439108859417927
7.7072445899574786 1.4569542087612499 -2.5858759390354531
7.8405741107108922 1.4150998538176693 -2.6290751675759791
7.9740196289824921 1.3731042784584009 -2.6723607188024747
8.1075713418353956 1.3276638380282979 -2.715370380568086
8.2411543421180777 1.2826768075237382 -2.7582891069691899
8.3745717239879855 1.2385041662572358 -2.8014876503259742
8.5078690910581294 1.1942095240010091 -2.844821967312726
8.6417313061816028 1.149371042278627 -2.8873731628190242
8.776018265387119 1.1043738813767487 -2.9294900682451845
8.9071795033385026 1.0615034313974612 -2.9757055670377355
9.0394439328420066 1.0176628626536275 -3.0200499885541348
9.1846520389905653 0.96519353572184596 -3.0476284245364167
9.3094577429184948 0.92752232803541501 -3.1043563955843045
9.3805816860049376 0.92509686429212201 -3.2313478501321424
9.4377286920927901 0.93001165847683798 -3.3752793980981455
9.5067988994452257 0.93182577898189767 -3.5037832168802754
9.5747150118895092 0.93718092498245087 -3.6350991735155338
9.6476712799547499 0.9126610288900765 -3.7587031490028182
9.7291884558865167 0.85124759207882805 -3.8676489359056356
9.8098299314801043 0.79510738808168313 -3.9777854283914689
9.8892023763857573 0.74406400514292592 -4.0901555612237619
9.9689026989043565 0.69122568231589721 -4.2020050865070724
10.048817931490232 0.63718881671105643 -4.3132329685211168
10.128703394082084 0.58421399249048167 -4.424928119205032
10.208677734664494 0.53167818055518856 -4.5369139738637987
10.288175739334621 0.47721199467389874 -4.6478805725698402
10.367496733806707 0.42264547536478542 -4.75849784501212
10.449200360712318 0.37554613256317493 -4.8735079096193736
10.52975575532151 0.32273440271411391 -4.9862464391947103
10.596364541926743 0.22666831263054732 -5.0737846702531488
10.656899683324424 0.11396185359526934 -5.1506152469846471
10.719665096753891 0.0081833069322559751 -5.2314795854368077
10.783515337583752 -0.094766635411375172 -5.3142325397417522
10.846473120718745 -0.20027368161377737 -5.3954033224149738
10.909410677632563 -0.30582748925133457 -5.4765438713474204
10.972551514899274 -0.41097642409733026 -5.5580107315876282
11.035658544987418 -0.51585346555260991 -5.639470839270567
11.09872190109323 -0.62045259586140844 -5.720920050454434
11.161795064683924 -0.72674360149097172 -5.80213185444366
11.224910634165072 -0.83403757941258017 -5.883261043276411
11.288005493169129 -0.93120041456539526 -5.9658280830023411
11.350983450483479 -1.0362311226921799 -6.0470627485766872
11.414069132519989 -1.1730189140543716 -6.1239029589337886
11.477721389381458 -1.2469912628506017 -6.2107238065798471
11.540252333989374 -1.1653973183701991 -6.3180848964648471
11.601426902133596 -1.0551709195697125 -6.4273978677167474
11.662676302050899 -0.9815661342623424 -6.5316545343702321
11.724222456305709 -0.90328308847461591 -6.6369924940418503
11.785700933008739 -0.81929344006161919 -6.7430153218346849
11.847083815878728 -0.73663890317921166 -6.8487832269012907
11.908534655631671 -0.65544616953035484 -6.9543820790430653
11.969996253823137 -0.57353368102762647 -7.0600842376422435
12.031406535323306 -0.49143911273573126 -7.1658188683097261
12.092840680961555 -0.40956111540781603 -7.2715167390257411
12.154312509242141 -0.32767757652234319 -7.3772026612834987
12.215768394106016 -0.24575239140885838 -7.4828996734948854
12.2771816026536 -0.16382064932494955 -7.5886112602679088
12.338605353824226 -0.081900989615920988 -7.6943160495050344
12.400070143288712 8.8649696417518486e-006 -7.8000074452741028
12.461637997645461 0.081888934464988669 -7.9056726383179683
12.523367767950035 0.1637221762655291 -8.0112993041610849
