#spline3d 5 120 5 120
3.1503676067232802 2.7690919960639553 2.1043745292847391
-0.10069401783613496 0.62680958443927426 -0.17128355780813787
-0.35731266338484874 -0.15588819394572015 -0.26749592870049299
0.87709392981978485 -0.29173083084002732 0.7559196817274465
0.39993431691865711 -1.2520811233615752 0.52515407582514917
0.36691912704376428 -1.9417083730890738 0.70160830462369639
-0.087852211204542077 -2.880991007898595 0.41972532893994319
0.13053459322571689 -3.4796194069780029 0.88534942848918341
0.72443943491265261 -3.8998876666736453 1.4837593206524284
0.91072698105026106 -4.3969751979895371 2.0604085869322706
1.3649130374767706 -5.227833233243925 2.1797695809792663
1.2868876289913449 -5.7912640926282659 2.8373358860206568
2.1556977504930739 -6.6921119761229839 2.6206489040565057
1.3330122505102904 -7.0792509355437812 3.9817186522972809
2.0096184196740774 -7.4454029804165858 3.3062592327851128
2.7200094902841876 -7.7848295868655306 2.8113259626722726
3.279926064053917 -8.1142443791402137 2.4450035850878926
3.0185934465925115 -8.8193604555264251 1.7072462389415137
3.1321433069048301 -9.3378721631267787 1.242642235618165
3.0999183614062091 -9.8854954687708663 0.48247866503753228
3.0696937660674974 -10.708203215565575 0.36449573600642787
3.1701928455481774 -11.524309373805503 0.12562118537452335
2.9834296534312177 -12.219542417980557 -0.23354320793157482
2.7336408619521175 -12.857188736901085 -0.73165860896809709
2.4872927854626528 -13.529204759863832 -1.0995681862093807
2.3906297155192733 -14.208418036090483 -1.6015812416597017
2.2467917440504452 -14.8336126206251 -2.0383037800358341
2.2891591502834379 -15.60009908853208 -2.5728718105745156
1.5476432465691388 -16.007017522389848 -2.775947337145436
1.0431504407312577 -16.725249496834788 -3.0126369438608784
0.52889857103363169 -17.017389682330034 -3.3822692533664229
-0.12202155658796597 -17.974330927705712 -3.448622484195393
-0.52734685483454047 -17.969817807917824 -4.0142531915453032
-0.68571404398601032 -17.476775550474787 -4.9144089015376329
-1.044719872472613 -17.403201889206436 -5.6008739462930155
-1.0353745732373758 -16.362050909804868 -5.7670204826110636
-1.4458256708012922 -15.729644714118173 -6.4841479631110213
-0.5536508019507399 -15.249928686098681 -5.5457353702277103
-0.24958562382473373 -14.74577314621877 -5.3721340812677862
0.33949763309282527 -14.297622065792956 -4.7737274386062385
0.78250047459043526 -13.689092797316425 -4.4924560909133673
1.3079154573926717 -13.434295664804415 -3.8646140727702427
2.0403108158425014 -13.540673130121801 -3.343945829377458
2.3805377395087786 -13.030128951480421 -2.7252855148377613
2.4130865673312138 -12.536172556082654 -2.0983178753441067
2.7784161327656451 -11.945851507436611 -1.4878845218023689
2.8356436115814332 -11.658053935177449 -0.89835674649572694
2.6770348892614866 -10.925956941478645 0.082166513543028133
3.180166508084072 -11.652615437301233 0.29989058331168944
4.2194756357940211 -12.402006720132496 0.37164347427899019
3.7488366782618434 -12.482132825294272 1.1048046173129493
3.1767252907972883 -12.30341462448985 1.8799491597943134
2.8075614514238234 -12.51275747033924 2.407270388569271
2.3936626106208228 -12.269602401168237 3.3428460995066196
2.0392587809898068 -12.452327214203674 3.9485622079856935
1.6469272347596506 -13.55911631212108 3.4903957607539118
1.3166631147096002 -14.058279388293238 3.7736956009827902
0.87515824077386617 -14.967745734344007 3.3763622279934125
0.72500087300533456 -15.48334499686581 4.1878548606039789
0.52811285577990896 -16.188240018775989 4.4912089129471058
0.19088694096735626 -16.732969885788293 5.1471277785479304
0.49654360717314383 -17.641698287992757 5.1503381610058927
0.42523635627361095 -18.361995785075006 5.4274624531642344
0.79865657949426283 -19.224079070276051 5.5805521091264021
0.21187334173036901 -19.897828160913797 5.7780732828816275
-0.048531014062325975 -20.636715526342034 5.9297021884174042
-0.47572530075359604 -21.33453958149564 6.1310131431238331
-0.75997218828363133 -22.087723956590565 6.2380415630917341
-1.1824098903873608 -22.646288365797425 6.8748502833304039
-1.3727526349085482 -23.502781100859508 6.740594016953132
-1.6699370282749568 -24.179159037491168 6.7342613733821644
-1.694856605865575 -25.214485323926922 6.4336368894709954
-2.4601870987988637 -25.385247762814554 7.0218543266726838
-3.016399182405971 -25.816791303794766 7.4029592898754499
-3.6616234949951227 -26.083270357386883 7.840030837130298
-4.2453382940836386 -26.539789356729948 8.2470090803234921
-4.7845693097384903 -26.873313303210459 8.7006587717044539
-5.3123029200419669 -27.53658432086791 9.0743570557400943
-5.9132377370378979 -27.639236356741634 9.5811189078607235
-6.566582207059513 -27.325056286645736 10.112225834250475
-7.1362778919146574 -27.28421983950749 10.666461195797419
-7.9180355138345364 -27.272484966055142 11.006909595289418
-8.5978578895533744 -27.272371655301416 11.435598645070735
-9.3669071210569026 -27.339901609633635 11.789351778327811
-9.938361858242132 -27.010493824772588 12.316158184432073
-10.563995115583316 -26.750137447442899 12.774376538859247
-11.195600859992048 -26.564748494270614 13.265919734188971
-11.893943864538333 -26.509732336161346 13.704401773898351
-12.528526186972037 -26.366195282262108 14.209322025905742
-13.239876522332032 -26.270217336476126 14.607132307972485
-13.976070343184833 -26.186705979396503 14.974107152839393
-14.645084300640555 -26.035403166337066 15.413076883719896
-15.434471584668897 -26.031235007210999 15.733222012118738
-16.068233943484387 -26.046951541260388 16.191210867849446
-16.985420407501817 -26.03748262220687 16.392030812117213
-17.376484454747064 -26.034777977314182 17.102812231421172
-17.488348562771947 -26.065391889303733 18.059760567911628
-18.311505835919931 -25.950969021395665 18.36097455401892
-18.973410484814892 -25.815993425783319 18.853971953390673
-19.637389745172083 -25.622370794952154 19.279192615010693
-20.292105445432071 -26.295747387933375 19.635582876668
-20.72883278278033 -26.686648305240048 19.95149366960117
-21.633599078368 -27.001095936048781 20.406851760012874
-21.783978690181012 -27.668805361464319 20.615823265695649
-21.675062849123989 -28.552792226677354 20.825406081955105
-21.66360420589869 -29.348728583445993 20.939850744123415
-21.755108196675035 -30.102072269755777 21.248990391482632
-22.32309567439081 -30.47257476616592 21.876730149488729
-22.727139860481412 -31.015058147208556 22.362918339585129
-22.592415663387744 -31.841559484071684 22.636018120021856
-22.654979725654758 -32.575716498208983 22.968439054365344
-22.593510939712001 -33.33861637467858 23.270757273396629
-22.718340390051615 -34.099088919841812 23.624608513395337
-22.350949652362669 -34.841431078113601 23.830394414871542
-22.148453668567928 -35.585806942269656 24.082927129957184
-21.879146440073946 -36.331035270718907 24.317874791399174
-21.643193169767045 -37.075126535612441 24.560841679403961
-21.385129618040438 -37.820218239256931 24.799069473231498
-21.147964227364128 -38.564316739105003 25.041270369440284
-20.939389990037853 -39.30723473265607 25.288419042391979
