#spline3d 5 120 5 120
0.13817362792268037 -0.020517504743061434 0.044330493238571175
0.069213782688002018 -0.0096816621475781968 0.022053344106453671
-4.129080223197736e-005 1.134657337326947e-005 7.2827477028374198e-005
-0.069534901454075204 0.0087918289832591336 -0.021666096786986513
-0.13921036021216326 0.016890084875236033 -0.043218466750384002
-0.20901096230046731 0.024536464396502203 -0.06463933820567859
-0.27887992584535476 0.03196138104791308 -0.085983887602704465
-0.34876023986286481 0.039395267769175263 -0.10730768109569046
-0.41859516268927988 0.047065180792850117 -0.12866643570894723
-0.48832886998840108 0.055191075492610528 -0.1501155814045321
-0.55791013229389907 0.063968439479599709 -0.17170712434820928
-0.62729351241527609 0.073564311958121034 -0.19348833057028475
-0.69644858657516096 0.084079087763235999 -0.21549294904319949
-0.76535779108574897 0.095559603621935774 -0.2377425438068333
-0.83402668313404948 0.10796297661785431 -0.26023564318113018
-0.90247730569288021 0.12118963453020851 -0.28295307805089354
-0.97075082935166512 0.13508237530296349 -0.30585368961137466
-1.0389001174057408 0.14946192575832878 -0.32888044459916682
-1.1069858515543425 0.16414410793802114 -0.35196382330896503
-1.1750692582769948 0.17896769616830316 -0.37502885722456503
-1.243207966334164 0.19379763903226532 -0.39800154106978042
-1.3114447798580571 0.20854667536760976 -0.4208236096230652
-1.3798079119116788 0.22315840782427598 -0.44345549497085662
-1.4482958827851551 0.23761950852823246 -0.46589977977562436
-1.516880986926618 0.25194092357039882 -0.48819945624080252
-1.5854995916601013 0.26615968090360914 -0.51045492455454233
-1.6540568942918086 0.28033085808052705 -0.53281896608748647
-1.7224317028906104 0.29452542120703235 -0.55548998032391272
-1.7904886947243506 0.3088325677674108 -0.57869407878382528
-1.8580933797438597 0.32335542592313665 -0.60265976697451729
-1.9251422788537247 0.33821874511140643 -0.62757037792046766
-1.9915682488357866 0.35356100019327746 -0.65355299139300216
-2.0573773260572432 0.36953927278659493 -0.68061884468199907
-2.1226337249188703 0.38631768814287265 -0.70868530406621799
-2.1874679113414763 0.40406091532925342 -0.73756147007394357
-2.2520443785821338 0.42290475626425528 -0.76699644775220677
-2.3165389522472211 0.44293485853203285 -0.79671350415607789
-2.3810903006268691 0.46410168089943182 -0.82647816070027835
-2.4457869151122011 0.48621735310853387 -0.85611956533637446
-2.5106044951280428 0.50880908975290329 -0.885614835789994
-2.57543375238415 0.53119109750797189 -0.91505375985231407
-2.6400380399003915 0.55235580500127823 -0.9446963971150919
-2.7041088971390295 0.57111795634350537 -0.97490171098425105
-2.7672795785525777 0.58616103003378817 -1.006113760517201
-2.8291950497769394 0.59625044018624018 -1.0387757545671794
-2.8895499541355028 0.60035234560658035 -1.0732829991271176
-2.9481751016199444 0.59792602581080856 -1.1098793585778506
-3.0050244514858453 0.58886922717110146 -1.1486676929204538
-3.0602394647486348 0.5737407928709306 -1.1895284229312273
-3.1140646528641409 0.55346106138800344 -1.2322129905866925
-3.1668431803098387 0.52929623828674699 -1.2763340810929231
-3.2189276040290316 0.50254790490577406 -1.3214625177226964
-3.270637854125956 0.47440988011235607 -1.3671608833410622
-3.3222041836028979 0.44577504710897187 -1.4130390135872188
-3.3737609706033651 0.41721542885174484 -1.4587647368373879
-3.4253139900993008 0.38887386242912197 -1.5040963734579644
-3.4767889501250102 0.36062606688518517 -1.5488551226699958
-3.5280287175563645 0.33206771230967697 -1.5929497793521341
-3.5788531214016301 0.30271088399420326 -1.6363392979243847
-3.6290861074868843 0.27206467260773282 -1.6790482114927954
-3.6785886577406748 0.23974257661969553 -1.721141870895623
-3.7272772328549384 0.20551933488546442 -1.7627263078685254
-3.7751309234371324 0.16935439575026084 -1.8039312432735914
-3.8221785198982849 0.13135303492678624 -1.8448971267074741
-3.868503009330936 0.091764373262135351 -1.8857545271276781
-3.9142206096451102 0.050912163577342941 -1.9266164965602814
-3.9595001285624982 0.0092056215478231364 -1.9675523243019877
-4.0045502870912095 -0.032898303791812258 -2.0085945196824588
-4.049646511627004 -0.074871068757337872 -2.0497181629042687
-4.0951199965887719 -0.11612891752549601 -2.0908545280822319
-4.1413618457474222 -0.15603042169831335 -2.1318894623785942
-4.1887940335212068 -0.19391863899123329 -2.1726782132319524
-4.2378409228023077 -0.22915766852197755 -2.2130601134091905
-4.2888569501865526 -0.26124631031999862 -2.2528812202523314
-4.3421116113142482 -0.28982977822079736 -2.2920058447714169
-4.3976913193175644 -0.31485275860651796 -2.330347375266304
-4.455545291303773 -0.33647644196659282 -2.3678612642274994
-4.5154412649029085 -0.35513887044031295 -2.4045656936585105
-4.5770409442736826 -0.37142236232772757 -2.4405286865237961
-4.639921356251473 -0.38600554437310497 -2.4758723867143435
-4.7036251116718937 -0.39955818063139237 -2.5107768686502037
-4.7676854505130262 -0.41270166260056257 -2.5454721960139794
-4.8316501137308894 -0.42593582570731714 -2.5802565918636824
-4.8950836119648429 -0.43966871319400735 -2.6154705796135738
-4.9575878413873529 -0.45417015739964539 -2.6514992589871027
-5.0188014157645551 -0.46962917927019526 -2.6887310479709066
-5.0784342562758233 -0.48613541583604414 -2.7275193504079835
-5.1362844509038599 -0.50371229233266779 -2.7681346772209512
-5.1922667188761116 -0.52231586847369249 -2.8107245814555073
-5.2464423303473575 -0.54184073675257116 -2.8552687433696824
-5.2989907774978047 -0.56213729581449046 -2.9016094853377705
-5.3502206692899996 -0.58301600617164295 -2.9494380857236209
-5.4004971085552889 -0.60427385316119953 -2.9983800145209334
-5.4502149413067027 -0.62571044618262417 -3.0480258643762541
-5.4997454734053051 -0.64714439958162773 -3.097991455585654
-5.5493924632893812 -0.66843480550606837 -3.1479634969990453
-5.5993676624888034 -0.68949056217192928 -3.1977194938362432
-5.6497723749460071 -0.71028063622644211 -3.247140489114221
-5.7005746760418283 -0.73084940437270574 -3.2962196587335861
-5.7516369115579202 -0.75130337305850203 -3.3450324807266778
-5.8026912175082952 -0.7718301796119913 -3.3937429846698066
-5.8534014174357303 -0.79266205470051743 -3.4425559859568087
-5.9033677705650334 -0.81407484948845565 -3.4917067123167009
-5.9521904047559442 -0.83634578497332623 -3.5414231756212176
-5.9995148095701953 -0.85972210753494027 -3.5918985160304207
-6.04508242433851 -0.88438437633158939 -3.6432676302069922
-6.0887618016868297 -0.91042353768320761 -3.6955930001780457
-6.1305837731681692 -0.93781473735712362 -3.7488509000894252
-6.1707011433976771 -0.9664457176377933 -3.8029549504228646
-6.2093981793485336 -0.99610967490034374 -3.8577545080879139
-6.2470146860215978 -1.026559787924715 -3.9130732742289043
-6.2839329932333827 -1.0575185627088264 -3.9687176096260512
-6.3205359049369934 -1.0887081707166777 -4.0244961223310565
-6.3571948643816043 -1.1198590255008274 -4.0802257514161724
-6.3942653905676927 -1.1507130893312327 -4.1357327188569561
-6.4320903136084473 -1.1810215298897471 -4.1908504411477496
-6.4710055343522281 -1.2105405389198522 -4.2454160992561967
-6.5113449657036631 -1.2390277477957952 -4.299267948813541
-6.5534423445873751 -1.2662409149950764 -4.3522443366789938
-6.5976314231342146 -1.2919377880341447 -4.4041836021279774
