#spline3d 5 121 5 121
-0.25571729992127357 -0.063958482027763358 0.061990565234471662
-0.12787159549657112 -0.031975013111971505 0.030964622518697776
-3.5191771542961876e-006 1.6711051138770334e-006 -8.9345272993622122e-006
0.12787971852771909 0.03197491810656606 -0.030949314307414318
0.25577093652267163 0.063948032258652657 -0.061875684285748717
0.38366253456695698 0.095924045835353203 -0.092807049251606974
0.51154600122283 0.12789709440871502 -0.12375439658876589
0.63941703948257345 0.15985511310291786 -0.15471235374053546
0.76729181085986753 0.19181565793130645 -0.18565976360614586
0.89519972481347221 0.22381137770075432 -0.21657141997628587
1.0231467199336377 0.25583887359507801 -0.24745212237981584
1.1510309658745357 0.28779590057020765 -0.27841152092960447
1.2787315063844844 0.31957938909455547 -0.30954298605435859
1.4064675160550606 0.35142382890488594 -0.34059597238507261
1.5346657036378388 0.38374513814906136 -0.37117162872980936
1.6633616689378707 0.41651740375065771 -0.40134761036851818
1.7911860737735525 0.44829149723968109 -0.43257195598412468
1.9165500001677092 0.47766748459679137 -0.46607561584997487
2.0425959389354826 0.50808684889598199 -0.49833373112837509
2.1751025899889052 0.54517134089951047 -0.52398901883678184
2.3135643421931191 0.5874581814396348 -0.54507835099662616
2.4355690877166607 0.61137786936313854 -0.58522565852412534
2.5092721168971028 0.58731248513143186 -0.67169687101665532
2.5423191692240144 0.52621794859581983 -0.79162370703050211
2.5613747772320812 0.45487691179139311 -0.91881939219646425
2.5879832143737032 0.3915601861310134 -1.0377064297221856
2.6207398484681632 0.33346479878629631 -1.1526050032146802
2.6551438382525836 0.27677924476251964 -1.2674162503124209
2.6867900420066015 0.21781701302571616 -1.3837822639971888
2.7121390744706249 0.15274414946875317 -1.5029376502766292
2.7330143865603307 0.081902290678634249 -1.6254691644626702
2.7703743246218098 0.026044772403302215 -1.7429638427570389
2.8477230689429582 0.012796073864346074 -1.8398222127669679
2.9594209418272817 0.040313887110753933 -1.9130600684067303
3.0812555738210747 0.082800437784620762 -1.9751163293216996
3.1963339593229834 0.11851583983234858 -2.0399965873599641
3.3072211397967695 0.1488721841292808 -2.1082990486805713
3.4183911936347688 0.17903586463387419 -2.1771675729915394
3.5313327033711817 0.21121437391122164 -2.2449641182228848
3.644812540350824 0.24423659704286724 -2.3121348858509676
3.7577728892796305 0.27671031231111204 -2.3795429957760588
3.8704636866476272 0.30877642145666495 -2.4471491111752233
3.9831848398834331 0.34083969192511326 -2.5147828252974955
4.0959753156331411 0.37309150151952114 -2.5824364397736743
4.2087361786261086 0.40545796615627538 -2.6501753834143686
4.321531188998093 0.4377396325557707 -2.7178277075477708
4.4346390210442177 0.46974663777683284 -2.7849024139832772
4.5477653551611743 0.5017143138669824 -2.8518818367834364
4.6601037360618927 0.53425830889238224 -2.9202144645164241
4.7715126430607295 0.56754167317051418 -2.9903083965058159
4.8844801981307162 0.59982822374263189 -3.0580037835201335
5.0039052947331468 0.6273966027829776 -3.1143349672294018
5.1298463300810635 0.64989030855427499 -3.1584584204366837
5.2585414034685876 0.67005908110048529 -3.1970006642782809
5.3865589128911004 0.69063424898272052 -3.2365280667307639
5.5135550814423206 0.71202988637102349 -3.278025322318149
5.6405131620073581 0.73349338232956485 -3.3196837880444137
5.7677542684481882 0.75474371494396131 -3.3608327878846658
5.8951345883012305 0.77587674701167608 -3.4017001535856934
6.0224559337371231 0.79704953340078422 -3.4426594513107083
6.1497071504997676 0.81827890758182598 -3.4837514718022335
6.2769630595577857 0.83950366127548515 -3.5248388338945258
6.4042380046707503 0.86071363806880008 -3.5658938716304669
6.5315177757408067 0.88192243033377926 -3.6069412312125295
6.6587901528142748 0.90313962563315975 -3.6480020754986233
6.7860587178839875 0.92435620570709942 -3.6890695898565506
6.9133309875780062 0.94556267703795904 -3.7301291063645583
7.0406098242422415 0.96677023012953023 -3.7711722612502134
7.1678916653851417 0.9879911028505457 -3.8122074922461824
7.2951680225862701 1.009216042533813 -3.8532586742546848
7.4224272093243018 1.0304121666227894 -3.8943567207800731
7.5496718950812003 1.0515736839727488 -3.9354848069533523
7.6769589811507464 1.0728028924184452 -3.976491310389084
7.8043163521954835 1.0941517518996822 -4.017327985192253
7.9316581893700064 1.1154690714036044 -4.0582445088990733
8.0587816933702427 1.1364155150075792 -4.0997422623527848
8.1856500820386451 1.1569787004880221 -4.1417872762193975
8.313071059352815 1.17853243809333 -4.1822500593770409
8.4414756616380533 1.2016337318360986 -4.2203656869168311
8.5694560956303931 1.223734638044937 -4.2601735321285856
8.6931908434020393 1.2385704538805034 -4.3113130063618321
8.809967336787194 1.2425060565500479 -4.3790413468499834
8.9229247526505038 1.241007633773817 -4.4548084786506648
9.0355874760616288 1.2393828500304387 -4.5306341114053827
9.14933720867473 1.2394528799356046 -4.6038872715616179
9.263513769448231 1.2400606239665708 -4.6763739076815662
9.3774135554030043 1.2402105186506553 -4.7495684821736806
9.4911152456321481 1.2400756556558006 -4.8231817754185951
9.6048144642103619 1.2399597979803068 -4.8967593990610219
9.7185930752991503 1.2399674772855642 -4.9701508826426064
9.8324025829834536 1.2400144960279307 -5.0434883782233806
9.9461889436241915 1.2400278164822478 -5.116883447858112
10.059963601848381 1.2400156309343167 -5.190302224925829
10.173738002860466 1.239998232440932 -5.2637149002147066
10.287517510920093 1.2399949382575741 -5.3371175415983387
10.401299093317148 1.240018869550106 -5.4105282648305479
10.515078318249477 1.2400580579294431 -5.4839532521919807
10.62885927423209 1.2400261918767232 -5.5573432013448762
10.742638507653297 1.2398979495507088 -5.6306882500053792
10.856416202525773 1.2398511249079767 -5.7040720904266831
10.970194726047282 1.2401423743429982 -5.7776168746693024
11.083974900918264 1.2406585033326367 -5.8512737817813285
11.197761427521849 1.2402110891562923 -5.9244651542150555
11.311541884756856 1.2384743807108098 -5.9970324819176142
11.425307438866509 1.2380061774380091 -6.0702039494810238
11.539068640769043 1.2421588110965944 -6.1456053150431709
11.652873474679273 1.2484683255968934 -6.2220833560515763
11.766777301021822 1.2382255889810261 -6.2906116960941709
11.880730398556866 1.1977271946853192 -6.3445317137707162
11.994675544322096 1.1368978211654535 -6.3886123935511545
12.108595512192299 1.0739763228799599 -6.4316691332566736
12.222511201281499 1.0168777929001755 -6.4775426219697581
12.336432385646429 0.96165145306225752 -6.524325651005813
12.450360431922872 0.90544368497535899 -6.5706293278142471
12.564293632629036 0.84813663130671613 -6.61639194222853
12.67822506463127 0.79073099945076186 -6.6621070098636448
12.792148289125834 0.7337716079885368 -6.7080507562633356
12.90606665476407 0.67700409059752509 -6.7540949963930821
13.019992872243291 0.62011702768859522 -6.8000687883273097
13.133942240083963 0.56278309389963821 -6.8457893049263312
13.247929888123824 0.50467655042945148 -6.8910747615265393
