#spline3d 5 120 5 120
-0.84447086670583449 0.88771134872157809 -0.78209856246841425
-0.41152021561871482 0.4466095065438454 -0.32078474553871389
0.008048639174132512 0.0033315335818901539 0.056521235870847931
0.3913415378431564 -0.45430335243471953 0.17777795845190034
0.78264483639257199 -0.96241359800452064 0.38482075992936216
1.1665810657264288 -1.4169097441268199 0.49975711376928789
1.507799807800869 -2.0266888631087245 0.52940772283653781
1.907148601835766 -2.4254971126641496 0.67363114918658684
2.1726057998228319 -3.1672662692390392 0.42511672792683158
2.5456005242621353 -3.4464824874204449 0.56250081312012956
3.0251513578560933 -4.2613512044486814 0.20171632791158359
3.6523410915573402 -3.8415809342732787 0.56547640696275991
4.1770863140122643 -3.5739842380838223 0.62219535676219639
4.6258917062822116 -4.5066852992942401 0.22016483561945213
4.5484606640898626 -4.4820182803273898 -0.31361849142295334
4.7051823824815893 -5.2819723313176627 -0.77713498876487408
4.5805439887305361 -4.8020819514918571 -1.5267213166575206
4.6002421214360645 -5.0187808883785925 -2.0206582003242932
4.6692640864756454 -4.891907640646858 -2.9481839355361497
4.9817909506462756 -5.8925794527323578 -2.6192345253507612
5.1078396500348147 -6.1472685941734291 -2.9988450844723324
5.3527709454549406 -7.1558294577273411 -3.0865426878593469
5.0864606414974824 -6.7156521305094667 -3.912300921405067
4.9232050651397934 -6.9063751914910174 -4.4044019571685045
4.5412101725163607 -6.7729106862400918 -5.0379407434190204
4.1804069649933231 -7.0302596361583172 -5.4488079496787014
3.6881217200195255 -7.2652178598915311 -5.864401869198117
3.2695380192524812 -7.7114460372275522 -6.0275936856517962
2.7962634528232631 -8.133829146548047 -6.2138141174082699
2.449778585288815 -8.6581458321343945 -6.1734790825282841
2.0061877656207892 -9.1814135256739 -6.2127669885317234
1.7679224053837079 -9.6859219811263539 -6.0255225798758651
1.3480588757509107 -10.293731834911368 -5.9778201532495947
1.1572643368952338 -10.727061491981566 -5.3469239830518136
1.6085672924072481 -9.7836827895319249 -5.0624239451686615
1.7691282911184032 -9.6163996236148339 -4.6201866490954204
2.138973163619188 -8.9247278830348851 -4.4366713738999648
2.3606865114449334 -8.8001530102093977 -3.7761721297994426
2.7168428497414037 -8.6517560628043473 -3.2772840584613099
2.5576787109880761 -9.3925015139905028 -2.7156019457482667
3.0933516090064206 -9.2337078716099068 -2.1690636015893325
3.2513011879119857 -9.3305850043463519 -1.6203464950935518
3.4066365445401012 -9.4410751175696621 -0.92033755463796418
3.2600400739388955 -9.2192571039865303 -0.35310952328790368
2.9552042505513025 -9.3112022412770532 0.28902882624504916
3.2524228512699533 -8.2111522658787148 0.6245367650550866
3.2117148900664452 -9.0810105037449844 1.2326952965581417
3.4227355417396805 -9.1515110113042137 1.7425257187640337
3.0651678690231283 -9.7927946175736444 2.1872281909997864
3.1759087044656074 -10.002679066598386 2.7537112812528823
2.220251536091904 -10.021147342019551 3.0842975366331564
2.4026153164453232 -9.9382972208295133 3.7720015163041483
2.0675565994427667 -9.8202378794456457 4.3403429636779167
2.6786760064369406 -9.9188167744557347 5.0756353689900227
2.2171621695401424 -10.22042039828764 5.4608079966091312
1.9985799331393466 -10.736816855505198 5.8544904423306674
1.4980042310674757 -11.183999851970553 5.9591082509265396
1.3034407558710273 -11.712180751663205 6.2068299953021233
1.1145515543438984 -12.369130372141743 6.3881517936020087
1.3684001349135804 -12.893420134241026 6.6282991789180725
1.5841903498228089 -13.485866508233931 6.8390386112389514
1.9936753013524999 -13.933894520666081 7.0467191733559273
2.2333811498420602 -14.505930237927751 7.2482916921560214
2.5866968287923133 -15.005609177828273 7.4567558404148997
2.6593760510293443 -15.633553045573077 7.6531242468896146
2.7922721773855499 -16.208983976233728 7.8771692653654357
2.7324623527326306 -16.829007475139836 8.0961255174048308
2.8039182861102652 -17.39016843328158 8.3817255734450082
2.7392638523597528 -17.974674424112919 8.6764065493114249
2.9038594135545526 -18.471450616568248 9.0576595650427176
2.8408039551739734 -19.005868082836383 9.4347586785860162
2.8876515054381415 -19.473025001953424 9.867893195187845
2.4588381750527089 -19.925512097868033 10.225623057055365
2.0135837279355608 -20.201837573234062 10.500303108343681
1.4083667020306156 -20.439767652170858 10.713107764761988
0.84688971614078101 -20.585073208248666 10.914208233274016
0.23412497818150618 -20.731010842812765 11.10765287251904
-0.34387529188756943 -20.827199756805129 11.345632155756904
-0.93206752674819815 -20.923517659324485 11.594642987687077
-1.493946598385562 -20.988825350653823 11.895508518453006
-2.0640166542417102 -21.049159590290483 12.181604552114939
-2.6309279475161116 -21.088457515547955 12.483591547623544
-3.2118029977062066 -21.128773759231439 12.74547872118155
-3.7771543471875972 -21.123834731961001 13.060199802180769
-4.3298794231914863 -21.089642083904614 13.374127039112579
-4.8186267298877477 -20.976096936901008 13.787823089319744
-5.3001928256896882 -20.828206884074628 14.179506554005137
-5.7520693032140766 -20.640388046179577 14.592171039856273
-6.2651233738951051 -20.435532997220776 14.935257057733528
-6.7924220184199404 -20.233183842534181 15.21746225014391
-7.3763725704311076 -20.034427148815183 15.433305623230504
-7.953834509004154 -19.858593932195149 15.616119850381509
-8.5511315889253634 -19.693546776848212 15.818074840089519
-9.1343403364448861 -19.565159738379261 16.019158858520399
-9.7156444559639255 -19.452464458176163 16.305643447992541
-10.250247116258068 -19.410603701411851 16.624156165107379
-10.783646426435597 -19.413215094385336 17.020900640038857
-11.208027636453156 -19.562065301741217 17.463450520695218
-11.602572853012315 -19.783158396141612 17.931150711010911
-11.896343071405443 -20.169119049061553 18.365910723670499
-12.191830365053114 -20.612481050931535 18.713402097856783
-12.419929324092639 -21.197567720647108 18.904892585809865
-12.703847527549337 -21.730922026214898 19.115830756050187
-12.951878271736554 -22.279468275300786 19.332628700563994
-13.331399873780279 -22.638333059398036 19.747986934561673
-13.595988529770054 -23.016212921763334 20.193293501239751
-13.890504316274141 -23.255620362953451 20.691066813182744
-13.956228295860864 -23.684234513078422 21.254687852701856
-13.797635897584055 -24.107820604762232 21.638377803619321
-13.462848258205652 -24.628148519714983 21.953878427956877
-13.20326333071173 -25.132900867159911 22.165563102913197
-12.868670286028163 -25.657482241140446 22.407264253024923
-12.702468090905601 -26.238059754408379 22.599108805147505
-12.415610848157357 -26.780559312559095 22.820767607901725
-12.290201570361036 -27.382309867159861 23.008948737895693
-12.057041058469988 -27.945781611950739 23.21926726512681
-11.948512673474617 -28.553487808348525 23.403792588029766
-11.743404600564999 -29.127288362305208 23.608354369252506
-11.700949042093498 -29.757357076732546 23.775765063234644
-11.769209680562199 -30.425898004155897 23.916584391515244
