#spline3d 5 121 5 121
0.23423771061400545 -0.14032707122907104 5.8259982249156205e-012
0.11709452176628442 -0.070204069495027943 3.2067962991517896e-012
-8.3048004530879783e-006 -1.3837177035475021e-005 2.4011673801420718e-013
-0.11708598596343489 0.070218274494695906 -1.6832751085337432e-012
-0.23415374134565403 0.14046690973005682 -1.203429447242621e-012
-0.35122528916299312 0.21070921734980924 2.4264022390963943e-012
-0.46829819544009271 0.28094929311425926 5.6416590763109818e-012
-0.58537081864498386 0.35118989918368942 -1.8750712952558162e-012
-0.70244265549109097 0.42143178031966477 -1.5995034135699877e-011
-0.81951083247238454 0.491679587448837 -1.290543305428259e-011
-0.93657787601478149 0.56192915045523195 3.2318991649090659e-011
-1.0536491119097133 0.63217215375469715 7.4585281470678093e-011
-1.1707205305787782 0.70241565498306702 -2.8838786907554665e-011
-1.28779374594914 0.77265562160939638 -2.1955232838814756e-010
-1.4048702431763069 0.84288767312594781 -1.6562500268395806e-010
-1.5219443043703464 0.91312211306711122 4.522751314474989e-010
-1.6390115946707362 0.98337391343702607 1.0058346985213891e-009
-1.7560695788527114 1.053652125234412 -4.4274995167813774e-010
-1.8731399420504047 1.1239014761707862 -3.0263803286307341e-009
-1.9902411978602308 1.1940653355661122 -2.1131161139023322e-009
-2.1073407989614488 1.2642111642081428 6.3674818458549969e-009
-2.2243422320550299 1.3346066248353978 1.3568196583031186e-008
-2.3412764058447393 1.405262641693662 -6.8041937308289294e-009
-2.4584099379933035 1.4754634225570253 -4.1830211391455147e-008
-2.5759016354259905 1.5445982264466505 -2.6730648792322278e-008
-2.6932951275104231 1.6136524355637356 8.9984561096622376e-008
-2.8093657582198936 1.6861275591010039 1.8338522801428733e-007
-2.9246232807915851 1.761931932480298 -1.041859389928207e-007
-3.0436095017459044 1.8290612315085886 -5.7778886917071966e-007
-3.1709464559877705 1.8730043357081365 -3.3757210794753345e-007
-3.3063546319666899 1.8917207291978602 1.2897665194026209e-006
-3.4436087915503792 1.9032097416278386 2.4850190569925587e-006
-3.5796454386619101 1.9179840846702509 -1.6152791177621788e-006
-3.7147002313744073 1.9360062995445386 -8.0381805053454119e-006
-3.8497954899995017 1.9541971831429981 -4.2196439366370377e-006
-3.9853207990558426 1.9710991551962487 1.8225783245328254e-005
-4.1209325076444188 1.9876376378149783 3.352739992869821e-005
-4.25643604868353 2.0043779183909449 -2.4385239214223311e-005
-4.3918564823162258 2.0213206352148094 -0.0001113396326066799
-4.5272974434862947 2.0383948345510778 -5.1732690226487706e-005
-4.6628245653684663 2.0555976999975716 0.0002589568414522968
-4.7983863604690358 2.0726859657919845 0.00045670797256985526
-4.9337738757494067 2.0889085022219982 -0.00035149518622371522
-5.0689677345053346 2.1048313320604097 -0.0014925595343244996
-5.2043963660948016 2.1225935402701537 -0.00052472743498153604
-5.3405770790087148 2.1432393754256176 0.0036896608529358157
-5.4770079711965218 2.161326686152127 0.0048929234516003088
-5.6105708658578708 2.1630155955962995 -0.01253715493269587
-5.739396806352504 2.1454785110050012 -0.051608397880916528
-5.8650753538542473 2.1180039414040679 -0.10175778673619774
-5.9905764618529513 2.0915992954382032 -0.15063341124230631
-6.1169697835468009 2.0684088125599946 -0.19590905514312507
-6.2436280637702692 2.0457151766914619 -0.24065047536937165
-6.3701277813510702 2.0222549302194701 -0.28626049479274362
-6.496458932476588 1.9982630712742642 -0.33246008443472824
-6.6227884680606559 1.9743787494187763 -0.3785321198733575
-6.749179147179313 1.9507229757458751 -0.4243514307055235
-6.8755848606668755 1.9270920233517601 -0.47014357519134392
-7.0019802738725607 1.9034081326359347 -0.51599763025841427
-7.1283667667621762 1.8796946735387849 -0.56188876101150631
-7.2547553806176595 1.8559902032680011 -0.60776482924443853
-7.3811501442832563 1.832292940337847 -0.65361318056153939
-7.5075397535185253 1.8085932568161784 -0.69947481990170812
-7.6339250855838419 1.7848930698853265 -0.74535244140306134
-7.7603149721943341 1.7611973581961842 -0.79122192661373858
-7.8867078114693827 1.737504539022263 -0.8370838378705987
-8.0130943642887598 1.7138063230165248 -0.88295876817798613
-8.1394761141654222 1.6901047467127648 -0.92884429790291922
-8.2658607666897872 1.6664056554796935 -0.97472427615820667
-8.3922580700780482 1.6427118139253987 -1.0205751507120646
-8.518661240546642 1.6190191697943528 -1.0664117282430865
-8.6450463104463502 1.5953154660805999 -1.112285489450543
-8.7714184543133911 1.5716041992570808 -1.158177589784213
-8.8978057595486781 1.5479120506644508 -1.2040502385827951
-9.024223741359938 1.5242466941248451 -1.2498926184384624
-9.1506486575001986 1.5005721075803704 -1.2957282199755915
-9.2769996759931139 1.4768138563524316 -1.3416279367997554
-9.4032403660842689 1.4529746604085119 -1.3876047996547258
-9.5296361652500572 1.4293326348742048 -1.4334343420260853
-9.6563834325529889 1.4060206318047785 -1.4790284132372606
-9.783172123992232 1.3826364289123541 -1.5246914630233213
-9.9090147551496308 1.3582109968320293 -1.5710948673096785
-10.033455987837772 1.3326515954935478 -1.6182550221195044
-10.160065303865057 1.3097722040357482 -1.6634329826397083
-10.291418591918907 1.2912785678966923 -1.7055714650395313
-10.422347049803955 1.2706800592596721 -1.7495213448140301
-10.534822702139516 1.2298771194213483 -1.8081249706753524
-10.614516829323307 1.158632605170032 -1.8878643073266352
-10.673779066199559 1.0708004772907507 -1.9786895958838797
-10.730395040481087 0.98202438699241223 -2.0699127573074958
-10.79285069912248 0.89856896204248116 -2.1574178824252765
-10.857640258182327 0.81662734174905893 -2.2438382472989558
-10.921293018937854 0.73349982486067711 -2.3310149115357754
-10.983552826582898 0.6493980955612213 -2.4191777959607599
-11.045369486723686 0.56515973068065228 -2.5078457946500254
-11.107915125884615 0.48136508881810519 -2.5959497910956508
-11.172050435841484 0.39820582201217475 -2.6820630120780864
-11.236831299694227 0.31547418391352755 -2.7668458509208254
-11.297275213931059 0.23123226942604191 -2.8570884072405507
-11.353439647565446 0.14484810828128794 -2.9538892904128908
-11.415728457566281 0.059781870699956295 -3.0441862032706304
-11.505890831178238 -0.014614976457809197 -3.0971219174960631
-11.6263682346883 -0.073986257214883278 -3.1039441681082267
-11.758179893632247 -0.12544229263563703 -3.0898495039716822
-11.887297461489426 -0.17674273200125096 -3.0774548099196974
-12.011219661232456 -0.2306967475720586 -3.0730860718306752
-12.135035340328944 -0.28525948639627646 -3.0697752379846648
-12.260302768154212 -0.33921590675321761 -3.0644203453196699
-12.386179114986509 -0.39275321511673811 -3.0579667938166986
-12.511815138183792 -0.44631689737558905 -3.0517417918069021
-12.637076466822061 -0.5000724307544151 -3.0460851285277752
-12.762339362691604 -0.55385965795993564 -3.0404794827535473
-12.887711258582007 -0.60760155859628795 -3.0347176863194916
-13.013123068349659 -0.66132119986142834 -3.0288815657510639
-13.138516625186579 -0.7150459440046425 -3.0230833944156781
-13.263883348489804 -0.76878409536025094 -3.0173359363030956
-13.389250174920639 -0.82252023196001756 -3.0115607323966924
-13.514627301834706 -0.87624715820237975 -3.005763449682219
-13.640004852417702 -0.92998764707740389 -2.9999960270702246
-13.76537065320036 -0.98376711407905826 -2.994310819938919
-13.890712591291607 -1.0376109728095149 -2.9887604650633097
