#spline3d 5 121 5 121
0.42731274609104281 0.96887995668130222 -0.38486520092557575
0.22973872850694468 0.47889849071874158 -0.16687411580719586
0.0032690881632712995 -0.0011266742798298004 0.0052053445490646061
-0.23754228025793861 -0.47614281629701272 0.15436575599503977
-0.48159013937944051 -0.94983010012360602 0.29794681220307673
-0.70427495221460357 -1.4309338904201294 0.47555145318084335
-0.94811682006692932 -1.9059800926513659 0.62168903955288579
-1.2888712568646084 -2.3467322273426694 0.60940362832885475
-1.6357750189121967 -2.7912767515199026 0.5845922389826429
-1.9537067385741818 -3.2283647269818481 0.60871536050773678
-2.2740429056819793 -3.6596419774244611 0.62773552327713078
-2.6875072160781035 -4.1783471378306034 0.49479971336203393
-2.8712919408184394 -4.4778189904904089 0.74436386154299017
-2.7430062566137638 -4.5193530069393972 1.5716150904919095
-2.7759744511914284 -4.658790100417967 2.0114714611371531
-3.1324533266574348 -4.8959275713033819 1.4457536065730445
-3.4487606384003739 -5.0627862273512738 0.93953449099837483
-3.7316590413929962 -5.2654331880451535 0.57671169366647101
-4.0317276428670388 -5.6931434889947559 0.3488331396768683
-4.3322686688791467 -6.1269885838324134 0.13976026720352708
-4.5992434935549742 -6.5270614116943824 -0.099018982755929227
-4.9197600472144858 -6.9339021212132046 -0.32079389992080648
-5.2804876049840441 -7.3437635101735408 -0.54363397602517949
-5.2190698902399495 -7.8066047614451355 -0.81145203922628295
-4.9917847551975463 -8.2773426510951555 -1.087313105459756
-4.883988502430781 -8.7388920519188975 -1.3534893553389051
-4.7466776633298879 -9.2024358944023419 -1.6229650631649626
-4.5884059356563673 -9.658645659913077 -1.8920965212897134
-4.4852020790064735 -10.142654918560776 -2.1617788200556891
-4.3348282246815018 -10.597843551471611 -2.4315644160061023
-3.9597251343100064 -10.923955967619325 -2.6923779189269399
-3.6089840602457905 -11.284966627302367 -2.9411205103069524
-3.2536750878783836 -11.592346544359751 -3.2215742005364798
-2.8453277653753024 -11.807254082550172 -3.5385366024577314
-2.4497426186818601 -12.044822219764505 -3.843852658599284
-2.0521478292884656 -12.274186969310771 -4.1451576239384549
-1.6620867227833334 -12.537469907206988 -4.4649571116087206
-1.3169905352397979 -12.839765367347876 -4.7546570151279273
-0.98927006306350695 -13.119956095555963 -5.0155747397292556
-0.49712772034973363 -13.423539706138396 -5.4883609379665694
-0.26942731709094292 -13.722280097875549 -5.5989181233098115
-0.60641534547810527 -13.932431677748617 -4.9831232547143181
-0.8262871147565114 -14.194587121035054 -4.4900384802741158
-1.065169509182188 -14.288371803877647 -4.0861144323878831
-1.4526525054785093 -14.252531473003234 -3.6388634496744943
-1.8123200016210488 -14.337090123490292 -3.178569085796016
-2.0256999840279799 -14.003801246627861 -2.7936481073834574
-2.1733422043167154 -13.583589027680254 -2.408100348703563
-2.2687475455512573 -13.60924553552886 -1.8503007205540478
-2.3590413599977431 -13.659938094288085 -1.2875780728331874
-2.4720570415536809 -13.681926017510875 -0.73944039691533847
-2.4876707123429402 -13.501178438757462 -0.22647873049961645
-2.4920945999875896 -13.152235621531222 0.24422524435156343
-2.4704897277534901 -12.961077926382199 0.75255951655118714
-2.3097208885298048 -13.023480590103643 1.3129934045429708
-2.1567204813523571 -13.078257326324985 1.8483949434858624
-2.1489105255847423 -12.842066379820041 2.3325638276817044
-2.2153844790698023 -12.388118407224297 2.8862693534155626
-2.1204812031569413 -12.478682266207787 3.2696528341254476
-1.7975447293840281 -13.130029012632699 3.3578297387775504
-1.5136149657821636 -13.6087998104853 3.5238345336942456
-1.6816168126074025 -13.88959952299907 3.9606969301147292
-1.9559903618226877 -14.138413200910977 4.4324211601748811
-2.113665241479274 -14.431620894113657 4.8444616404741607
-2.3802308802509775 -14.659806666257571 5.315408654076915
-2.5125649917400064 -14.983214378091057 5.7178315545019309
-2.3788828701238591 -15.481852301221597 5.9874854690945387
-2.29610739531133 -15.944509030647465 6.2845844789619258
-2.2213212913138909 -16.410021437548679 6.5707999851287751
-2.1575474668191119 -16.857311741979434 6.8909957451044708
-2.1565552762434019 -17.231961768925931 7.2952061951332814
-2.1914645858831303 -17.595441407958507 7.7321704754035432
-2.1884485036136945 -17.983437928068355 8.1306218833289847
-1.958112099181009 -18.470930988465078 8.2897233642153516
-1.714755340159889 -18.960643518681827 8.4317627467680438
-1.5110825186080969 -19.435360205408166 8.6149409552213161
-1.2918478640816191 -19.916950943215877 8.782004842477166
-1.0664219429648556 -20.393523410831303 8.951591910953411
-0.85799831843050978 -20.879936628124597 9.1173193658253915
-0.64737510599421244 -21.367267937688148 9.2823193266999287
-0.34144617245423692 -21.776707118786504 9.4954948193471829
-0.023587808891260539 -22.175999705701333 9.7163725751696859
0.27527311901790513 -22.591665399822066 9.9280278313349211
0.59248761230111213 -22.987548717074365 10.140720871611611
0.88572885472451302 -23.411304179419702 10.357189530213997
1.1686332480741355 -23.849783228181959 10.575140914008415
1.6405701411489619 -24.06161192398153 10.76550573726025
2.1539381101575445 -24.218443555416421 10.948053221593561
2.6253746615766205 -24.428302185630717 11.137793121109787
3.1106580057418682 -24.618230839616714 11.323998889929587
3.5979172154962571 -24.804137911069038 11.509314342226046
4.0691901609069685 -25.034961503845526 11.708034959335276
4.5789441273057081 -25.156412271527216 11.873542651811517
5.1256152896228677 -25.157382498728193 12.000801700053762
5.6598489325384334 -25.194809493404591 12.139047321340293
6.1928909234339962 -25.235454983411511 12.279778341431063
6.7292894366303511 -25.269060122712965 12.416226025947156
7.2657485036349421 -25.307362696824715 12.552056564911272
7.7958208057772449 -25.333606034451616 12.69931913295833
8.3348227004202595 -25.378529999259698 12.828821742050824
8.8878864812377856 -25.44617718865431 12.938056141492453
9.3454929633026271 -25.325978529087017 13.217783748353938
9.7657248086172963 -25.154874908975035 13.554479746378965
10.20822317330437 -25.020987335055484 13.850797484386698
10.642418868013115 -24.826629265834853 14.157571819732121
11.094726553447559 -24.800928850250354 14.461671370348075
11.559121954121839 -24.924950572457181 14.758624214026375
12.017380375638623 -24.992424901325798 15.056834439778244
12.49244747603359 -25.100023490828995 15.338547636483694
12.925498922018118 -25.095184103089277 15.672820097703317
13.313541909146288 -24.954230545673013 16.053188677502828
13.760732405612364 -24.829622453437413 16.38175873076117
14.09776546427751 -24.789624243920759 16.803579034593767
14.274271949856898 -24.802493051052579 17.348674486165383
14.462419772059171 -24.770061569376367 17.888771938116918
14.840423113172474 -24.891175720168775 18.25733964769757
15.29639964999399 -25.096522135335313 18.543040591354593
15.703155204863068 -25.254261295775191 18.875548483111778
16.112199415025518 -25.412355541712405 19.20745578278045
16.553851507902355 -25.601749644682023 19.508441420254709
17.064469883696688 -25.858555703129809 19.74304640490692
