#spline3d 5 121 5 121
0.84215187383279277 1.1641937373326747 -0.5129669771687706
0.41203132431018413 0.57533989456963164 -0.30433420535604122
-0.0021303272524211452 -0.0016113192099909575 -0.011281616268952747
-0.40750239810383754 -0.57187692020237779 0.32858201868636649
-0.82192762348919191 -1.1492629260437361 0.62185273162053489
-1.22774652616369 -1.7192520960759825 0.9568422866096139
-1.6295232259248869 -2.2886108795222171 1.3208609531877769
-2.1352553317293523 -2.9352309856883165 1.1463458769258645
-2.5612177858771554 -3.5566968075771461 1.1538059218322441
-3.0558319706308459 -4.0333978791838856 1.7443985569065965
-3.354776551204588 -4.587989789788411 1.8767863553599164
-4.0738489375637217 -5.06192529219659 2.6337909180245487
-3.9922110747159159 -5.7117102531683965 2.2937378840242921
-4.153279899130113 -6.1254909262199924 1.2863254604155236
-3.8342287970547786 -6.7876513086012142 1.2088891489628451
-3.697127151019298 -7.4805172848872719 1.107377961544983
-4.3987377189015371 -7.8407278277314028 0.36298222437883149
-4.6606505483753313 -8.3898118061088169 0.081903095524500064
-4.7656838678475166 -8.8996209229234911 -0.61377301243172255
-4.7996106025735141 -9.5290202343513837 -0.9684942171734694
-4.9799170369911616 -9.9380845738610262 -1.7907871083488327
-4.9464904189940171 -10.736394848980058 -1.8501961133970575
-4.7408732104735325 -11.434895110034477 -1.8746397934019234
-4.7860332520099034 -12.347320494040842 -1.7925666888922789
-4.5572050821560648 -13.001298019249973 -1.9942318622843549
-3.8649118223095149 -12.476721888778203 -2.8969240627693025
-3.5703892284409156 -12.907290708287618 -3.33015684526208
-3.2303653962505328 -13.307906541739968 -3.9980890295370903
-2.9838214442869666 -13.821989754953462 -4.4828016751250255
-2.5876837977342664 -14.070285417768659 -5.1120321118787588
-1.9859306457215238 -14.241986618338045 -5.8594037519754707
-2.2593037337772386 -15.140045403177322 -5.1298440575873281
-2.1178183952662004 -15.890883371612365 -5.1065291723840627
-2.1722741974423538 -16.683080186433397 -4.7321243124182217
-2.4965468952934033 -15.886400367012206 -3.8986895509799115
-2.7105491609355381 -15.535975223857877 -3.3847714479354263
-2.9218604706822453 -15.485463325026117 -2.60576475341243
-3.1080769770566308 -16.024670024054291 -1.8850543144968051
-3.2722103483173655 -15.391780499640694 -1.218950873917465
-3.3591019332740029 -15.237523759922606 -0.42441730725515336
-3.9776026913835336 -14.530407580667234 -0.362364999909146
-4.4207175939227161 -14.06943283800199 -0.011738435990133791
-4.8772360141546267 -13.440498845181924 0.19815114900141667
-5.4264944501271213 -13.022048092681796 0.52678805350908242
-5.8007116612588954 -12.258084723487952 0.69136738929448704
-5.776958646595534 -11.673797075922511 0.97862778822958074
-6.2999445841134563 -10.648800243705777 0.98631574683263223
-6.0804814300196286 -10.407630087085865 1.4885022148382401
-5.4676055496388694 -10.850241266808421 2.228160030300756
-5.1732075513438636 -10.679433176558776 2.874683209365128
-4.6796035295086043 -11.048324731394899 3.4109653490760619
-4.0814370791870287 -11.23398983171878 3.9213903613551153
-3.5335766779648723 -11.483520574500561 4.4902576360081028
-3.9331769727660424 -12.502926194677583 4.1644845383220925
-3.883775481925098 -13.144673681850891 4.3077176111839837
-4.0957685163405451 -14.001769865642093 4.0461776016272175
-3.9297045368973307 -14.614063700228739 4.6630939319838562
-3.8562111192465216 -15.308080339889074 4.8851570454073592
-3.7929266816748926 -15.953432045436646 5.4274582266850313
-3.6894613710939006 -16.658868119920044 5.7081499674316669
-3.4284799108763178 -17.340342433691472 5.0947967634196427
-3.2549255810782163 -18.010866339839318 4.9121767810723158
-3.0312160868308591 -18.705824461898775 4.6008478783845916
-2.8501036042257697 -19.354059489937292 4.1732683427921877
-2.6049905598001266 -20.102842282282758 4.1870442253309799
-2.3456275913236766 -20.82584527469621 4.266873549485803
-2.1311725717958772 -21.581892678716219 4.2193008654907489
-1.8268715210829765 -22.261494537361035 4.3282241650363051
-1.7061472936911752 -23.109311742490263 4.1939294102529283
-1.2257313314935019 -23.623214050940131 4.4925376389186491
-0.661453514599745 -24.103018621226276 4.8245444991511821
-0.21382865939856999 -24.596471687508885 5.1211244496677297
0.32711499286160695 -25.153820256294011 5.4068310966009649
0.88390280102393537 -25.56970458334543 5.6661293429968254
0.61931723625803758 -25.95404547326579 6.7733945013218619
1.3675595624542889 -26.15155694498312 6.9106322917104483
2.1808361269741661 -26.168077993137199 7.0052677475498015
2.9448514809616819 -26.296239559285109 7.0702901306730812
3.6691110939729921 -26.37713067830374 7.27361261367684
4.0167326457121888 -26.628587041428307 8.1020581624753838
4.3796848488200082 -26.722074473979909 8.6212392678522178
5.185233941989309 -27.078279346536831 9.2032725238443494
4.693117414866677 -26.789429306893688 9.9762884394119062
4.5571190704809004 -26.599825203374682 10.736345131788381
5.6206498424376523 -26.425481345327938 10.947317460103299
6.0685166835353881 -26.239304467725081 11.399179391360429
6.7832251765722873 -26.041704966309858 11.793050532482008
7.4624401421191564 -25.910237127244901 12.059968806406015
8.1961780182296291 -25.765990195321915 12.315533968314083
8.881861796748499 -25.628098770824469 12.623326790598638
9.6171622905424616 -25.478149060570217 12.843428145226666
10.296213601883139 -25.346912986616726 13.191327619766982
10.89413969474332 -25.271932614810151 13.684177590307399
11.600039569733251 -25.11537806269553 14.00338993730967
12.145364116507652 -25.089576032691454 14.561708626907349
12.678895137782243 -25.13127418623224 15.116573974222115
13.216809352806083 -25.09154471268193 15.675227192897131
13.742195323784065 -25.101073305821593 16.258550987840135
14.517986700736172 -25.333266846737974 16.432644065433877
15.148570793834351 -25.508201780473254 16.808206088681501
15.900853229170618 -25.622022710217834 17.057999832346312
16.498013265174166 -25.916302684390502 17.430255922911069
17.082303991041329 -26.285475772816394 17.822591334332884
17.612987582261837 -26.628708827528246 18.190917111067325
18.398691002771081 -26.855571581306151 18.564823241514397
18.372508370854817 -27.588426485719371 18.993705762106384
18.494584864088406 -28.222437411363519 19.402536903592285
18.6251044166147 -28.845402469789068 19.832805991172584
18.613198113796358 -29.561195916454956 20.17642658906308
18.554758304052797 -30.220146640429196 20.528466133433401
18.67820287284755 -30.934660375296165 20.907298330466972
18.536415421245152 -31.596141115272161 21.245540935904515
17.899297839309593 -32.119371405646802 21.488577501673102
17.596476748064624 -32.728356381687831 21.786996928459708
17.098461177284662 -33.286759345610747 22.055398314156623
16.560105257058929 -33.850159817933672 22.339249723110878
17.046410035518761 -34.595547815489674 22.628396910909167
17.131108904222543 -35.262548739898548 22.913074806740699
17.369872320751799 -35.963061078274912 23.200415136378908
17.571687021058509 -36.65157923540842 23.486069865073667
17.738136039538972 -37.324089636975032 23.768770438532556
