#spline3d 5 121 5 121
-1.0110018023295071 0.62046671490462912 -0.35707268986670571
-0.50549892519267392 0.30443222183789387 -0.18790045811670283
-0.00053672461276084416 -0.0012106114800568498 -0.0010707075459451599
0.50630381710733841 -0.30171740938285918 0.19092775217516342
0.99855281334309476 -0.6028898711239461 0.40506677161571331
1.5334069942446609 -0.91276648610443811 0.53683584684008623
1.9491063900034964 -1.183839593854094 0.92597256534559724
2.4137890207788635 -1.421668307968567 1.2494070156728243
2.8180945179175789 -1.7341285253791374 1.6150545348637668
3.3091993438218745 -1.9457058854365012 1.9292689419754347
3.8800083097662577 -2.0215092272189854 2.1572248396588503
4.4528484405544537 -2.1490682467279703 2.4124882164174002
4.9292141738116477 -2.3026014644536756 2.6985382890041207
5.6040481155215796 -2.3575763627447479 2.8904072002611167
6.0579638060699166 -2.5467941754164642 3.2313354870789799
5.8183997695886491 -3.0205020279078898 3.7076548256353941
5.8838572609613573 -3.3907466418326133 4.5625745834737668
6.0211919323057623 -3.7138740790952895 3.7355515138552202
6.1716284502067227 -3.9246350817973372 3.2081164510645079
6.2950495468179302 -4.2963206829237119 2.7418412698463022
6.4063666617927142 -4.6490238028678474 2.2294906474423368
6.4680680446673913 -5.0156342793978288 1.7199827784258408
6.9976124124740195 -5.2797852142490216 1.3821038525235039
7.2739641026944089 -5.6054540149976404 0.99798784810798624
7.9282833002233133 -5.812618100521215 0.59603710900598283
7.5119595053665948 -6.3743255960624063 0.3024612971942639
7.3185399718249249 -6.8299796921721931 -0.015750061301170001
7.1303753084014359 -7.3540632864760882 -0.32853460589764005
6.8623928707076791 -7.7783489594685928 -0.64718710118979772
6.7146423531410484 -8.3485565367674521 -0.94651791076968173
6.4583916573594928 -8.8353859452507493 -1.3042296940639184
5.8548713401991241 -8.4884552605559271 -1.5049239393742722
5.1939404596930698 -8.213661840963324 -2.0653450729096199
5.1755645718379162 -8.8711178874398318 -1.6304587186115398
5.0643589123999693 -9.4567334229491724 -1.4268254459464518
4.8970984274659779 -10.112528925949372 -1.2219883018603863
5.115445542654971 -9.7152546689181918 -0.43658492661276438
5.1711870835853064 -9.7290760244968286 0.085035444237186536
5.2960007097597135 -9.5997815148034569 0.73452184726145342
5.4025032896169414 -9.2767459768691083 1.2141850984898055
5.7016087834796068 -8.9795922818846456 1.7984789337609823
5.2506750752235121 -8.7964258567905738 2.2550904580290374
4.905591491307419 -8.5188951352431594 2.7236718779440094
4.5419890789045754 -8.3314475035128215 3.1567927189347285
4.6922054138028155 -8.3689369544630665 3.8853043919681438
4.6316294777730711 -8.2649040295687648 4.47180424522963
4.6720301203217831 -9.2999597050524887 4.7350755003783451
4.5725459699002737 -8.5648064384031084 5.3573706760861501
4.4669785549703898 -8.3695053188062012 5.8412497680178683
4.4336327893359 -8.0157448127640158 6.3710969136465119
4.3301861440178584 -7.6096116911948766 6.9093299139847639
3.9501894702138896 -7.8624898345499279 7.3481829651471786
3.3113782268918954 -7.5827280519436586 7.9212334937921005
3.553086790682094 -8.053144226559743 8.259936099198077
4.0170610232694095 -8.5689117598723712 8.5175141911513066
4.1240939625135722 -8.9347980520355872 8.8897514487707188
4.672715547212559 -9.4657352889904267 9.1102148728019241
4.6217340203670076 -9.8217026869473187 9.5705560030414176
4.139800941102374 -9.9793157349356605 10.1225763944927
3.9533319794852719 -10.285679978211068 10.637682600326908
4.4620047605432402 -10.85586152894097 10.779403972166049
4.6808280952361132 -11.289600866503138 11.082993490474212
5.0096438475101221 -11.796620183192964 11.302062342545867
5.2875345102748419 -12.253807596447327 11.555713090475463
5.6634367492393798 -12.743144467692952 11.939783172261286
5.6249563117626344 -13.319126586866847 11.430141942201809
5.7449339379516529 -13.851731179427473 11.219377044903572
5.7578035578142748 -14.395160825375827 10.904771823120866
5.9175549493736384 -14.951961816830657 10.641561455955751
5.850855676072289 -15.47725180950285 10.326638700526066
5.5888667427981353 -15.960694491500352 9.9984853710507728
5.5135897830643898 -16.470372971665277 9.669352379505435
5.2029933213474671 -16.965760746365039 9.3716897360727174
5.3459794753282059 -17.473242858749536 8.9877003814901038
5.4232026891566791 -17.975119323907279 8.6756809150327641
5.5039929533008101 -18.472678266612871 8.3010871788310752
5.641014360077663 -18.989146402961261 7.8139098800806988
5.3620006203085362 -19.472690101702845 8.4858804343189487
5.2355854381411886 -19.961156029919778 8.6985942546939299
5.0697750415045064 -20.452638566976514 9.0937151660964091
4.907421549228534 -20.940643689083156 9.414676893219152
4.6138813902284035 -21.413243433362318 9.7106012679084657
4.4226213882342291 -21.89912260660094 10.03361241033922
4.1225298714867646 -22.369268242716704 10.324170171825392
3.9505401448471109 -22.859348404576775 10.657024965264341
3.9341394113771426 -23.374533237931306 11.017061054265021
3.7977572859991668 -23.861167583215131 11.374461442117346
3.7781083977471046 -24.391000885036345 11.695820311800102
3.5869831480357943 -24.843259203213343 12.120267416655842
3.2888022432941666 -25.157854411832886 12.486489379329349
3.2774723638368712 -25.810272862611374 12.996405229794124
2.6329246446624079 -25.709484865707896 13.153019341443782
2.0131690186261442 -25.62434088889832 13.305252952794454
1.4523169593401672 -25.61885733477628 13.503313881505971
0.84141561838452794 -25.546888391402163 13.665300904220246
0.25999875086126401 -25.516080411743921 13.847958935126227
-0.33199915424911691 -25.468855637281553 14.028589731496519
-0.93860918176343044 -25.394664543231492 14.168895081058128
-1.4681378482667085 -25.483362254562348 14.48930972962139
-2.017857865148454 -25.577371658127984 14.771226137837509
-2.5569840976532929 -25.581490319024585 15.048811720657053
-3.1104995612140525 -25.760057209269352 15.34934240005593
-3.6466512814540062 -25.69939581608558 15.616831694223492
-4.1359649148012272 -25.32502629679788 15.854761063713195
-4.6564862459690968 -25.114919477471936 16.09103756883745
-5.1513779743035801 -24.881441846640005 16.369092362177199
-5.6770118228963407 -24.538953091604114 16.547571490492235
-6.1631850286109762 -24.437463167206808 16.897610002329216
-6.6020564971663775 -24.521176972569329 17.368712166813836
-7.0971308826261961 -24.475833145042561 17.723574320363547
-7.4908382489085694 -24.489741037796879 18.218571600172254
-7.9033650781545317 -24.510991825954076 18.664258964320872
-8.3113683667172786 -24.422195069319201 19.155292527901366
-8.7323503376386977 -24.676273362525581 19.550318390560346
-9.1509894125802074 -24.865162829082205 19.956862195812718
-9.5659311581355979 -25.1494252035193 20.348357137157684
-9.9971330192906489 -25.111718928784512 20.804928940872188
-10.422790631857076 -25.099177145664477 21.254230023762371
-10.849982338893259 -25.125225732919219 21.697108137933469
-11.277359452877661 -25.087568401883615 22.152168962900873
-11.705429672789478 -24.924807643135409 22.631396750307431
