#spline3d 5 120 5 120
0.80954130237266408 0.9365404337339408 -0.31642152326039874
0.41680914597538193 0.49554432446612079 -0.041139323584123547
0.0031532752942117917 0.0071918594119606645 0.030815210262146862
-0.42394551521510454 -0.51181360723256497 -0.028539778073544884
-0.83890994797659701 -1.0028704806285411 0.032904998201599457
-1.2657507445265168 -1.5236598139655 -0.034897799271564528
-1.6891989803325378 -2.0236367298160469 -0.012018531895046813
-2.0337487480079521 -2.4145323056181405 0.50497365705065977
-2.4324594303099194 -2.8602543836481784 0.71373323020583612
-2.7826009311739748 -3.2856641285210788 1.1356838427066467
-3.192291050877293 -3.706314027203597 1.3665501444125359
-3.5146844473580332 -4.1557028338504445 1.8239110153198528
-3.9577289450189768 -4.5538869445054386 1.9800757111097367
-4.5714033265189222 -4.9090306345324688 2.1547935100224183
-4.9933071253095243 -5.2908892302972497 2.1925832895563881
-5.6331006824697756 -5.6529913991411211 2.5262445418786195
-6.064527205707634 -6.085966959959447 2.5005587439701236
-6.0678164334305515 -5.9912877684691175 1.4255986331103185
-6.2997445598973405 -6.3977648667755469 1.1287396177885964
-6.324057847165439 -6.9745642990514476 0.64626415288991479
-6.4570106957833495 -7.4351265270436828 0.2813492866183353
-6.552667535384388 -7.9563065227970018 -0.1767509582473008
-6.6745554117779529 -8.2487721692723941 -0.72372044556078474
-6.9037760144803917 -8.7886895140047283 -1.1819571767280654
-6.6622303983165674 -8.7661664696192467 -1.877737244503306
-6.6181418636104956 -8.8997275236082007 -2.5091838831288156
-6.5195079869953156 -9.0329939592407733 -3.1552607798038896
-5.9417603796728864 -9.1926031551261342 -3.5929099482693552
-5.6172344112523369 -9.5849472615994262 -3.9707944678783011
-5.1586715623127173 -10.019156598782946 -4.2148871012086566
-4.7951467683243578 -10.426611169160454 -4.604876936930018
-4.3162781529642258 -10.786524721117374 -4.8297227529913576
-4.0916034609753105 -11.357524528027696 -5.273822150628793
-3.8580966338624778 -11.845534930189134 -5.3675886007359406
-3.5394187621984949 -12.388825600771211 -5.9887114731418816
-3.3206967906591554 -12.956697297557783 -5.9914926755422711
-3.4611755369938275 -12.920775409592942 -4.9355832711800121
-3.3816390986484275 -13.402883442957734 -4.5680328170386479
-3.4391609456534269 -13.285008489188009 -3.8274681303870874
-2.8611944955401558 -13.416417981480647 -3.1741781597011363
-3.5306718141903826 -13.128210005261545 -2.6929479448003026
-3.814765445882168 -12.961532833246668 -2.2759661592163409
-4.5214929703679072 -12.645711077338087 -1.8473893140906599
-4.1571112576628328 -12.70399425992931 -1.1928706474825546
-3.8674053384489326 -12.847288005777916 -0.37580944269709055
-4.6080825864706281 -11.940641143555156 -0.51468883891725448
-4.609766814275539 -11.706528249434474 -0.11942702818718588
-5.4271628674799244 -10.834489391582363 -0.21410155452262408
-5.0847994440733686 -10.784831676879381 0.34414546054022049
-4.6213317515577019 -10.914213386641565 0.95380452751694111
-4.3390112132751133 -10.800447791680886 1.4529959172105906
-3.870439019814115 -10.841110906882323 2.0357772917339068
-4.104789304313468 -11.258440840778169 2.6312444544869935
-4.0385655777720233 -11.499402421174869 3.2278879322489722
-3.7389524015217512 -11.98939783131984 3.6279078311886712
-3.5936117298125922 -12.429853261628308 4.0746064212691575
-3.3284014851524835 -12.838981184235521 4.5622706117749292
-2.901081409481391 -12.886352243289934 5.01779927645185
-2.4110416501294467 -12.865746013914988 5.7247560145175846
-2.3971588291732555 -13.706309553592245 5.6616534196210297
-2.3112986262653448 -14.264370973763405 5.8875918218181278
-2.178738325220245 -14.967337091532322 5.8732027858273179
-2.154461163101447 -15.536103952252875 6.1848932990150569
-2.182591143659288 -16.054538551280942 6.6206095512206335
-2.1589951001082901 -16.614617944429554 6.9451319099032762
-2.182967057546283 -17.153937726618413 7.3376401176425947
-2.1483775121506739 -17.691132788548593 7.701918270089732
-2.2166853623249025 -18.266834058521557 8.0471684912567447
-2.0514939574109179 -18.717018677380054 8.5077412727930177
-1.9536957841932932 -19.175314072375013 8.9684176477366844
-1.8290484748133924 -19.63559456422476 9.429327561649659
-1.6845534982812087 -20.260890945815838 9.646080095394467
-1.5292026933217813 -20.799616655820408 9.9843268884158132
-1.4231697802351448 -21.385622177935375 10.264268082628679
-1.1974737064701912 -21.942296751535704 10.564701539284124
-1.2538767041760421 -22.523760938815492 10.8811842984765
-1.235227766612081 -23.102376385371603 11.205583965765305
-1.2236987940485173 -23.655524760279405 11.513040855743393
-1.3553287738167463 -24.31879830901627 11.856272710734617
-0.59515311900291712 -24.534876470439706 12.103066094652492
-0.2419726308866206 -24.958632536665238 12.379041780958261
0.32800037843355029 -25.239963087266471 12.650997790787295
0.74705973021368 -25.679497526142612 12.911270677355564
1.3179519894509981 -25.882300198103234 13.201526355403258
1.8697634210752709 -26.077204211810777 13.492505301379666
2.4206294961955477 -26.288324767269501 13.782350928809489
2.9747312468559124 -26.50438453091158 14.072464374184511
3.5314722921184294 -26.691844896706851 14.350725388013037
4.0497282894842259 -26.902687033851457 14.729417421532547
4.5929502767391313 -26.993236378002397 15.048888104225204
5.1099968350158163 -27.346343104442745 15.415974292388483
5.6708590691708594 -27.195729900554561 15.7275248634585
6.2678791764074262 -27.021070352479885 15.995394215060687
6.7905997441617156 -26.895248379804048 16.337774813058729
7.4221681624631479 -26.758639701609685 16.575896478474686
7.9530045200836588 -26.608059487138885 16.920996804429873
8.0770843086475104 -26.27178234028106 17.547623556023343
8.3515524815031696 -25.955794483352161 18.120930247265143
9.1158913771370624 -26.07202683840368 18.194153820197474
9.6847788496093763 -26.027975615517608 18.440015138291507
10.336742237804064 -26.045133569018482 18.630462461592231
10.938426706671125 -26.027211645839795 18.837902597693816
11.644606341748295 -26.111259825244311 18.983688319316276
11.863827238277208 -25.617062225939332 19.603756180415168
12.346015145357576 -25.516391884122882 19.953025471879975
12.600276339100189 -24.952869006909633 20.52781743116287
13.241673694600282 -25.302513181020604 20.77031625730304
13.789724945076838 -25.392977698373507 21.095200072647739
14.305026491510844 -25.610137093030133 21.412274862478746
15.016755131122993 -25.64284395119985 21.668554522768808
15.05198954169736 -26.219772014583736 22.188292772378666
15.325937365409981 -26.590852871325897 22.597502919681794
15.620588633257235 -27.004174066397397 23.139519454570681
15.190669903830848 -27.70360663830013 23.161572660643593
15.128089296001143 -28.212431193428323 23.481521680101743
14.782951782633866 -28.964390943630139 23.46359928244048
14.928335850786112 -29.095863847745129 24.295945098452457
14.847041072622915 -29.479475266534187 24.748855215478699
14.902453665415759 -29.742804032349056 25.412305454626846
15.185968284937871 -29.796507940115589 26.439656410296266
