#spline3d 5 120 5 120
0.69595376668069464 0.99102797709063228 -0.2854284591993721
0.33628252937849379 0.49995021090991826 -0.15822283528422346
-0.0027975014929034654 0.0010573417292787672 -0.0037173555913816046
-0.33044100521096692 -0.50215238092086456 0.16602074061651234
-0.67250412902349332 -0.99990459093706618 0.31692576493194041
-0.99602443076645397 -1.5045869765267077 0.49194529965263784
-1.3341996612119158 -2.0040082690440602 0.64872512167287189
-1.7417586854873 -2.4765699178213842 0.7095674952303771
-2.1195277345852124 -2.9605177442018649 0.81787420835539859
-2.4994421860690568 -3.4432751537297714 0.90242824732582727
-2.9085412103618586 -3.9171975739738167 1.0061926372513625
-3.2246638231840969 -4.4170511467762879 1.0718783274726236
-3.7907298120302131 -4.8555802425875747 1.247544135615515
-3.722039602189207 -5.4307574854416139 1.1002345241845981
-3.7060786889649031 -6.3265455635411918 1.3009742072146049
-3.7553976866823295 -6.0930635732149474 0.44698845926285796
-3.5476120036976919 -6.8619090266738034 0.31837913829853642
-3.4277940660105166 -7.3620372923440769 0.044862329712842465
-3.3078282115549644 -7.9063688602632274 -0.24702579348317541
-3.1181013246459561 -8.4722785516080972 -0.46571941593267407
-3.0755720058055269 -8.9929949041451458 -0.79820806524818622
-3.1152611309099547 -9.4971226850277315 -1.1853335913540548
-3.092654891706895 -9.9969244946090789 -1.5201912635724373
-3.1009652582860636 -10.571223233601938 -1.8789398739430807
-3.1072425988423742 -10.845680878154919 -2.3274085873797552
-3.0759031871086631 -11.005901587695099 -3.2866003658945684
-3.1615771160363559 -11.626176786087463 -2.8581596556611175
-3.2783916745293094 -12.080566777556921 -2.4217698924672715
-3.3235589641958265 -12.671732075015123 -2.2053841192936257
-3.4265499342044206 -13.195549822271621 -1.7959633854697643
-3.7890696574084637 -12.929529227510477 -1.1688392708803466
-3.9654704549452373 -13.111479667871482 -0.58472545221976824
-4.4561645732045898 -12.786759488429908 -0.20127602374774867
-4.8218797198303713 -12.667671037114907 0.18546799530148203
-5.4304230786975438 -12.132595478206316 0.64360550419603202
-5.14540910388006 -13.213536542889008 0.98487306220338933
-5.4974658431021002 -12.881384341655714 1.551349480394103
-5.7212314551617869 -12.688570689416419 2.1074102940104775
-5.9951141781678023 -12.557835708964033 2.6323078449077437
-6.3292786700010444 -12.332337084743925 3.2032638504764464
-5.7858908051632421 -12.444051983900481 3.7337648013449902
-5.6443099672476427 -12.297397004160878 4.3998602897994585
-5.0723879451885345 -12.806264005883255 4.5034681895127795
-4.6475043540109242 -13.125004036771752 4.7401864174507571
-4.1739778810717452 -13.491806068153396 4.9558204663598611
-3.7140264504521436 -13.850238308214713 5.1668293516263262
-3.2628668464268156 -14.215811703905448 5.3877853490874976
-2.7535023268571508 -14.540344362469442 5.5875081112124194
-2.4700287313555411 -15.03967150531777 5.8587997183581138
-2.1253318728815183 -15.491440194605588 6.1099990731096225
-1.8049538246063486 -15.959939120856404 6.3679306427067202
-1.4617633201221638 -16.41517710270104 6.621128652198581
-1.1356954495856544 -16.880525197756118 6.8795280576062083
-0.92612957587196687 -17.408462188002567 7.1449526670969767
-0.64352878255948121 -17.896700345411666 7.4141844050376591
-0.42437499701151804 -18.419580102033578 7.6672159900618411
-0.12627610224046246 -18.898772139994449 7.9515853087727573
0.082485589396224315 -19.429963082983917 8.1970277097994764
0.11321355100370351 -20.050947792117206 8.3520149192355895
0.24667555659441959 -20.616007801009832 8.559943002544891
0.3239956658076148 -21.215607700872564 8.736707234607735
0.43148846715363293 -21.794553337011926 8.9337435035550268
0.54404073071906822 -22.360943284829403 9.128019883768669
0.53415211542401975 -23.072133114667871 9.2535276079824129
1.0972135119261952 -23.121767130489307 9.7446031297463751
1.4746964412634007 -23.379235483321324 10.127664872926044
1.8773778944796449 -23.612328163338507 10.579992887364307
2.514290666671382 -23.608294271733456 10.749474884864243
3.0621767484220079 -23.684282582299709 11.012933821959601
3.6445335112583388 -23.741054212823457 11.243696274270089
4.210452954327021 -23.785561665554638 11.491622945545878
4.7911097051574858 -23.874560922348355 11.717389495641768
5.3488361533514936 -23.867322145133492 11.985177551643373
5.9163383341529396 -23.882516201183581 12.263584952239611
6.4636696387768584 -23.843845942833539 12.529531665164832
7.0442658959240045 -23.903085771577718 12.804903405939106
7.6029365591593532 -23.890430783130714 13.075919818937432
7.9779113175020866 -23.349656882203742 13.327561307917897
8.4407480173346929 -23.064957470881151 13.587582412069521
8.871028520543371 -22.68416943238719 13.847714194792047
9.2801653458609223 -22.254424574093981 14.090330821898247
9.843539324393511 -22.202494767405724 14.40863101306163
10.367692353774967 -22.048144448923097 14.69802530451963
10.895237161779807 -21.92504910338592 15.008817883036359
11.43098063301816 -21.780320766580232 15.29200794571012
11.962306929850891 -21.662926636937428 15.601928042989451
12.417559355907432 -21.56509877039537 16.01792521838258
12.924289249534949 -21.477091566900512 16.37374311272918
13.431321952460207 -21.407327304576743 16.750592435577989
13.677871076344285 -21.007166170706263 17.215671161677669
14.010090646858053 -20.722028976439184 17.638287038716395
14.295545245473198 -20.356490595516679 18.094850152217511
14.815932115754183 -20.379380178478904 18.494274007287512
15.201512650222996 -20.171710130888226 18.958039202771442
15.687093489755528 -20.132587391065826 19.347090122937658
16.237345975022794 -20.327285134054058 19.62176869703314
16.780214112514571 -20.387689425441728 19.923425357837655
17.274001412833968 -20.525273306771357 20.261520920383173
17.756962532414466 -20.536335594696201 20.70646035746622
18.156204273018606 -20.719199847942903 21.089226214187281
18.76733318565222 -20.613864106981268 21.495321096075578
19.053738164131598 -20.963588514856092 21.923906865082106
18.785511977588502 -21.554524945836722 22.270423660312488
19.039983139456385 -22.03081079403011 22.686188252272576
18.814407229353463 -22.510922918551707 23.046757051999421
18.132818144599401 -22.64123973592962 23.263155217759476
17.704870926447256 -22.942311719747615 23.540773058073444
17.193542523212827 -23.193171842982334 23.819301419090085
16.638696876585716 -23.408872158588085 24.041673790160342
16.216465232778713 -23.721870381617894 24.371649139833703
16.02971448104719 -24.187436557072925 24.787520150815332
15.647321475871015 -24.524021629485372 25.15842779308419
15.407439603744347 -24.957716920312652 25.543814238646259
15.338951174665853 -25.517559612868205 25.803186975050945
15.192293809155426 -26.186312456181955 26.045293415342247
14.972795289919937 -26.00488060429624 26.747847882812536
14.772771495564845 -26.039592392858978 27.305686303961664
14.572032842408586 -26.057135574759464 27.895084670203204
14.362603861432071 -26.0013708108565 28.50623959434779
14.135478498110047 -25.78697503418266 29.170483942004466
