#spline3d 5 121 5 121
-0.15805596249733 -0.095152831135722843 -0.061272935133493051
-0.07907274694480762 -0.047517819458966187 -0.030604734945009395
-1.3650163332342459e-005 1.7800281082511811e-005 9.4098566888336616e-006
0.079087663668578279 0.047490292712762089 0.030604741515784763
0.15819769429875782 0.094935937313117544 0.061216093673851731
0.2372862503177674 0.14238794354175249 0.091874464760710442
0.31637794517721091 0.18984701391741646 0.12252242403368922
0.39548183246523821 0.2373101220410056 0.15313402307278526
0.4745818658543941 0.28477129962119857 0.18373725344768579
0.55367794785650226 0.33222514902111883 0.21434146571061727
0.632787646788463 0.37969368324717323 0.24493017533849079
0.71193766504007916 0.4271848397041027 0.27550946901863649
0.79102689424147854 0.47463388145286173 0.30619178875835668
0.86997746387379293 0.52200070378053587 0.33698101576513456
0.94897090217982705 0.56939038806775077 0.3676398893022394
1.0284209109313767 0.61706046853070584 0.39782373960877798
1.1082705660804211 0.66497229269451108 0.4278417550932585
1.1864742995350013 0.7119007122749853 0.45964209589912014
1.2631936740350957 0.75793504924990029 0.49233222151938477
1.3430267923812462 0.80581096716210565 0.5211949291273188
1.4302834664520589 0.8581431964979539 0.54371861857670734
1.5120668543054514 0.90727412251939865 0.57606458104487801
1.5544764353535965 0.93282524986912185 0.64684146933134312
1.5588028572880006 0.93529219010524078 0.74621933618521197
1.5510210559444888 0.93020041607227399 0.84971959608596292
1.5491554334343416 0.92914551685547475 0.94635060865648069
1.5433557377907223 0.92726917260263542 1.0457331314689025
1.5438095160590475 0.92769407082581745 1.1447625685795566
1.5745619934879225 0.93989990355655795 1.2291869111093265
1.6450975697557024 0.96800509084163466 1.2904386534859547
1.7242719324181306 0.99968644286353314 1.3454149434749414
1.797195007197401 1.0288909389716563 1.4038221258035526
1.8662408270286854 1.0565232010708359 1.4647330598011274
1.9363010018208824 1.0845431986636598 1.5252137968024972
2.0081148556541262 1.1132601397745889 1.5846079669207442
2.0797243454036209 1.1418941829610885 1.6440584280471302
2.1508647101945439 1.170356235524056 1.7037919655966687
2.2219069111694139 1.198784205069485 1.763603169879044
2.2930892469175368 1.2272526976912264 1.8233411335944085
2.3643555877240803 1.2557312560596012 1.8830282797500688
2.4355739164454202 1.2842216522721339 1.9427266270780637
2.506760729165606 1.3127636848187412 2.0023959856432594
2.5779415509274841 1.3412524889518478 2.0621153812080228
2.6491313331520514 1.3695767093134661 2.1219819363656165
2.7203415371916058 1.3978950484200721 2.1818564457944314
2.7915854159981621 1.4267741322879792 2.2412056384173615
2.8627874441993244 1.4560735995043896 2.3001255984478539
2.9338641924416491 1.4835714152480897 2.3607122052624891
3.0049677048935384 1.509372891584833 2.4230294678787017
3.076522674323809 1.5391512935230418 2.4818580695806416
3.1488411615361587 1.5835066320585964 2.5268708174056966
3.2214736292935009 1.6393043147640103 2.5606817172039111
3.2940645085575868 1.6962057095985934 2.5932917035095286
3.3665618256462366 1.7507287416907373 2.6281916311975611
3.4390430527743407 1.804178227062746 2.6641880456900209
3.5115550757138121 1.8584446234677108 2.6994083668014639
3.5840705380922242 1.913050987215539 2.7342894454971698
3.6565778708783099 1.967546031777508 2.7692748556474953
3.7290840021531637 2.0218881640341473 2.804406518285973
3.8016001195839864 2.0762175086616703 2.8395404853311494
3.8741274166628292 2.1305966487187105 2.8746110699857197
3.9466404507851878 2.1849954724481804 2.9096822822099999
4.0191472079515789 2.239387023554011 2.9447693576873872
4.0916551349138555 2.29376961042641 2.9798644599112998
4.1641656983879241 2.3481526395060137 3.0149557964332008
4.2366726485076125 2.4025425714262973 3.0500454052683552
4.3091807650624281 2.4569318656189316 3.0851320072187738
4.3817015770373446 2.511308335331317 3.120212149223228
4.4542239755646689 2.5656823556634132 3.1552957761393676
4.5267364661624274 2.6200660925436989 3.1903863202542979
4.5992462093628053 2.6744509456883865 3.2254733398375341
4.6717571611142477 2.7288317240379114 3.2605505106174628
4.7442566280851288 2.7832290359355851 3.2956500741415757
4.8167533704043057 2.8376403343722272 3.3307770407728201
4.8892779513255498 2.8920221955128866 3.3658619510935219
4.9618452099265227 2.946324679273884 3.4008252535887245
5.0343621349676324 3.0006386104550828 3.4358094071122394
5.1067272608999366 3.0552375370602931 3.4712652813211666
5.1791631510668674 3.1099105825164948 3.5067961088232344
5.2520059863276201 3.1639351163804177 3.5412085028150266
5.3250341000587538 3.2171392286011087 3.5743616916879124
5.3967683708451046 3.2717946292468829 3.6102097266063851
5.4671059475835522 3.3306078931048302 3.652614354237222
5.54176305863525 3.385205403120461 3.686830362207838
5.6261589854428884 3.4220453097770833 3.6911101367870454
5.7188308163825949 3.4370956706334597 3.6606607174629793
5.8117369554760128 3.4480510882485436 3.6244124190303362
5.903083822532567 3.4624495255490384 3.5938090501474749
5.9939095400673734 3.4788828512765226 3.5663212306067571
6.0851572975752379 3.4946808286257016 3.5377047843932723
6.1766855101611959 3.5095638954813468 3.5076582304433055
6.2681023436384384 3.5245777581332089 3.4778829796755013
6.3594311567985731 3.5398405505214652 3.448488075375943
6.4507604180991196 3.5551612970285973 3.419147197026021
6.5421228279423476 3.5704035032010455 3.3896819307854034
6.6334914134712175 3.5855803340318251 3.3601617680474223
6.7248434945732223 3.60075452052829 3.3306586041329016
6.8162081386966733 3.6160380023968743 3.3012323874451894
6.9075980702229653 3.6314129546872094 3.2718797755661928
6.9989529217006474 3.646604642946115 3.2423858992051096
7.0902081115292397 3.6613867616895797 3.2125545888130751
7.1814875198097194 3.6763133890137274 3.1828297691439356
7.27321114256456 3.6930324801918171 3.1546162913598121
7.3649148846354855 3.7096164515630257 3.1262862314705306
7.4551819338950418 3.7204078141491483 3.0930461669250686
7.5431253331084145 3.7219762630927757 3.0520134938908456
7.6301586078341863 3.7200794650056919 3.0080951846782082
7.7174742357310215 3.7194262550212605 2.9652118417065849
7.8050407652855771 3.7198288458940283 2.9231784368189393
7.8926041537728482 3.7201769016307948 2.8811031715821747
7.9800772305943859 3.7200809113336049 2.8386966128113955
8.0675521573819147 3.7199669026182853 2.796294530197645
8.1550566843917185 3.7199670120820612 2.7539913257409241
8.2425680004527937 3.7200021890165651 2.7117121109766904
8.3300593163664409 3.7200129639672745 2.6693829152562421
8.4175249348808396 3.7200012229073329 2.6269936689949134
8.5049963170680165 3.719996428597625 2.5846189287354018
8.5924931856461111 3.7199994052729712 2.5422993283209143
8.6800025078033869 3.7200028100946168 2.500005430970401
8.7675097006600655 3.7199980142351454 2.4577041936874933
8.8550000607846506 3.7199764634292389 2.4153623497075563
