#spline3d 5 120 5 120
-0.55891007097566803 -0.4688031128116707 -0.046720907070850096
-0.28302277760729588 -0.21670034513278827 -0.0041774270013509194
-0.00099881459564149923 0.0049493234648327489 0.0053796046476024982
0.28513596140692549 0.20615446768079487 -0.0073073249481504458
0.56520124481288703 0.43722863679313068 0.012669315234194886
0.85594802180288898 0.61640612645810355 -0.024287488878259322
1.1262386556337554 0.89308591905589929 0.045991373664177826
1.4335616197841439 0.99961377702883214 -0.071355605647385301
1.7501668552261487 1.0434627249611397 -0.26410565425583227
2.0605799097318971 1.1415369031956168 -0.38340627794707915
2.3679271713506549 1.2120113441246259 -0.56045909088931289
2.6901269913745924 1.2872548161493329 -0.68221357494118362
3.0176792435905644 1.3430916733155112 -0.80852889218548152
3.344205745642626 1.4187246707969297 -0.9300143806242871
3.6610165762122984 1.4637292062204494 -1.0715898975939615
4.0109723864529654 1.5779640453788266 -1.1525062932677279
4.2703145077335165 1.5134442071025067 -1.4016875709516967
4.5409821385841092 1.4750046205257272 -1.6268695750355016
4.8147997482304001 1.4396668072970988 -1.8480686430364175
5.0843526397520495 1.3987117398072046 -2.0767038269306655
5.356754057850587 1.3594366176405102 -2.2987523908743586
5.628002157548317 1.3262995509492905 -2.5278450182893839
5.8979864182842583 1.2691240757313189 -2.7450671412655678
6.1748556191856876 1.2839662897831869 -2.9891001417353795
6.4294533745882427 1.0909825728193605 -3.1662598619449125
6.6655693262079945 0.91695768967311031 -3.3595287233464126
6.9330310517087934 0.76428083551546211 -3.541649674117763
7.1845496273587441 0.59415846323096777 -3.7324487187046702
7.275946112516233 0.33698869089185723 -3.9707953814211199
7.3582793380144054 0.081373167004960736 -4.2228309628157588
7.5685031440263622 -0.11796106579813508 -4.4132533269187713
7.8743281774432745 -0.26914825184858876 -4.5596596294078369
8.104011536501746 -0.45206263738114671 -4.7455220573229795
8.3899694428893135 -0.63710520018355599 -4.8810113504019395
8.6017909633817933 -0.73621475293900418 -5.1574814466221577
8.8424277654213608 -0.85289764438126903 -5.3881082404355212
9.066238993407703 -0.97476245830639163 -5.6371747514965422
9.3092546838810613 -1.0765348855116137 -5.8722369980037783
9.5186993936663971 -1.2202390381692314 -6.1284689335331963
9.7903594573194326 -1.2852838990802753 -6.3471228188403108
10.076273272462277 -1.3260452727981247 -6.555936257433526
10.34782329264184 -1.3923886579131934 -6.7735435011043261
10.627907585874725 -1.4411660468944378 -6.9865874783851414
10.900010984013841 -1.4945998316937172 -7.2048176984578669
11.197868927722864 -1.582535948507533 -7.3995691085936581
11.382914959154302 -1.4781116655630144 -7.7067104172946035
11.610372479341088 -1.4462729279138802 -7.9707899370186386
11.816394805089798 -1.3768066807004244 -8.2572446175527592
12.041583922782797 -1.3425111020842204 -8.523275372245612
12.243076841736167 -1.2634592849521391 -8.8144833794657025
12.46332737671637 -1.2215227913004389 -9.0868250261437638
12.778200169139911 -1.348836863057808 -9.2528133228288869
13.041439578030511 -1.4004705059667037 -9.4805252407736393
13.336810723437225 -1.4551255483579344 -9.6600135468425616
13.596261807396225 -1.6005203539870572 -9.9132372819858094
13.931793607514093 -1.4493974575820239 -9.9920010244051323
14.251762532937084 -1.3436697082374558 -10.093117404803255
14.572335286123732 -1.241088008116745 -10.207046309624561
14.89620045408979 -1.1306536626135653 -10.298785167696112
15.215832892916358 -1.0263817729598999 -10.407055271652549
15.537306801880417 -0.90518714326271277 -10.556814250379363
15.878123615436914 -0.87408526030617029 -10.353081376109508
16.207096148925018 -0.80936129697200998 -10.279730984810088
16.544317578509443 -0.75717711535477428 -10.163319610431566
16.872686943621805 -0.70044761193774663 -10.051026419708391
17.214410969269423 -0.64514396136533259 -9.9601315919633127
17.535573216562828 -0.58925994802795301 -9.8250117879935104
17.849097980556401 -0.54136389997620149 -9.6591399904543191
18.160874949450502 -0.48066400899361134 -9.5105996980335217
18.490134280289876 -0.44371797417558528 -9.3628667559086907
18.775535624887237 -0.3593539886218331 -9.1921229887663181
19.152969189166786 -0.37002653353359416 -9.0791936151211576
19.360622510746524 -0.20496213487872716 -8.8532478826871763
19.514639665425399 0.010728386483849326 -8.5944707811710259
19.720967687780284 0.17534775137182762 -8.3685967372636476
19.893633691958382 0.37314703002318811 -8.1222631743882037
20.088162550812044 0.54916316844720459 -7.8859230634368735
20.260050312061519 0.74827131744196074 -7.6490975486153445
20.480081705438902 0.89721612356426761 -7.397168414429272
20.55743790210904 1.1965770856203657 -7.2017447924778821
20.673122279244133 1.4533369898163153 -6.9907335513686792
20.775226256642899 1.7284654337948526 -6.7871028711122756
20.888133087329617 1.985755105493181 -6.5749950834486741
20.989614342596628 2.262831056131092 -6.3734671153414126
21.084912580069194 2.5479506191916781 -6.1721245821617057
21.317307702454656 2.6161498107588241 -5.8785900289440773
21.496165081629993 2.757849604899683 -5.6110859253590837
21.688844864038952 2.9002231470993358 -5.3566638885524318
21.888747614046856 2.994893092151782 -5.0602751609132008
22.07554829670821 3.1480243865109183 -4.8104826043344993
22.197934238291477 3.518210369459712 -4.7312798723348726
22.355245400885913 3.7697010857235806 -4.559712017046353
22.494927661161583 4.0799305162599797 -4.4331616319541567
22.643851547169863 4.3626677574832522 -4.2866891204194815
22.786712067602412 4.6561096600394816 -4.1453725876520835
22.936166529555539 4.9505721264872742 -4.0120646369791242
23.07397683239072 5.2294565331489897 -3.8496557526450617
23.237111309431324 5.5528931307364005 -3.7626103065269429
23.343024368570351 5.7659344924876859 -3.4931227270805687
23.450424145336516 5.9885542384551975 -3.2376539120336405
23.577920177027238 6.1973554124923806 -2.977311542691373
23.629030146411385 6.5006880607205861 -2.7885873979216123
23.705882936056128 6.7756482031080818 -2.5804561391641014
23.774125913897368 7.0588819453441491 -2.3772264825086942
23.845016082683912 7.3394336296843052 -2.1721879782263773
23.915519321689548 7.6218302660262314 -1.9696150426208632
23.985127012538772 7.9014086339118128 -1.762139931795613
24.05691996623494 8.1857643553159178 -1.5633714370034633
24.124956142962148 8.4635547036591436 -1.3523981514786616
24.197596965818136 8.743536154069167 -1.1464933279528842
24.27464105985711 9.0709667254081161 -1.0210315503593463
24.358406788373475 9.3737901992717294 -0.85973201642925778
24.427210691474428 9.6908627920504884 -0.71292924580724193
24.505220795987942 10.001590423233765 -0.55956330858370729
24.683562021952582 10.28359578278544 -0.42452840578287587
24.81395444778914 10.57889758553268 -0.28092411070225065
24.966970257329464 10.868130885301907 -0.1413684342695542
25.108223246784384 11.160431323873613 0.00027585276638968786
25.256764606464358 11.45080581874678 0.14078481668648857
25.415595792323074 11.738468652232655 0.27976571430431885
