labelNumber 7
label 1
cntNodes 30
averagePosition 172.761 144.778 391.223
lineLength 13.7821
curvature 0 0.00423362 0.00845705 0.0126596 0.01683 0.0209554 0.0250218 0.0290133 0.032912 0.0366982 0.0403502 0.0306103 0.0247561 0.0252271 0.0316829 0.0415467 0.0531733 0.0658839 0.0793809 0.0934644 0.107907 0.097824 0.0871766 0.0762128 0.0651216 0.0540328 0.0430237 0.0321275 0.0213439 0.0106481 

label 2
cntNodes 111
averagePosition 194.737 148.766 430.786
lineLength 53.2875
curvature 0 0.000880293 0.00176096 0.00264239 0.00352493 0.00440896 0.00529479 0.00618276 0.00707315 0.00796624 0.00886225 0.0124347 0.0170756 0.0220913 0.0272294 0.0323727 0.0374483 0.0423992 0.0471738 0.051722 0.0559942 0.0559581 0.0567406 0.0582595 0.0604329 0.0631829 0.0664371 0.0701283 0.0741927 0.078567 0.0831843 0.0804634 0.077937 0.0756447 0.073623 0.0719064 0.0705285 0.0695224 0.0689215 0.0687598 0.0690725 0.0704683 0.0719052 0.0733701 0.0748467 0.0763164 0.0777578 0.0791475 0.0804605 0.081671 0.0827528 0.0845683 0.086637 0.0889156 0.091358 0.0939137 0.096528 0.0991413 0.101689 0.104104 0.106315 0.0991037 0.0930643 0.0883238 0.0849932 0.0831649 0.0829046 0.0842439 0.0871781 0.0916699 0.0976579 0.0890704 0.0799026 0.0705951 0.0616159 0.0534714 0.0467197 0.0419383 0.0395698 0.0396677 0.0418033 0.0272684 0.0160318 0.0143481 0.0236797 0.0365692 0.050933 0.066587 0.0836947 0.102468 0.123047 0.110132 0.095884 0.081254 0.0675145 0.0565971 0.0512686 0.053728 0.0632226 0.0770652 0.0929244 0.0826765 0.0725422 0.0626237 0.0529748 0.0436111 0.0345195 0.0256657 0.017001 0.00846714 5.30821e-015 

label 3
cntNodes 41
averagePosition 158.081 141.913 430.088
lineLength 19.0092
curvature 0 0.0140708 0.0284368 0.0433925 0.0592272 0.0762139 0.0945846 0.114486 0.135908 0.158581 0.18185 0.160641 0.140509 0.124932 0.116716 0.116749 0.123402 0.133653 0.144584 0.154002 0.160477 0.103447 0.0600167 0.0390028 0.0613578 0.107944 0.171754 0.259954 0.3849 0.556812 0.756205 0.704717 0.575065 0.433977 0.316259 0.226827 0.159931 0.108689 0.0675587 0.0323983 8.98993e-016 

label 4
cntNodes 121
averagePosition 175.645 153.617 423.609
lineLength 53.4725
curvature 0 0.00630628 0.0126033 0.0188807 0.0251255 0.0313216 0.0374482 0.0434791 0.0493823 0.0551194 0.0606459 0.0553136 0.0510402 0.0480357 0.0464377 0.0462616 0.0473828 0.0495696 0.0525463 0.0560459 0.0598365 0.0452372 0.0315033 0.0186469 0.00813132 0.0112002 0.0229403 0.0359369 0.0496608 0.0641663 0.0795695 0.0684749 0.0565468 0.0440156 0.0311112 0.0181404 0.00656109 0.010786 0.0232617 0.0359925 0.0484019 0.0392756 0.0304767 0.0219452 0.0136189 0.00546765 0.00302643 0.0110669 0.0193378 0.0277953 0.0364992 0.0304812 0.0248402 0.0201538 0.0174285 0.0177215 0.0209373 0.0259793 0.0319163 0.038223 0.0446062 0.038005 0.0316696 0.0256268 0.0199591 0.0149079 0.0111614 0.0101728 0.0126126 0.0171313 0.022603 0.0139553 0.00577837 0.0058207 0.0141158 0.0229854 0.0318623 0.0406031 0.049103 0.0572574 0.0649556 0.0504382 0.0365186 0.0230811 0.0100392 0.00376239 0.0163403 0.029517 0.0430805 0.0571442 0.0718042 0.0561527 0.039914 0.0234532 0.00858422 0.0140194 0.0306083 0.0479179 0.0651955 0.0820802 0.0981806 0.0879147 0.0781849 0.0690454 0.0605406 0.052731 0.0457286 0.0397469 0.0351606 0.0325228 0.0324116 0.0297103 0.0268446 0.0238292 0.0206804 0.0174152 0.0140518 0.010609 0.00710618 0.00356317 3.02001e-015 

label 5
cntNodes 30
averagePosition 179.501 157.272 449.423
lineLength 10.1697
curvature 0 0.0226017 0.0456094 0.0694055 0.094317 0.120565 0.14819 0.176944 0.206162 0.234653 0.260662 0.214163 0.168586 0.12624 0.0894726 0.0639036 0.061607 0.0839277 0.118341 0.158153 0.20074 0.181736 0.161192 0.139956 0.118648 0.0976592 0.0771877 0.0572801 0.0378751 0.0188401 

label 6
cntNodes 670
averagePosition 156.142 145.723 387.728
lineLength 302.413
curvature 0 0.0219374 0.0440867 0.0666058 0.0895383 0.112742 0.135815 0.15803 0.178324 0.195387 0.207875 0.15442 0.112812 0.0884566 0.0890798 0.112975 0.150883 0.1969 0.247118 0.296109 0.335492 0.277004 0.22385 0.179355 0.144289 0.119136 0.105509 0.106134 0.123031 0.157191 0.211473 0.21191 0.203951 0.18741 0.163837 0.136599 0.110703 0.0923698 0.0866686 0.0926585 0.104299 0.0772386 0.0561546 0.0410109 0.0340836 0.0377001 0.0494053 0.0658239 0.0857648 0.109362 0.13737 0.125735 0.11073 0.0931203 0.0740254 0.0551121 0.0394536 0.0331491 0.0398865 0.0534522 0.0682423 0.0552869 0.0487519 0.0492487 0.05584 0.0666932 0.0804358 0.0963862 0.114263 0.133918 0.15515 0.154899 0.157562 0.163425 0.172446 0.184234 0.198046 0.212801 0.227118 0.239409 0.248085 0.224118 0.204528 0.189471 0.178895 0.172653 0.170549 0.172346 0.17776 0.186441 0.197935 0.187823 0.177695 0.168276 0.16015 0.153776 0.149515 0.147644 0.148366 0.151811 0.158034 0.146105 0.133234 0.120014 0.106962 0.0945478 0.0832585 0.0736974 0.066683 0.0632391 0.0643028 0.0579575 0.0552634 0.0572967 0.0638374 0.0736194 0.0851917 0.0973468 0.10914 0.119819 0.128788 0.11784 0.11089 0.107628 0.107764 0.111003 0.117045 0.1256 0.136394 0.149142 0.163499 0.168557 0.174142 0.180081 0.186133 0.191992 0.197292 0.201632 0.204605 0.205843 0.205071 0.184979 0.172427 0.167354 0.16975 0.179639 0.197091 0.222228 0.255094 0.295214 0.340731 0.297839 0.24706 0.198261 0.159836 0.139529 0.141837 0.162919 0.194098 0.227561 0.256857 0.221308 0.197497 0.184954 0.183333 0.192352 0.211754 0.241289 0.280439 0.327512 0.378012 0.348852 0.310278 0.269739 0.232277 0.200628 0.176185 0.159901 0.15279 0.155996 0.170657 0.173771 0.176446 0.178827 0.181036 0.183142 0.185126 0.186882 0.188211 0.188861 0.188558 0.169474 0.15357 0.140947 0.131636 0.125644 0.122963 0.123562 0.127376 0.134309 0.14424 0.133489 0.125309 0.121042 0.121603 0.127171 0.137127 0.150271 0.165097 0.179957 0.19316 0.137014 0.0925291 0.0707524 0.0879718 0.1346 0.199155 0.279575 0.37306 0.467149 0.534724 0.440729 0.357545 0.293828 0.250652 0.227272 0.223166 0.238143 0.272254 0.32584 0.398465 0.391204 0.367146 0.332777 0.295016 0.259072 0.228035 0.20343 0.18589 0.175582 0.172368 0.155281 0.139206 0.124767 0.112436 0.102627 0.0957639 0.0922793 0.0925516 0.0968165 0.105141 0.0943378 0.0825359 0.0702129 0.0579502 0.0465911 0.0375886 0.0332888 0.0355287 0.0431965 0.0537936 0.0429725 0.032937 0.0242591 0.0185471 0.0185885 0.0244135 0.0332763 0.0435874 0.0547864 0.0666719 0.0600152 0.052997 0.0457075 0.0382309 0.0306487 0.0230525 0.0155923 0.0087582 0.00565148 0.0103192 0.0117989 0.0139085 0.0164025 0.0191344 0.0220243 0.0250288 0.0281243 0.0312975 0.0345402 0.0378468 0.0312833 0.0251224 0.0198739 0.0164837 0.0161193 0.0188439 0.0234698 0.0289504 0.0347262 0.0405098 0.0330222 0.0261281 0.0199562 0.0149931 0.012504 0.0139008 0.018504 0.0248675 0.0323271 0.0407208 0.0347579 0.033625 0.0384511 0.0474651 0.0582899 0.0693078 0.0795241 0.0883156 0.0953105 0.100335 0.0848885 0.0895024 0.110032 0.141992 0.183919 0.236173 0.298736 0.368261 0.434393 0.47884 0.399799 0.326653 0.26792 0.225273 0.198292 0.186611 0.190318 0.209797 0.245883 0.300147 0.303113 0.295807 0.279802 0.25789 0.233098 0.207967 0.184297 0.163242 0.145557 0.131856 0.111418 0.0915131 0.0733991 0.0587094 0.0498385 0.0490594 0.0558561 0.0672737 0.0807232 0.0946432 0.0980891 0.108913 0.125949 0.148542 0.176479 0.209618 0.247324 0.287699 0.32676 0.358231 0.32162 0.289047 0.263993 0.248285 0.242866 0.248195 0.264369 0.29105 0.327109 0.36976 0.340963 0.302475 0.261055 0.221395 0.186003 0.155967 0.131848 0.114429 0.105196 0.106225 0.104937 0.103321 0.101625 0.100077 0.09883 0.0979343 0.0973314 0.0968844 0.0964217 0.0957793 0.0708721 0.0727096 0.0978642 0.137529 0.189379 0.254781 0.334788 0.425251 0.510108 0.560158 0.454773 0.365591 0.300787 0.260293 0.242533 0.246221 0.270272 0.313558 0.373921 0.444908 0.397894 0.333542 0.268121 0.210338 0.163034 0.126801 0.102836 0.0942614 0.103768 0.130347 0.123317 0.114197 0.103455 0.0916981 0.0796954 0.068472 0.0594638 0.0545165 0.0551458 0.0612842 0.0519288 0.0448573 0.0412209 0.0418481 0.0464899 0.054045 0.0633846 0.0736927 0.0844047 0.0950838 0.0923042 0.0951155 0.103014 0.11515 0.130623 0.148577 0.168106 0.188098 0.207115 0.223407 0.202919 0.188504 0.180831 0.180199 0.186566 0.199546 0.218399 0.241927 0.268208 0.294281 0.272148 0.248817 0.226675 0.207266 0.191479 0.179789 0.172437 0.169537 0.171121 0.177153 0.168265 0.16099 0.156174 0.154412 0.155996 0.160886 0.168704 0.178757 0.190066 0.201401 0.177607 0.160569 0.151775 0.152265 0.162395 0.181787 0.209545 0.244233 0.283307 0.322229 0.300433 0.279938 0.263569 0.253122 0.249614 0.253457 0.264523 0.282079 0.304586 0.329381 0.296614 0.260892 0.226644 0.196511 0.171885 0.153568 0.142223 0.138521 0.143034 0.156129 0.135515 0.116018 0.101319 0.0960017 0.103243 0.121975 0.148379 0.178495 0.208629 0.235008 0.190148 0.149367 0.114176 0.0857254 0.0664794 0.0609322 0.0706079 0.0907934 0.116941 0.146758 0.13935 0.131214 0.122745 0.114294 0.10617 0.0986416 0.091955 0.0863463 0.082053 0.079313 0.0839617 0.0911414 0.100486 0.111577 0.123966 0.137146 0.150516 0.16336 0.174857 0.184145 0.168595 0.159744 0.157765 0.162716 0.174524 0.193017 0.217916 0.248654 0.283939 0.321101 0.290647 0.254859 0.21889 0.186417 0.159926 0.14131 0.132119 0.13312 0.143721 0.162218 0.147596 0.131961 0.115974 0.100127 0.0847609 0.0701243 0.0564677 0.0442338 0.0344688 0.0294287 0.0437097 0.0583761 0.0733294 0.0884368 0.103478 0.118117 0.131899 0.144264 0.154605 0.162345 0.148765 0.141247 0.139472 0.143137 0.151935 0.165559 0.18369 0.205903 0.231453 0.258958 0.240754 0.219943 0.198986 0.179844 0.163999 0.152574 0.146408 0.146025 0.151537 0.162632 0.147381 0.130945 0.114341 0.0984742 0.0841839 0.0723392 0.0638985 0.0597423 0.0601829 0.0646208 0.0505135 0.0388707 0.0312708 0.0305118 0.0375149 0.0501578 0.0668105 0.0872096 0.111926 0.142086 0.126167 0.105466 0.0814707 0.0578659 0.0446365 0.0544668 0.0787826 0.105687 0.130178 0.149944 0.108834 0.0754425 0.0505322 0.0396138 0.0478624 0.0674535 0.0914766 0.117807 0.145709 0.174469 0.157257 0.13873 0.119759 0.100951 0.0826606 0.06504 0.0480912 0.0317154 0.0157509 

label 7
cntNodes 61
averagePosition 171.096 146.937 436.258
lineLength 28.7522
curvature 0 0.00622677 0.0124785 0.0187789 0.0251488 0.031605 0.0381583 0.0448112 0.0515561 0.0583727 0.065225 0.0504386 0.0354747 0.0204871 0.00588564 0.0100844 0.0247878 0.0395109 0.054043 0.0682324 0.0818766 0.0696973 0.0580524 0.0471283 0.0371964 0.0288066 0.0231419 0.0219524 0.0256134 0.0324129 0.0407718 0.0318601 0.0230945 0.014601 0.00720162 0.00700693 0.014409 0.0230937 0.0321697 0.0415083 0.0510719 0.0418212 0.034174 0.0296989 0.03011 0.035448 0.0441185 0.0546632 0.0662224 0.078275 0.0904216 0.0810562 0.071596 0.0621658 0.0528472 0.0436842 0.0346909 0.0258579 0.0171586 0.0085546 1.69804e-015 

