labelNumber 7
label 1
cntNodes 81
averagePosition 189.464 139.12 249.496
lineLength 39.6701
curvature 0 0.0261362 0.0531514 0.0818847 0.113054 0.147082 0.183784 0.221891 0.258557 0.289269 0.308783 0.240403 0.178602 0.125449 0.0798608 0.0398049 0.00779779 0.0361766 0.0742032 0.116051 0.163085 0.142182 0.117279 0.089806 0.0609466 0.0319334 0.0119679 0.0342368 0.0643811 0.0949115 0.124529 0.109963 0.0964736 0.0845464 0.0746504 0.0672841 0.062934 0.0619095 0.064152 0.0692238 0.076501 0.0650125 0.053605 0.0424119 0.0315728 0.0213924 0.0130893 0.011462 0.0183283 0.0280713 0.038657 0.0319501 0.0253303 0.0189647 0.0133075 0.00979926 0.010908 0.0157836 0.0221407 0.0290925 0.0363524 0.0329426 0.0294843 0.0260095 0.0225561 0.019174 0.0159386 0.0129809 0.0105445 0.0090515 0.00896118 0.0080305 0.00711073 0.00620068 0.00529911 0.00440482 0.00351659 0.0026332 0.00175345 0.000876121 2.48322e-015 

label 2
cntNodes 71
averagePosition 196.714 133.973 288.006
lineLength 34.7476
curvature 0 0.0257802 0.0518592 0.0784446 0.105548 0.132863 0.159639 0.184602 0.206019 0.221966 0.230835 0.18687 0.152712 0.128206 0.113505 0.108995 0.114562 0.129256 0.151857 0.181368 0.216765 0.210009 0.200018 0.188029 0.17528 0.16286 0.151642 0.142281 0.135238 0.130797 0.129067 0.106139 0.0836149 0.0621054 0.0422032 0.0256102 0.0197406 0.0303925 0.0472421 0.0656313 0.0844865 0.0647682 0.0454432 0.0271328 0.0135516 0.0198899 0.0371903 0.0563621 0.0762124 0.0963141 0.116157 0.0964182 0.0800509 0.06932 0.0669569 0.0742127 0.0896533 0.110998 0.136504 0.164734 0.193924 0.175197 0.154184 0.132368 0.110788 0.0900342 0.0703433 0.0517022 0.0339436 0.0168106 0 

label 3
cntNodes 30
averagePosition 177.897 129.143 276.029
lineLength 12.6208
curvature 0 0.0235384 0.0469846 0.0701871 0.0928802 0.114642 0.134874 0.152828 0.167683 0.178682 0.185289 0.14668 0.118831 0.102043 0.0973488 0.104898 0.123216 0.150608 0.186194 0.229554 0.27959 0.262455 0.236894 0.206265 0.173631 0.141145 0.109981 0.0805342 0.0526882 0.0260314 

label 4
cntNodes 91
averagePosition 194.224 141.628 290.488
lineLength 43.4684
curvature 0 0.0138177 0.0277465 0.0418819 0.0562866 0.0709695 0.0858621 0.100792 0.11546 0.129428 0.14213 0.114604 0.0879982 0.0627643 0.0392354 0.019354 0.0183617 0.0373769 0.0599796 0.083863 0.108627 0.0969549 0.0850699 0.0732404 0.0617246 0.0508699 0.0413304 0.034484 0.0326368 0.0373839 0.0478124 0.0401891 0.0338043 0.0306326 0.0322609 0.0380647 0.0460519 0.054593 0.0627021 0.0698164 0.0756335 0.0583806 0.0434798 0.0304738 0.0194191 0.0123128 0.0145518 0.0234975 0.0346369 0.0470788 0.0608826 0.0552013 0.049255 0.0434375 0.0383227 0.0346854 0.0333416 0.0346982 0.0384277 0.0437446 0.049864 0.0411228 0.0328589 0.0250999 0.0179873 0.0120838 0.00933974 0.0118691 0.0174424 0.0240377 0.0310619 0.025299 0.0196069 0.0141048 0.00919922 0.00655179 0.00871518 0.0136597 0.0194546 0.0256117 0.031996 0.0290308 0.0259846 0.02287 0.0196985 0.0164808 0.0132262 0.00994328 0.00663992 0.00332323 1.2277e-015 

label 5
cntNodes 30
averagePosition 191.269 138.339 307.927
lineLength 11.0085
curvature 0 0.0172564 0.0344351 0.051438 0.0681279 0.0843127 0.0997368 0.114082 0.126981 0.138049 0.146923 0.115973 0.0908234 0.0725204 0.0637795 0.0673969 0.0826366 0.106752 0.138335 0.177562 0.225416 0.218719 0.206443 0.18913 0.167653 0.143023 0.116205 0.087999 0.0589934 0.0295794 

label 6
cntNodes 530
averagePosition 165.896 146.858 248.663
lineLength 246.475
curvature 0 0.0114257 0.0227774 0.033973 0.0449156 0.0554878 0.0655491 0.0749376 0.0834755 0.0909806 0.0972815 0.0829139 0.0764678 0.0784309 0.0883382 0.105161 0.128242 0.15759 0.193628 0.236641 0.285873 0.252513 0.214423 0.180937 0.161839 0.163707 0.184231 0.214469 0.245173 0.268894 0.280474 0.188234 0.120304 0.0755667 0.0683417 0.102914 0.160803 0.237874 0.335657 0.447767 0.544913 0.444147 0.354858 0.294104 0.269327 0.287955 0.360242 0.505703 0.763094 1.16842 1.57247 1.1574 0.706274 0.422036 0.254767 0.150549 0.0806414 0.0404452 0.0597245 0.111584 0.179801 0.18637 0.190181 0.191007 0.188944 0.184402 0.178033 0.170607 0.162891 0.155538 0.149025 0.134334 0.124202 0.118933 0.118664 0.123293 0.132487 0.145759 0.162517 0.182011 0.203188 0.169646 0.134533 0.1002 0.0687231 0.0447424 0.0417004 0.0626923 0.0933832 0.127687 0.163349 0.152455 0.141248 0.130209 0.119717 0.110073 0.101535 0.0943523 0.0888025 0.0852113 0.0839582 0.0830255 0.0828628 0.0836328 0.0854329 0.0882763 0.0920865 0.0967051 0.101908 0.107426 0.112961 0.0870586 0.0631146 0.0432165 0.0333094 0.0401954 0.0577313 0.0789478 0.101354 0.123834 0.145441 0.128655 0.112762 0.0982163 0.0853919 0.0746701 0.0665178 0.0614831 0.0600358 0.0623023 0.0679618 0.0658339 0.0640434 0.0626597 0.0617401 0.0613258 0.0614384 0.0620782 0.0632236 0.0648336 0.0668509 0.0636745 0.0611038 0.0592063 0.0580395 0.0576458 0.0580474 0.059244 0.0612135 0.0639158 0.0672979 0.0636005 0.0670788 0.0772054 0.092247 0.11052 0.130692 0.151543 0.171731 0.189702 0.203802 0.180707 0.16182 0.147377 0.137471 0.13214 0.131373 0.13509 0.143139 0.155306 0.171316 0.171889 0.17244 0.17315 0.174175 0.175638 0.177615 0.180132 0.183159 0.186604 0.190306 0.162748 0.1348 0.108071 0.0838426 0.0637767 0.051114 0.0503433 0.0614687 0.0797505 0.101644 0.0948087 0.087781 0.0807072 0.0737128 0.0669071 0.0603926 0.0542777 0.0486946 0.0438212 0.0399013 0.0470097 0.0580118 0.0715399 0.0868268 0.103419 0.120928 0.138875 0.156592 0.173186 0.187571 0.167793 0.148477 0.130249 0.113455 0.0982651 0.0847838 0.073157 0.0636919 0.0569758 0.0538974 0.0561379 0.0584729 0.0608673 0.0632797 0.0656634 0.0679684 0.0701428 0.072135 0.0738967 0.0753844 0.078055 0.0832473 0.090417 0.0990382 0.108631 0.118744 0.12892 0.138671 0.147477 0.154807 0.120903 0.09657 0.0860406 0.092927 0.115609 0.150139 0.194097 0.245725 0.301517 0.353966 0.32261 0.289711 0.259687 0.235145 0.217484 0.207461 0.205535 0.212004 0.227038 0.250658 0.246376 0.237531 0.225267 0.210883 0.195596 0.1804 0.166024 0.152956 0.141501 0.131837 0.124179 0.120699 0.121376 0.126113 0.134744 0.147061 0.162818 0.18168 0.203097 0.226123 0.209373 0.190321 0.171075 0.153408 0.138693 0.127895 0.121532 0.119601 0.121565 0.126501 0.10106 0.0774075 0.0555777 0.0356767 0.0193729 0.0174605 0.0323981 0.0517327 0.0729791 0.0959203 0.0854617 0.0744853 0.0634799 0.0531191 0.0444906 0.0393414 0.039577 0.0455323 0.0557141 0.0684608 0.0576431 0.0470543 0.037234 0.0292666 0.0252514 0.0272336 0.0343645 0.0443549 0.0557659 0.0678893 0.0600924 0.0530319 0.0471328 0.0429281 0.0409708 0.0415987 0.0447212 0.0498861 0.056538 0.0641935 0.0483493 0.0337856 0.0230437 0.0225422 0.0329304 0.0477678 0.0642432 0.0814859 0.099049 0.116502 0.107022 0.0971118 0.0871452 0.0774471 0.0682947 0.0599276 0.0525624 0.0464045 0.0416449 0.0384259 0.0277897 0.0231295 0.0264962 0.0356422 0.0478673 0.0622586 0.0788152 0.0979181 0.120152 0.146229 0.143008 0.137312 0.129455 0.119992 0.109689 0.0994702 0.0903385 0.0832483 0.0788975 0.0774917 0.0761951 0.0768386 0.0790629 0.082511 0.0868553 0.0918065 0.0971095 0.102532 0.107857 0.112871 0.110696 0.112576 0.118165 0.127161 0.139319 0.154431 0.172258 0.192415 0.214213 0.236474 0.218741 0.201556 0.187161 0.177228 0.172759 0.173979 0.180323 0.190555 0.202969 0.215566 0.190068 0.173655 0.167093 0.170778 0.184627 0.208144 0.240486 0.280095 0.323723 0.365272 0.317126 0.264386 0.214725 0.171889 0.137432 0.112593 0.0994908 0.100446 0.115579 0.142923 0.139723 0.134648 0.12794 0.119924 0.110963 0.101425 0.0916603 0.0819858 0.0726935 0.0640656 0.0636843 0.0636351 0.063895 0.0644397 0.0652445 0.0662836 0.0675308 0.0689591 0.0705403 0.0722452 0.078196 0.0853357 0.0935003 0.102551 0.112347 0.122717 0.133432 0.144182 0.154562 0.164078 0.151067 0.138514 0.126848 0.116387 0.107386 0.100083 0.0947367 0.0916526 0.0911809 0.0937057 0.0826184 0.0702158 0.0568418 0.0428937 0.0289653 0.0167412 0.0136879 0.0236172 0.036934 0.0505397 0.0337302 0.0193038 0.0139552 0.023633 0.0378915 0.0530079 0.0683072 0.0835296 0.0984296 0.112682 0.0821211 0.0527282 0.0248199 0.0108885 0.0357146 0.064902 0.0957578 0.128145 0.161516 0.194468 0.162965 0.13084 0.0994311 0.0694508 0.0419647 0.0241591 0.0365404 0.0654586 0.0998403 0.138487 0.130935 0.121425 0.110776 0.0999591 0.0899646 0.0816652 0.0756557 0.0721135 0.0707678 0.0710359 0.0527052 0.0475231 0.0558434 0.0730135 0.0955858 0.122622 0.154275 0.190854 0.232104 0.276329 0.256367 0.228752 0.197129 0.164509 0.132813 0.102951 0.0751033 0.0490118 0.0241802 

label 7
cntNodes 71
averagePosition 186.797 131.623 288.426
lineLength 32.4188
curvature 0 0.0132746 0.0266925 0.0403864 0.0544659 0.0690014 0.0840026 0.0993916 0.114973 0.130403 0.145176 0.123937 0.102467 0.0813519 0.0609368 0.041506 0.0239385 0.0144142 0.0245141 0.0419552 0.0610036 0.0496114 0.0384397 0.0281165 0.0202826 0.0186066 0.0244516 0.0341531 0.0452499 0.0568271 0.0684655 0.0551806 0.0420964 0.029222 0.0165356 0.00417785 0.00893166 0.0215032 0.0342818 0.0472683 0.0604772 0.0465765 0.0324474 0.0182958 0.00507375 0.0111939 0.0249823 0.0387796 0.0522921 0.0653427 0.0777308 0.0507384 0.0267399 0.0173246 0.0358687 0.0612923 0.0888932 0.118197 0.148826 0.179849 0.209484 0.186377 0.161797 0.137302 0.113834 0.0918211 0.0713315 0.0522111 0.0341812 0.0169007 2.47721e-015 

