labelNumber 7
label 1
cntNodes 30
averagePosition 172.761 144.778 391.223
lineLength 13.7821
curvature 0 0.00423362 0.00845705 0.0126596 0.01683 0.0209554 0.0250218 0.0290133 0.032912 0.0366982 0.0403502 0.0306103 0.0247561 0.0252271 0.0316829 0.0415467 0.0531733 0.0658839 0.0793809 0.0934644 0.107907 0.097824 0.0871766 0.0762128 0.0651216 0.0540328 0.0430237 0.0321275 0.0213439 0.0106481 

label 2
cntNodes 111
averagePosition 194.737 148.766 430.786
lineLength 53.2875
curvature 0 0.000880293 0.00176096 0.00264239 0.00352493 0.00440896 0.00529479 0.00618276 0.00707315 0.00796624 0.00886225 0.0124347 0.0170756 0.0220913 0.0272294 0.0323727 0.0374483 0.0423992 0.0471738 0.051722 0.0559942 0.0559581 0.0567406 0.0582595 0.0604329 0.0631829 0.0664371 0.0701283 0.0741927 0.078567 0.0831843 0.0804634 0.077937 0.0756447 0.073623 0.0719064 0.0705285 0.0695224 0.0689215 0.0687598 0.0690725 0.0704683 0.0719052 0.0733701 0.0748467 0.0763164 0.0777578 0.0791475 0.0804605 0.081671 0.0827528 0.0845683 0.086637 0.0889156 0.091358 0.0939137 0.096528 0.0991413 0.101689 0.104104 0.106315 0.0991037 0.0930643 0.0883238 0.0849932 0.0831649 0.0829046 0.0842439 0.0871781 0.0916699 0.0976579 0.0890704 0.0799026 0.0705951 0.0616159 0.0534714 0.0467197 0.0419383 0.0395698 0.0396677 0.0418033 0.0272684 0.0160318 0.0143481 0.0236797 0.0365692 0.050933 0.066587 0.0836947 0.102468 0.123047 0.110132 0.095884 0.081254 0.0675145 0.0565971 0.0512686 0.053728 0.0632226 0.0770652 0.0929244 0.0826765 0.0725422 0.0626237 0.0529748 0.0436111 0.0345195 0.0256657 0.017001 0.00846714 5.30821e-015 

label 3
cntNodes 41
averagePosition 158.081 141.913 430.088
lineLength 19.0092
curvature 0 0.0140708 0.0284368 0.0433925 0.0592272 0.0762139 0.0945846 0.114486 0.135908 0.158581 0.18185 0.160641 0.140509 0.124932 0.116716 0.116749 0.123402 0.133653 0.144584 0.154002 0.160477 0.103447 0.0600167 0.0390028 0.0613578 0.107944 0.171754 0.259954 0.3849 0.556812 0.756205 0.704717 0.575065 0.433977 0.316259 0.226827 0.159931 0.108689 0.0675587 0.0323983 8.98993e-016 

label 4
cntNodes 121
averagePosition 175.645 153.617 423.609
lineLength 53.4725
curvature 0 0.00630628 0.0126033 0.0188807 0.0251255 0.0313216 0.0374482 0.0434791 0.0493823 0.0551194 0.0606459 0.0553136 0.0510402 0.0480357 0.0464377 0.0462616 0.0473828 0.0495696 0.0525463 0.0560459 0.0598365 0.0452372 0.0315033 0.0186469 0.00813132 0.0112002 0.0229403 0.0359369 0.0496608 0.0641663 0.0795695 0.0684749 0.0565468 0.0440156 0.0311112 0.0181404 0.00656109 0.010786 0.0232617 0.0359925 0.0484019 0.0392756 0.0304767 0.0219452 0.0136189 0.00546765 0.00302643 0.0110669 0.0193378 0.0277953 0.0364992 0.0304812 0.0248402 0.0201538 0.0174285 0.0177215 0.0209373 0.0259793 0.0319163 0.038223 0.0446062 0.038005 0.0316696 0.0256268 0.0199591 0.0149079 0.0111614 0.0101728 0.0126126 0.0171313 0.022603 0.0139553 0.00577837 0.0058207 0.0141158 0.0229854 0.0318623 0.0406031 0.049103 0.0572574 0.0649556 0.0504382 0.0365186 0.0230811 0.0100392 0.00376239 0.0163403 0.029517 0.0430805 0.0571442 0.0718042 0.0561527 0.039914 0.0234532 0.00858422 0.0140194 0.0306083 0.0479179 0.0651955 0.0820802 0.0981806 0.0879147 0.0781849 0.0690454 0.0605406 0.052731 0.0457286 0.0397469 0.0351606 0.0325228 0.0324116 0.0297103 0.0268446 0.0238292 0.0206804 0.0174152 0.0140518 0.010609 0.00710618 0.00356317 3.02001e-015 

label 5
cntNodes 30
averagePosition 179.501 157.272 449.423
lineLength 10.1697
curvature 0 0.0226017 0.0456094 0.0694055 0.094317 0.120565 0.14819 0.176944 0.206162 0.234653 0.260662 0.214163 0.168586 0.12624 0.0894726 0.0639036 0.061607 0.0839277 0.118341 0.158153 0.20074 0.181736 0.161192 0.139956 0.118648 0.0976592 0.0771877 0.0572801 0.0378751 0.0188401 

label 6
cntNodes 670
averagePosition 156.052 145.728 387.6
lineLength 303.255
curvature 0 0.021685 0.0435658 0.0657852 0.0883738 0.111182 0.133808 0.155541 0.175353 0.191987 0.204164 0.15168 0.111069 0.0877155 0.0890443 0.113049 0.150731 0.196422 0.24631 0.295027 0.334251 0.276104 0.223183 0.178861 0.143956 0.11899 0.105604 0.106495 0.123598 0.15783 0.211947 0.211777 0.203076 0.185759 0.161457 0.133539 0.106948 0.0879825 0.0821395 0.0886666 0.101147 0.0748124 0.0542722 0.0396747 0.033497 0.0378678 0.0499953 0.0666109 0.0866504 0.110289 0.138271 0.125943 0.110182 0.0918377 0.072148 0.0529977 0.0380263 0.0340225 0.0429461 0.0574838 0.0726144 0.0589589 0.0519009 0.0520211 0.0584808 0.0695184 0.0837624 0.100528 0.119554 0.140722 0.163849 0.163738 0.166078 0.171219 0.179185 0.189629 0.201833 0.214734 0.226994 0.237125 0.243708 0.218806 0.1991 0.184546 0.174953 0.170076 0.16964 0.173334 0.180798 0.191589 0.205129 0.192778 0.180336 0.168759 0.158813 0.151104 0.14611 0.144212 0.145687 0.150709 0.159341 0.145966 0.131457 0.116603 0.102147 0.0888617 0.077676 0.069801 0.066622 0.0690988 0.0771249 0.0719797 0.0691684 0.0692697 0.0723695 0.0780211 0.0854621 0.093867 0.102485 0.11068 0.11793 0.11124 0.108182 0.10839 0.111515 0.117233 0.125243 0.135261 0.147 0.160115 0.174152 0.175405 0.177514 0.180457 0.184135 0.188374 0.192918 0.197434 0.201523 0.204744 0.206654 0.189951 0.179372 0.17507 0.17714 0.185631 0.20055 0.22183 0.249196 0.281827 0.317788 0.272967 0.224378 0.180606 0.149218 0.137188 0.146912 0.173028 0.20744 0.243004 0.273179 0.234624 0.207916 0.19286 0.189229 0.19681 0.215358 0.244583 0.283875 0.331366 0.382211 0.349224 0.306684 0.262797 0.222791 0.189308 0.16366 0.146927 0.140515 0.146057 0.165104 0.170844 0.176312 0.181481 0.186253 0.190441 0.193762 0.195873 0.196431 0.195164 0.191936 0.165753 0.14553 0.130783 0.121208 0.116656 0.117048 0.12231 0.13238 0.147263 0.167088 0.15496 0.142144 0.130582 0.122291 0.118931 0.121182 0.128396 0.138936 0.150816 0.162152 0.115493 0.0870189 0.0870093 0.116416 0.166016 0.232122 0.31452 0.409511 0.501822 0.561347 0.454597 0.361741 0.291694 0.244528 0.218717 0.213402 0.228306 0.263534 0.319816 0.397616 0.391491 0.366178 0.32869 0.286935 0.246914 0.212136 0.184305 0.164187 0.152123 0.148135 0.132085 0.117588 0.105184 0.0953734 0.088676 0.0856014 0.0865254 0.0915622 0.100565 0.113251 0.100125 0.0858179 0.0709282 0.0561783 0.0427212 0.0329523 0.0309783 0.0380588 0.0503602 0.0646837 0.0512875 0.0386002 0.0271026 0.0185159 0.0174479 0.0249379 0.0362125 0.0490043 0.0626922 0.0770692 0.0682183 0.0589335 0.0493414 0.0395463 0.0296336 0.0196834 0.0098503 0.00298453 0.0110785 0.0208849 0.022159 0.0235755 0.0251066 0.0267285 0.0284212 0.0301677 0.0319533 0.0337651 0.0355912 0.0374206 0.0309921 0.0247776 0.0189406 0.0138768 0.0106219 0.0108196 0.014249 0.0192009 0.0247382 0.0305079 0.0271538 0.0240023 0.0211048 0.0185471 0.0164638 0.0150428 0.0144878 0.0149224 0.016311 0.0184964 0.0102813 0.015974 0.0283454 0.041788 0.0552979 0.0684589 0.0809386 0.0924092 0.102543 0.111035 0.109314 0.12076 0.143124 0.175117 0.216661 0.268079 0.328567 0.393768 0.453091 0.490169 0.409142 0.333695 0.272168 0.226119 0.194936 0.178054 0.175479 0.187537 0.214829 0.258681 0.265109 0.26537 0.259597 0.248705 0.234105 0.217354 0.199866 0.182757 0.166829 0.152613 0.12787 0.104669 0.0838667 0.0663508 0.0534879 0.0472683 0.0488667 0.0567901 0.0683703 0.0816861 0.0870585 0.0997556 0.11843 0.14233 0.171158 0.204616 0.241786 0.280391 0.316162 0.343017 0.303142 0.270205 0.246872 0.234475 0.233744 0.245086 0.268637 0.304119 0.350201 0.403013 0.371741 0.32772 0.279914 0.234441 0.194361 0.160809 0.134244 0.115436 0.106062 0.108459 0.109397 0.109776 0.109638 0.10904 0.108044 0.106705 0.105061 0.103139 0.100954 0.0985209 0.0682794 0.0624215 0.0824562 0.11806 0.164517 0.222013 0.291179 0.369263 0.445395 0.49854 0.418021 0.349093 0.299008 0.269423 0.260417 0.271757 0.302997 0.353177 0.41919 0.491723 0.435907 0.361883 0.288703 0.225483 0.174329 0.134691 0.106265 0.0907062 0.09124 0.109036 0.104901 0.0994089 0.0927659 0.0852595 0.0772609 0.0692373 0.061776 0.0556068 0.0515527 0.0503062 0.046223 0.0444305 0.0451497 0.0482253 0.0532134 0.0595943 0.066911 0.0747966 0.0829501 0.0911044 0.085258 0.0852234 0.0909065 0.101499 0.115927 0.133172 0.15227 0.172157 0.191527 0.208778 0.192373 0.181396 0.176326 0.177344 0.184344 0.196935 0.214418 0.235684 0.259008 0.281838 0.262547 0.242943 0.224819 0.209335 0.197159 0.188631 0.183873 0.182863 0.185456 0.191389 0.179979 0.170105 0.162605 0.15807 0.156857 0.15908 0.164609 0.17307 0.183842 0.196043 0.175184 0.159358 0.150466 0.149917 0.15832 0.175341 0.199884 0.230196 0.263558 0.295791 0.273929 0.256291 0.244737 0.24037 0.243758 0.255009 0.273732 0.298826 0.328075 0.357628 0.320462 0.279562 0.240545 0.206551 0.17905 0.158753 0.146221 0.142073 0.14688 0.161051 0.142823 0.125252 0.11142 0.104981 0.108863 0.12321 0.145504 0.172369 0.200388 0.226047 0.185306 0.147657 0.114737 0.0877951 0.0690146 0.062131 0.0689473 0.0859789 0.10893 0.135321 0.12881 0.121937 0.114963 0.108117 0.101595 0.095566 0.0901853 0.0856004 0.0819618 0.0794273 0.0858234 0.0936963 0.102779 0.112772 0.123335 0.134064 0.144485 0.154059 0.162212 0.168392 0.155424 0.149312 0.149982 0.157313 0.171143 0.191304 0.217587 0.249507 0.285813 0.323798 0.293255 0.257255 0.221204 0.189012 0.163371 0.146316 0.139341 0.142863 0.155833 0.176209 0.158987 0.140725 0.122259 0.104168 0.0868103 0.0704177 0.0552325 0.0417993 0.0316817 0.0283943 0.0421712 0.0568736 0.0721035 0.0875986 0.103054 0.118061 0.132099 0.144552 0.154775 0.162188 0.147282 0.138816 0.136416 0.139745 0.148461 0.162235 0.180747 0.203597 0.230081 0.258839 0.241579 0.221487 0.201022 0.182177 0.166468 0.15504 0.148744 0.148105 0.153244 0.163863 0.148888 0.132739 0.116413 0.100777 0.0866105 0.074689 0.065846 0.0608795 0.0601898 0.0634243 0.0498848 0.0387936 0.0316493 0.0309715 0.0375871 0.0496423 0.0656333 0.0852853 0.109121 0.138206 0.122757 0.102758 0.0796487 0.0569851 0.0442538 0.0534407 0.0767564 0.102813 0.126692 0.146109 0.106099 0.0735832 0.0494812 0.0393923 0.0480025 0.0674424 0.0911306 0.117035 0.144428 0.172599 0.15545 0.137057 0.118268 0.0996679 0.0815974 0.064198 0.0474665 0.0313029 0.0155459 

label 7
cntNodes 61
averagePosition 171.096 146.937 436.258
lineLength 28.7522
curvature 0 0.00622677 0.0124785 0.0187789 0.0251488 0.031605 0.0381583 0.0448112 0.0515561 0.0583727 0.065225 0.0504386 0.0354747 0.0204871 0.00588564 0.0100844 0.0247878 0.0395109 0.054043 0.0682324 0.0818766 0.0696973 0.0580524 0.0471283 0.0371964 0.0288066 0.0231419 0.0219524 0.0256134 0.0324129 0.0407718 0.0318601 0.0230945 0.014601 0.00720162 0.00700693 0.014409 0.0230937 0.0321697 0.0415083 0.0510719 0.0418212 0.034174 0.0296989 0.03011 0.035448 0.0441185 0.0546632 0.0662224 0.078275 0.0904216 0.0810562 0.071596 0.0621658 0.0528472 0.0436842 0.0346909 0.0258579 0.0171586 0.0085546 1.69804e-015 

