labelNumber 7
label 1
cntNodes 81
averagePosition 189.464 139.12 249.496
lineLength 39.6701
curvature 0 0.0261362 0.0531514 0.0818847 0.113054 0.147082 0.183784 0.221891 0.258557 0.289269 0.308783 0.240403 0.178602 0.125449 0.0798608 0.0398049 0.00779779 0.0361766 0.0742032 0.116051 0.163085 0.142182 0.117279 0.089806 0.0609466 0.0319334 0.0119679 0.0342368 0.0643811 0.0949115 0.124529 0.109963 0.0964736 0.0845464 0.0746504 0.0672841 0.062934 0.0619095 0.064152 0.0692238 0.076501 0.0650125 0.053605 0.0424119 0.0315728 0.0213924 0.0130893 0.011462 0.0183283 0.0280713 0.038657 0.0319501 0.0253303 0.0189647 0.0133075 0.00979926 0.010908 0.0157836 0.0221407 0.0290925 0.0363524 0.0329426 0.0294843 0.0260095 0.0225561 0.019174 0.0159386 0.0129809 0.0105445 0.0090515 0.00896118 0.0080305 0.00711073 0.00620068 0.00529911 0.00440482 0.00351659 0.0026332 0.00175345 0.000876121 2.48322e-015 

label 2
cntNodes 71
averagePosition 196.714 133.973 288.006
lineLength 34.7476
curvature 0 0.0257802 0.0518592 0.0784446 0.105548 0.132863 0.159639 0.184602 0.206019 0.221966 0.230835 0.18687 0.152712 0.128206 0.113505 0.108995 0.114562 0.129256 0.151857 0.181368 0.216765 0.210009 0.200018 0.188029 0.17528 0.16286 0.151642 0.142281 0.135238 0.130797 0.129067 0.106139 0.0836149 0.0621054 0.0422032 0.0256102 0.0197406 0.0303925 0.0472421 0.0656313 0.0844865 0.0647682 0.0454432 0.0271328 0.0135516 0.0198899 0.0371903 0.0563621 0.0762124 0.0963141 0.116157 0.0964182 0.0800509 0.06932 0.0669569 0.0742127 0.0896533 0.110998 0.136504 0.164734 0.193924 0.175197 0.154184 0.132368 0.110788 0.0900342 0.0703433 0.0517022 0.0339436 0.0168106 0 

label 3
cntNodes 30
averagePosition 177.897 129.143 276.029
lineLength 12.6208
curvature 0 0.0235384 0.0469846 0.0701871 0.0928802 0.114642 0.134874 0.152828 0.167683 0.178682 0.185289 0.14668 0.118831 0.102043 0.0973488 0.104898 0.123216 0.150608 0.186194 0.229554 0.27959 0.262455 0.236894 0.206265 0.173631 0.141145 0.109981 0.0805342 0.0526882 0.0260314 

label 4
cntNodes 91
averagePosition 194.224 141.628 290.488
lineLength 43.4684
curvature 0 0.0138177 0.0277465 0.0418819 0.0562866 0.0709695 0.0858621 0.100792 0.11546 0.129428 0.14213 0.114604 0.0879982 0.0627643 0.0392354 0.019354 0.0183617 0.0373769 0.0599796 0.083863 0.108627 0.0969549 0.0850699 0.0732404 0.0617246 0.0508699 0.0413304 0.034484 0.0326368 0.0373839 0.0478124 0.0401891 0.0338043 0.0306326 0.0322609 0.0380647 0.0460519 0.054593 0.0627021 0.0698164 0.0756335 0.0583806 0.0434798 0.0304738 0.0194191 0.0123128 0.0145518 0.0234975 0.0346369 0.0470788 0.0608826 0.0552013 0.049255 0.0434375 0.0383227 0.0346854 0.0333416 0.0346982 0.0384277 0.0437446 0.049864 0.0411228 0.0328589 0.0250999 0.0179873 0.0120838 0.00933974 0.0118691 0.0174424 0.0240377 0.0310619 0.025299 0.0196069 0.0141048 0.00919922 0.00655179 0.00871518 0.0136597 0.0194546 0.0256117 0.031996 0.0290308 0.0259846 0.02287 0.0196985 0.0164808 0.0132262 0.00994328 0.00663992 0.00332323 1.2277e-015 

label 5
cntNodes 30
averagePosition 191.269 138.339 307.927
lineLength 11.0085
curvature 0 0.0172564 0.0344351 0.051438 0.0681279 0.0843127 0.0997368 0.114082 0.126981 0.138049 0.146923 0.115973 0.0908234 0.0725204 0.0637795 0.0673969 0.0826366 0.106752 0.138335 0.177562 0.225416 0.218719 0.206443 0.18913 0.167653 0.143023 0.116205 0.087999 0.0589934 0.0295794 

label 6
cntNodes 530
averagePosition 166.207 146.76 248.91
lineLength 242.075
curvature 0 0.0115306 0.0229965 0.0343243 0.0454246 0.0561855 0.0664694 0.0761135 0.084935 0.0927416 0.0993482 0.0845074 0.0773718 0.0785603 0.0877471 0.103915 0.126297 0.154754 0.189543 0.230794 0.277669 0.244942 0.20905 0.178802 0.163253 0.167971 0.19024 0.22163 0.253322 0.27786 0.289842 0.19498 0.124312 0.0766 0.0665401 0.100564 0.158159 0.233715 0.327691 0.432901 0.521798 0.422065 0.336063 0.278163 0.254989 0.273868 0.345089 0.488826 0.748227 1.17892 1.66811 1.28301 0.791762 0.473841 0.287819 0.173455 0.096942 0.0445337 0.0412156 0.0871153 0.149574 0.158492 0.166632 0.173586 0.178958 0.182414 0.183741 0.182883 0.179953 0.175211 0.169014 0.145447 0.128232 0.117769 0.114393 0.118114 0.128502 0.144866 0.166472 0.192513 0.221802 0.190078 0.154812 0.118931 0.0846057 0.0546469 0.0382418 0.049855 0.0780314 0.111312 0.146332 0.138488 0.130683 0.123193 0.116249 0.110042 0.104741 0.100503 0.0974838 0.0958416 0.095743 0.0928626 0.090597 0.0891618 0.0887409 0.0894667 0.0914022 0.094532 0.0987636 0.103937 0.109835 0.0879565 0.0667355 0.0475957 0.0339936 0.0329052 0.0447223 0.0621049 0.0811478 0.100353 0.118845 0.108438 0.0991645 0.0911802 0.0846164 0.0795862 0.0761809 0.0744551 0.0744093 0.0759814 0.0790527 0.0717206 0.0653117 0.0601657 0.0566388 0.0550462 0.0555664 0.058171 0.0626406 0.0686525 0.0758644 0.0737045 0.0714836 0.0692332 0.0669829 0.0647602 0.0625905 0.0604973 0.0585022 0.0566251 0.0548845 0.0465955 0.0476657 0.0578289 0.0739285 0.0935358 0.115361 0.13852 0.16204 0.184601 0.204484 0.185793 0.169222 0.155496 0.14506 0.13816 0.134884 0.135161 0.138766 0.145337 0.154384 0.15183 0.15166 0.15401 0.158961 0.166536 0.176683 0.189242 0.203892 0.220068 0.236871 0.20728 0.174864 0.142452 0.111983 0.0849847 0.0636886 0.0526802 0.0567241 0.0731233 0.0960643 0.0903745 0.0844264 0.0783436 0.0722365 0.0662027 0.0603311 0.0547076 0.0494238 0.0445878 0.0403369 0.0439434 0.0514744 0.061807 0.0741674 0.0881284 0.103438 0.119873 0.137131 0.154744 0.172016 0.162846 0.152214 0.140678 0.128727 0.116753 0.105039 0.0937723 0.0830568 0.0729358 0.0634084 0.0600795 0.059262 0.0608866 0.0648155 0.0708912 0.0789993 0.0891109 0.101294 0.115707 0.132574 0.123915 0.11445 0.105607 0.0988953 0.0954487 0.0955435 0.0984872 0.103027 0.107893 0.112105 0.0875813 0.0771518 0.0812203 0.097786 0.12436 0.160386 0.207162 0.266954 0.341522 0.428946 0.422765 0.398 0.361718 0.321825 0.284546 0.253837 0.231846 0.219471 0.216627 0.222337 0.195178 0.172873 0.156853 0.148573 0.149496 0.160809 0.183326 0.217873 0.265727 0.328569 0.349109 0.360123 0.359447 0.347076 0.325208 0.297332 0.267014 0.237049 0.209197 0.184319 0.149037 0.121961 0.101133 0.0853483 0.073965 0.066743 0.0636378 0.0645532 0.0692069 0.0772197 0.0631862 0.0487256 0.0342943 0.021163 0.0152195 0.0238691 0.0388253 0.0555743 0.0730926 0.0908919 0.0781904 0.0657947 0.0541488 0.0439663 0.0365752 0.0340158 0.0375861 0.0462663 0.0582346 0.072295 0.0606885 0.0492441 0.0388458 0.0312626 0.0293538 0.0344285 0.0443107 0.0565626 0.0698419 0.0834042 0.0704375 0.0582726 0.0473916 0.0386614 0.0335795 0.0337341 0.0391065 0.0481158 0.059306 0.07184 0.0564289 0.0431408 0.0351351 0.0364869 0.0465811 0.0612997 0.0779811 0.0953157 0.112466 0.128689 0.113973 0.0995631 0.0857619 0.0727591 0.060673 0.049602 0.0396981 0.0312906 0.0250946 0.0222881 0.0118753 0.0144553 0.0264609 0.0407746 0.0565418 0.0739438 0.093368 0.11526 0.14004 0.167988 0.16035 0.149864 0.137394 0.124051 0.111114 0.0999416 0.0918222 0.0876692 0.0876434 0.0910535 0.0820927 0.0770195 0.0757538 0.0779039 0.0828362 0.0898511 0.0983119 0.107674 0.117456 0.127197 0.125835 0.127894 0.133156 0.141402 0.152409 0.165916 0.18157 0.19883 0.216864 0.234456 0.215492 0.197808 0.183195 0.172929 0.167797 0.168079 0.173523 0.18339 0.196523 0.211401 0.192917 0.181807 0.17921 0.185679 0.201118 0.224812 0.255372 0.290338 0.325541 0.354833 0.296123 0.23904 0.189275 0.148956 0.119245 0.102187 0.1005 0.114648 0.142263 0.181156 0.172926 0.160901 0.145962 0.129113 0.111328 0.0934808 0.0763845 0.0609737 0.0486843 0.0418373 0.0454717 0.0498604 0.054799 0.060132 0.0657376 0.0715127 0.0773607 0.0831833 0.0888745 0.0943185 0.0957879 0.0986942 0.102912 0.108321 0.114797 0.122207 0.13039 0.139145 0.148209 0.157248 0.146425 0.135466 0.124792 0.114735 0.105559 0.0974978 0.0907866 0.0856974 0.0825568 0.0817482 0.0714506 0.0602116 0.0483014 0.0360449 0.0239848 0.0138774 0.0128119 0.0220383 0.0337108 0.0455979 0.0299886 0.0171502 0.0145587 0.0248249 0.0385242 0.0529234 0.0674685 0.0819229 0.0960593 0.109582 0.0789741 0.0495377 0.0216767 0.0128241 0.0392892 0.0689398 0.100244 0.133073 0.166806 0.199918 0.166577 0.132705 0.0997022 0.0682742 0.0395851 0.0229601 0.0400253 0.0714875 0.108021 0.148863 0.140237 0.129261 0.116867 0.104143 0.0922137 0.0821024 0.0745885 0.070027 0.0682337 0.068574 0.0496786 0.0445925 0.0539235 0.0721925 0.0957007 0.123584 0.156066 0.193476 0.235518 0.280365 0.259763 0.231458 0.199198 0.166045 0.133926 0.103737 0.0756356 0.0493408 0.0243373 

label 7
cntNodes 71
averagePosition 186.797 131.623 288.426
lineLength 32.4188
curvature 0 0.0132746 0.0266925 0.0403864 0.0544659 0.0690014 0.0840026 0.0993916 0.114973 0.130403 0.145176 0.123937 0.102467 0.0813519 0.0609368 0.041506 0.0239385 0.0144142 0.0245141 0.0419552 0.0610036 0.0496114 0.0384397 0.0281165 0.0202826 0.0186066 0.0244516 0.0341531 0.0452499 0.0568271 0.0684655 0.0551806 0.0420964 0.029222 0.0165356 0.00417785 0.00893166 0.0215032 0.0342818 0.0472683 0.0604772 0.0465765 0.0324474 0.0182958 0.00507375 0.0111939 0.0249823 0.0387796 0.0522921 0.0653427 0.0777308 0.0507384 0.0267399 0.0173246 0.0358687 0.0612923 0.0888932 0.118197 0.148826 0.179849 0.209484 0.186377 0.161797 0.137302 0.113834 0.0918211 0.0713315 0.0522111 0.0341812 0.0169007 2.47721e-015 

