labelNumber 7
label 1
cntNodes 41
averagePosition 156.91 107.256 93.9343
lineLength 21.8892
curvature 0 0.00308972 0.00619306 0.00932356 0.0124946 0.0157191 0.0190098 0.0223784 0.0258361 0.0293924 0.0330552 0.0268458 0.0206338 0.0146787 0.00982052 0.00864088 0.012476 0.0185592 0.025403 0.0325749 0.0399051 0.0308005 0.0217773 0.0132878 0.00756546 0.0106486 0.0183957 0.0268697 0.0353519 0.0436183 0.0515318 0.0455185 0.0397544 0.0342266 0.0289152 0.0237949 0.0188372 0.0140113 0.00928514 0.00462582 8.61782e-016 

label 2
cntNodes 41
averagePosition 161.285 98.8145 128.157
lineLength 18.4957
curvature 0 0.023203 0.0471445 0.0725414 0.10004 0.130109 0.162827 0.197549 0.232475 0.264362 0.288796 0.248736 0.210554 0.17668 0.14809 0.125151 0.108258 0.0981958 0.0960708 0.10277 0.118626 0.110807 0.101914 0.0927258 0.0843015 0.0779999 0.0752971 0.0772308 0.083796 0.0939875 0.106379 0.0946815 0.0830737 0.071695 0.0606221 0.0498819 0.0394637 0.0293291 0.0194212 0.00967043 1.54898e-015 

label 3
cntNodes 81
averagePosition 149.75 110.547 120.902
lineLength 35.63
curvature 0 0.00550578 0.0109708 0.0163546 0.021617 0.0267182 0.0316198 0.0362846 0.0406773 0.0447654 0.0485197 0.0446383 0.0417541 0.0398779 0.0390151 0.0391507 0.0402421 0.042225 0.0450276 0.0485855 0.0528511 0.0455163 0.0379477 0.030253 0.0226005 0.0153908 0.010056 0.0104347 0.01623 0.0237852 0.0318461 0.0296997 0.0279336 0.0266238 0.0258365 0.0256134 0.0259598 0.0268427 0.0281989 0.0299496 0.0320137 0.0285096 0.0259694 0.02465 0.0247155 0.0261354 0.0287005 0.0321362 0.0361974 0.0406987 0.0455071 0.0363013 0.0272832 0.018782 0.0119259 0.010511 0.0159504 0.0238796 0.0324504 0.0411809 0.0498845 0.0472746 0.0453428 0.0441424 0.0437087 0.0440517 0.0451525 0.0469677 0.0494368 0.0524919 0.0560646 0.050726 0.0452594 0.0397024 0.0340851 0.0284304 0.0227547 0.0170689 0.0113795 0.0056896 1.55524e-015 

label 4
cntNodes 71
averagePosition 156.265 111.607 133.034
lineLength 32.1714
curvature 0 0.0302568 0.0613858 0.094179 0.129222 0.166669 0.205898 0.245078 0.280864 0.308684 0.323983 0.250797 0.190086 0.143574 0.112698 0.100506 0.108246 0.13166 0.165286 0.205395 0.248535 0.198808 0.147937 0.0999162 0.0587988 0.0419503 0.0691566 0.114115 0.165429 0.219709 0.27207 0.233311 0.196482 0.165253 0.142148 0.129299 0.12824 0.138948 0.159782 0.188448 0.222373 0.217168 0.214246 0.214422 0.218281 0.226165 0.238135 0.253889 0.272634 0.292906 0.312435 0.287678 0.261315 0.236174 0.21407 0.196045 0.182677 0.174314 0.171205 0.173557 0.181548 0.166467 0.148865 0.129841 0.110275 0.0907734 0.0716784 0.0531218 0.035082 0.0174358 1.94018e-015 

label 5
cntNodes 131
averagePosition 175.224 119.92 134.498
lineLength 61.8511
curvature 0 0.00335757 0.00673775 0.0101634 0.0136577 0.0172447 0.0209492 0.0247972 0.0288157 0.0330333 0.03748 0.0359313 0.0351849 0.0354084 0.0366486 0.0388148 0.0417146 0.0451118 0.0487719 0.0524864 0.056081 0.0569537 0.0701496 0.0905969 0.115271 0.142863 0.172454 0.202717 0.231478 0.25565 0.271755 0.235852 0.206633 0.184559 0.169598 0.161613 0.160472 0.166049 0.178213 0.196809 0.221558 0.213326 0.20117 0.186476 0.170589 0.154629 0.139441 0.125646 0.113731 0.104167 0.0975069 0.104245 0.11215 0.121154 0.131153 0.141981 0.15339 0.165024 0.176402 0.186921 0.195892 0.181354 0.166891 0.153209 0.140816 0.130062 0.121201 0.114421 0.109875 0.107681 0.107916 0.0995323 0.0906965 0.0816488 0.0725921 0.0636932 0.055093 0.0469246 0.0393455 0.0325893 0.0270508 0.0292097 0.0337717 0.0399519 0.0472197 0.0552879 0.0640108 0.0733072 0.0831119 0.0933439 0.103882 0.099351 0.0944985 0.0894529 0.0843342 0.079253 0.0743107 0.0696023 0.0652196 0.0612554 0.0578071 0.069774 0.082124 0.0946507 0.107109 0.119179 0.13046 0.140482 0.148747 0.154793 0.158272 0.139909 0.133177 0.13775 0.153412 0.180304 0.219395 0.272547 0.341697 0.426327 0.518088 0.48165 0.413493 0.335212 0.261622 0.198468 0.145996 0.102267 0.0648563 0.03146 7.83664e-015 

label 6
cntNodes 81
averagePosition 147.36 100.345 114.176
lineLength 38.3824
curvature 0 0.0183548 0.0370039 0.0562096 0.0761628 0.0969266 0.11836 0.140028 0.161118 0.180413 0.196397 0.181452 0.169582 0.161 0.155786 0.153936 0.155382 0.159996 0.167574 0.177822 0.190299 0.176516 0.161252 0.14556 0.130255 0.115935 0.103055 0.0920275 0.0833324 0.0775937 0.0755711 0.0654086 0.0566841 0.0509979 0.0501954 0.055178 0.0651713 0.0786565 0.0942946 0.111033 0.127927 0.125943 0.124227 0.122815 0.121726 0.120963 0.120513 0.120351 0.120436 0.120716 0.121131 0.115531 0.110643 0.10651 0.103164 0.100626 0.0989106 0.098027 0.0979797 0.0987694 0.100393 0.102006 0.103903 0.106063 0.108457 0.111051 0.113797 0.11664 0.119516 0.122349 0.125054 0.111859 0.0983679 0.0849215 0.0717376 0.0589306 0.0465338 0.0345211 0.0228259 0.0113551 1.28943e-015 

label 7
cntNodes 370
averagePosition 167.559 105.983 103.368
lineLength 167.928
curvature 0 0.0225945 0.0464589 0.0729931 0.103863 0.141135 0.187348 0.245353 0.317434 0.402799 0.492672 0.450357 0.381166 0.303329 0.229266 0.164069 0.108435 0.0623018 0.0337293 0.0488974 0.0852951 0.0878502 0.0912348 0.0952879 0.0998246 0.104644 0.109536 0.114283 0.118669 0.122487 0.125549 0.0967459 0.0706518 0.0478437 0.0310961 0.0293179 0.0438597 0.0650522 0.0891867 0.11541 0.143266 0.129988 0.115386 0.100052 0.0844553 0.0689614 0.0539084 0.039826 0.0281442 0.022992 0.0285919 0.0200054 0.0149775 0.017533 0.0257226 0.0359547 0.0468781 0.0579738 0.0689342 0.0794992 0.0894098 0.0678337 0.0471384 0.0272273 0.00832183 0.0124884 0.0315699 0.0512777 0.0715931 0.0925715 0.114108 0.0904938 0.0679597 0.0490201 0.0406211 0.0505736 0.0739854 0.104567 0.140169 0.17986 0.222275 0.224349 0.23632 0.259216 0.292925 0.335901 0.384484 0.432015 0.468838 0.48485 0.47443 0.362852 0.273406 0.204777 0.15239 0.112039 0.0810627 0.0593478 0.0509029 0.060058 0.0837348 0.100912 0.120918 0.143757 0.169169 0.196402 0.223971 0.249532 0.270076 0.282607 0.285155 0.246738 0.218679 0.200388 0.191251 0.190719 0.198269 0.213347 0.235286 0.263065 0.29484 0.275179 0.250636 0.224502 0.199275 0.176593 0.157458 0.142543 0.132418 0.12767 0.128869 0.133269 0.138254 0.143761 0.149686 0.155876 0.16213 0.168195 0.173775 0.178545 0.182176 0.165175 0.148696 0.133263 0.119204 0.106726 0.0959894 0.0871755 0.0805336 0.0764047 0.0751981 0.0835126 0.0936557 0.105351 0.118293 0.132112 0.146333 0.160339 0.173373 0.184576 0.193087 0.174705 0.157857 0.142927 0.130121 0.119553 0.111302 0.105448 0.102083 0.101306 0.10321 0.0765861 0.0496814 0.024838 0.0201058 0.0437745 0.0723793 0.102 0.131419 0.159248 0.183638 0.173338 0.173226 0.182809 0.201611 0.229179 0.264863 0.307121 0.352345 0.393696 0.421435 0.355569 0.292288 0.238463 0.19584 0.164185 0.143147 0.13299 0.134501 0.148573 0.176344 0.178463 0.177 0.171889 0.163424 0.152189 0.138945 0.124486 0.10954 0.0947105 0.0804692 0.069382 0.0590394 0.0493948 0.0404074 0.0320764 0.0245168 0.0181697 0.0143037 0.014847 0.0195239 0.0169689 0.0183199 0.0231407 0.0300326 0.0381114 0.0469788 0.0564502 0.0664153 0.0767754 0.0874095 0.0839301 0.0804349 0.0770626 0.0739483 0.0712169 0.0689754 0.0673046 0.0662512 0.0658235 0.0659906 0.0646882 0.064118 0.0642477 0.0650398 0.0664527 0.0684419 0.0709617 0.0739658 0.077407 0.0812371 0.0780034 0.0746877 0.0713314 0.0679715 0.064641 0.0613689 0.0581817 0.0551034 0.0521571 0.0493663 0.0435356 0.0377637 0.0321699 0.0269218 0.0222877 0.0187143 0.0168384 0.0171488 0.0194573 0.0230891 0.028189 0.0382935 0.0505762 0.0639791 0.0781226 0.0928049 0.107818 0.122865 0.13751 0.151173 0.144131 0.13938 0.137078 0.137351 0.140302 0.146012 0.15454 0.16592 0.18014 0.197097 0.188804 0.177045 0.162737 0.146861 0.130315 0.113826 0.0979285 0.0829907 0.0692735 0.0570058 0.0514253 0.0468882 0.0433809 0.0409179 0.039524 0.0392145 0.03998 0.0417835 0.0445721 0.0482954 0.0526429 0.0622387 0.0757296 0.0920023 0.110285 0.129924 0.150163 0.170005 0.188163 0.203154 0.185273 0.169863 0.157326 0.147898 0.14172 0.138875 0.139398 0.143278 0.150455 0.160821 0.151285 0.141037 0.130746 0.121036 0.112481 0.105605 0.100883 0.0986946 0.09927 0.102636 0.0967857 0.091144 0.0859698 0.0814955 0.0779136 0.0753599 0.0738977 0.073509 0.0740979 0.0755072 0.075857 0.0794663 0.0859773 0.0950968 0.106645 0.120551 0.136815 0.155434 0.176311 0.199124 0.185079 0.167479 0.147525 0.12629 0.104595 0.0829707 0.0616917 0.0408301 0.0203176 

