labelNumber 25
label 1
cntNodes 380
averagePosition 111.239 109.017 19.6049
lineLength 82.1471
curvature 0 0.00274863 0.00549729 0.00824597 0.0109946 0.0137431 0.016491 0.0192381 0.0219837 0.0247269 0.0274668 0.030202 0.0329309 0.0356515 0.0383615 0.0410584 0.043739 0.0463999 0.0490372 0.0516467 0.0542237 0.0491224 0.0441405 0.0393085 0.0346711 0.0302976 0.0262989 0.0228521 0.0202236 0.0187488 0.0186985 0.0200868 0.0226605 0.026085 0.0300878 0.034486 0.0391651 0.0440536 0.0491056 0.0542901 0.0595845 0.0559282 0.0522898 0.0486819 0.0451191 0.0416203 0.0382102 0.034923 0.0318068 0.0289294 0.0263853 0.0243012 0.0228312 0.0221325 0.0223185 0.0234143 0.0253516 0.0280086 0.0312562 0.0349853 0.0391144 0.0325238 0.0269583 0.0234527 0.0231725 0.0263164 0.0318925 0.0388096 0.0463714 0.0541784 0.0619882 0.069638 0.0770079 0.0840038 0.0905495 0.0965824 0.102052 0.106921 0.111159 0.114752 0.117693 0.103986 0.0927755 0.0840962 0.0780474 0.0747254 0.0741364 0.0761386 0.0804596 0.0867709 0.0947652 0.104198 0.114892 0.126726 0.139617 0.153492 0.168274 0.18386 0.200099 0.216776 0.233591 0.229446 0.224981 0.220354 0.21572 0.211216 0.20697 0.203092 0.199679 0.196813 0.19456 0.192973 0.192091 0.191939 0.19253 0.193862 0.195918 0.198669 0.20207 0.206061 0.210566 0.199641 0.188223 0.176538 0.164781 0.153112 0.141661 0.130529 0.119795 0.109528 0.0997884 0.0906458 0.0821866 0.0745308 0.0678489 0.0623752 0.0584066 0.0562661 0.0562235 0.0584034 0.062753 0.0601411 0.0575701 0.0550948 0.0527782 0.0506911 0.0489107 0.0475165 0.0465842 0.0461777 0.04634 0.0470873 0.0484061 0.0502572 0.0525813 0.055308 0.0583624 0.0616704 0.0651614 0.0687701 0.0724369 0.0728928 0.0737658 0.0750344 0.0766768 0.0786714 0.0809974 0.0836351 0.086566 0.0897729 0.0932396 0.096951 0.100892 0.105047 0.109402 0.113939 0.118641 0.123486 0.128451 0.133509 0.138629 0.131334 0.124652 0.118765 0.113858 0.11011 0.107688 0.106725 0.107304 0.109449 0.113122 0.118232 0.124649 0.132221 0.140784 0.150166 0.160192 0.170678 0.181428 0.19223 0.202857 0.19812 0.193148 0.18801 0.182769 0.177486 0.172211 0.16699 0.161863 0.156864 0.152021 0.147356 0.142889 0.138634 0.134603 0.130803 0.127241 0.123921 0.120845 0.118013 0.115426 0.10153 0.0880621 0.0750704 0.0626136 0.0508022 0.0398919 0.0305171 0.0241989 0.0233507 0.0284173 0.0370925 0.0475338 0.0589317 0.0709599 0.0834776 0.0964133 0.109715 0.123324 0.137165 0.151128 0.138481 0.127536 0.118904 0.113281 0.111357 0.113653 0.120376 0.131407 0.146434 0.1651 0.187085 0.21211 0.239883 0.270019 0.301947 0.334815 0.367414 0.398159 0.425164 0.446443 0.401763 0.356816 0.313525 0.273052 0.235986 0.202564 0.172873 0.147031 0.125374 0.108634 0.0980031 0.0947842 0.099531 0.11158 0.129655 0.152681 0.180055 0.211553 0.247151 0.286831 0.279746 0.269455 0.256361 0.241015 0.224052 0.206151 0.187981 0.170183 0.153353 0.138045 0.124766 0.113961 0.105968 0.100941 0.0987855 0.0991479 0.101501 0.105261 0.109886 0.114926 0.0938879 0.0779005 0.0679833 0.0654667 0.0706795 0.0824318 0.0992002 0.120088 0.144897 0.173939 0.207899 0.247765 0.29479 0.350434 0.416224 0.493418 0.582339 0.681197 0.784449 0.88133 0.859896 0.810811 0.742855 0.665744 0.58747 0.513282 0.445927 0.386369 0.334513 0.289739 0.251234 0.218179 0.189854 0.16568 0.145259 0.128389 0.115093 0.105606 0.100324 0.0996462 0.0932639 0.0872838 0.0818903 0.0772962 0.0737382 0.0714581 0.0706688 0.0715116 0.074025 0.0781428 0.0837206 0.0905748 0.0985136 0.107355 0.116928 0.127076 0.137641 0.148465 0.159379 0.170199 0.161566 0.152612 0.143448 0.134172 0.124865 0.115592 0.106406 0.0973436 0.0884312 0.0796842 0.0711092 0.0627054 0.0544658 0.0463787 0.0384283 0.0305958 0.0228601 0.0151984 0.00758661 

label 2
cntNodes 380
averagePosition 72.2701 112.643 22.9206
lineLength 85.1075
curvature 0 0.00202841 0.0040589 0.00609354 0.00813438 0.0101835 0.0122428 0.0143143 0.0164 0.0185016 0.020621 0.0227599 0.0249197 0.0271022 0.0293085 0.0315398 0.0337973 0.0360816 0.0383935 0.0407332 0.0431008 0.0403221 0.0375027 0.0346483 0.0317648 0.0288583 0.0259357 0.0230055 0.0200787 0.0171718 0.0143123 0.0115516 0.00899924 0.00690992 0.00582595 0.00630422 0.00807951 0.0105179 0.0132596 0.0161501 0.0191198 0.0180895 0.0170801 0.0160967 0.0151452 0.0142328 0.013368 0.0125608 0.0118231 0.0111684 0.0106115 0.0101677 0.00985109 0.00967291 0.00963915 0.00974944 0.00999701 0.0103699 0.0108529 0.0114298 0.0120848 0.0105745 0.00929772 0.00834957 0.00784135 0.00785469 0.00838735 0.00935497 0.0106464 0.0121677 0.013854 0.0156639 0.017572 0.0195635 0.0216299 0.023767 0.0259737 0.0282505 0.0305995 0.0330238 0.0355272 0.0378231 0.0406113 0.0438169 0.0473672 0.0511947 0.0552389 0.0594452 0.0637641 0.0681498 0.0725591 0.0769508 0.0812852 0.0855233 0.0896277 0.0935617 0.0972906 0.100781 0.104003 0.106929 0.109534 0.100398 0.092088 0.0846513 0.0781517 0.0726712 0.0683071 0.0651611 0.0633208 0.062837 0.0637061 0.0658677 0.0692183 0.0736333 0.0789877 0.0851701 0.092087 0.0996626 0.107834 0.116548 0.125753 0.122505 0.119942 0.118196 0.117381 0.117581 0.118845 0.121181 0.124558 0.128906 0.134123 0.140082 0.146639 0.153633 0.160892 0.168236 0.175479 0.182429 0.188897 0.1947 0.199666 0.186625 0.175128 0.165209 0.156888 0.150185 0.145117 0.141696 0.139931 0.13982 0.141349 0.144493 0.14922 0.155489 0.163255 0.172471 0.183084 0.19503 0.208223 0.222545 0.23783 0.221957 0.20427 0.185294 0.165499 0.145274 0.124927 0.104684 0.0847107 0.0651486 0.0462134 0.0285924 0.0161493 0.021065 0.0367865 0.0546256 0.0730403 0.0916733 0.110364 0.128971 0.147319 0.138072 0.128893 0.119885 0.111138 0.102735 0.0947553 0.0872801 0.0803995 0.074217 0.0688538 0.0644484 0.0611473 0.0590856 0.058358 0.0589924 0.0609398 0.0640872 0.0682857 0.0733791 0.0792221 0.075969 0.0729873 0.0703299 0.0680503 0.0662011 0.0648314 0.0639833 0.0636883 0.063965 0.0648165 0.0662311 0.0681835 0.070638 0.0735516 0.0768771 0.0805652 0.0845665 0.0888315 0.0933115 0.0979577 0.0977144 0.0974734 0.0972361 0.0970038 0.0967777 0.0965588 0.0963479 0.0961457 0.0959527 0.0957693 0.0955958 0.0954322 0.0952784 0.0951343 0.0949994 0.0948732 0.0947551 0.0946444 0.09454 0.0944411 0.0921632 0.0900542 0.0881221 0.0863744 0.0848179 0.083459 0.0823038 0.0813575 0.0806251 0.0801108 0.0798184 0.0797508 0.0799104 0.0802988 0.080917 0.0817651 0.0828427 0.0841488 0.0856817 0.0874392 0.0834981 0.0795176 0.0755279 0.0715606 0.0676488 0.0638286 0.0601396 0.0566269 0.0533417 0.0503431 0.0476978 0.0454789 0.0437621 0.0426185 0.0421054 0.0422564 0.0430753 0.0445362 0.0465894 0.0491706 0.0527181 0.0568553 0.0615216 0.0666733 0.072282 0.0783322 0.0848185 0.0917429 0.099113 0.106939 0.115234 0.124008 0.13327 0.143023 0.15326 0.163965 0.175106 0.186633 0.19847 0.210517 0.202055 0.192526 0.182206 0.171387 0.160373 0.149467 0.138965 0.129151 0.120289 0.112615 0.106324 0.101545 0.0983272 0.0966256 0.0963039 0.0971566 0.0989401 0.101403 0.10431 0.107454 0.0870011 0.0766635 0.0785273 0.0917942 0.1137 0.142392 0.177569 0.2201 0.271775 0.335292 0.414395 0.514027 0.640308 0.799756 0.996567 1.2259 1.46223 1.6504 1.72188 1.64445 1.3029 1.00655 0.775328 0.601647 0.471913 0.374108 0.299216 0.24086 0.194636 0.157563 0.127746 0.104212 0.0869211 0.0767383 0.0748375 0.0814014 0.0952803 0.11518 0.140555 0.171696 0.172708 0.172628 0.17138 0.168906 0.165177 0.160193 0.153979 0.146586 0.138085 0.128566 0.118129 0.106882 0.0949346 0.0823934 0.0693619 0.0559368 0.0422079 0.028258 0.0141644 

label 3
cntNodes 320
averagePosition 108.526 147.572 10.5117
lineLength 73.6372
curvature 0 0.0106864 0.0214351 0.0323075 0.0433633 0.0546588 0.0662457 0.0781688 0.090463 0.10315 0.116235 0.129697 0.14349 0.157529 0.17169 0.185797 0.199629 0.212912 0.225331 0.236542 0.246195 0.233521 0.221161 0.209312 0.198124 0.187709 0.178147 0.169496 0.161798 0.155082 0.149373 0.144689 0.141048 0.138462 0.136943 0.136497 0.13713 0.138842 0.141629 0.145486 0.150404 0.146976 0.143342 0.139568 0.135718 0.131857 0.128046 0.124346 0.12081 0.117492 0.114441 0.1117 0.109309 0.107303 0.105711 0.104554 0.103848 0.1036 0.103809 0.104466 0.105556 0.106671 0.1081 0.109835 0.111863 0.114174 0.116755 0.119595 0.122679 0.125992 0.129517 0.133236 0.137127 0.141164 0.14532 0.149561 0.153852 0.15815 0.16241 0.166582 0.170611 0.165034 0.159298 0.153476 0.147633 0.141825 0.136102 0.130506 0.125074 0.119836 0.114819 0.110045 0.105535 0.101308 0.097383 0.0937785 0.0905149 0.087614 0.0850998 0.0829987 0.0813397 0.0802261 0.0790391 0.0777842 0.076467 0.0750935 0.0736695 0.0722008 0.0706933 0.0691529 0.0675852 0.0659957 0.0643898 0.0627728 0.0611497 0.0595252 0.0579041 0.0562908 0.0546894 0.0531042 0.051539 0.0548241 0.058418 0.0622778 0.0663695 0.0706662 0.075146 0.0797903 0.084582 0.0895048 0.0945415 0.0996734 0.104879 0.110134 0.11541 0.120675 0.125891 0.131016 0.136003 0.140803 0.145361 0.139707 0.134027 0.128369 0.122775 0.11728 0.111913 0.106699 0.101658 0.0968067 0.0921609 0.0877334 0.0835367 0.0795838 0.0758883 0.072466 0.0693347 0.0665158 0.0640337 0.0619165 0.0601956 0.0523841 0.0448107 0.0377071 0.0314769 0.0268183 0.0247143 0.0258618 0.0299387 0.0359985 0.0432383 0.0511699 0.0595138 0.0680994 0.0768095 0.0855508 0.0942387 0.10279 0.111117 0.11913 0.12673 0.112922 0.0999373 0.0879018 0.0770008 0.0675313 0.0599577 0.0549245 0.0531173 0.0549316 0.0602256 0.0684704 0.0790937 0.0916747 0.105966 0.121846 0.139272 0.158229 0.178699 0.20062 0.223846 0.213209 0.200638 0.18644 0.170941 0.154457 0.137282 0.119677 0.101865 0.0840439 0.0664068 0.0492159 0.0330583 0.0201469 0.0184571 0.0295585 0.0444886 0.0602347 0.0760678 0.0917117 0.106997 0.0981345 0.0895448 0.081263 0.073323 0.0657628 0.0586315 0.0519988 0.0459676 0.0406905 0.0363832 0.0333179 0.031765 0.0318746 0.0335803 0.0366283 0.0407014 0.045519 0.0508703 0.0566081 0.0626311 0.0573983 0.0521634 0.0469343 0.041717 0.0365158 0.0313345 0.026177 0.0210506 0.0159725 0.0109961 0.00635271 0.003671 0.0063642 0.01104 0.0160706 0.0212249 0.0264499 0.0317284 0.0370537 0.042422 0.0388074 0.0351893 0.0315838 0.0280115 0.0245018 0.0210999 0.0178805 0.0149743 0.0126112 0.011152 0.0109707 0.0121286 0.0143053 0.0171157 0.0202958 0.0236935 0.0272223 0.0308307 0.0344859 0.0381653 0.0310112 0.0239226 0.0169396 0.0102256 0.00494454 0.00681565 0.0130759 0.0199745 0.0270539 0.0342293 0.0414766 0.0487861 0.0561514 0.0635644 0.0710141 0.0784847 0.0859546 0.093396 0.100774 0.108047 0.102471 0.0968235 0.0911344 0.0854306 0.0797343 0.0740634 0.0684318 0.0628497 0.0573242 0.0518591 0.0464561 0.0411144 0.0358313 0.0306027 0.025423 0.0202855 0.0151829 0.0101069 0.00504888 

label 4
cntNodes 340
averagePosition 75.3832 149.852 13.617
lineLength 77.8609
curvature 0 0.00547669 0.010957 0.0164444 0.0219416 0.0274507 0.0329728 0.0385073 0.0440524 0.049604 0.055156 0.0606997 0.0662237 0.0717134 0.0771515 0.0825169 0.0877854 0.0929298 0.0979194 0.102721 0.1073 0.106318 0.106025 0.106402 0.107422 0.109057 0.111274 0.114039 0.117316 0.121066 0.125251 0.129827 0.13475 0.139969 0.145431 0.151074 0.156831 0.162626 0.168372 0.173979 0.179345 0.173211 0.167433 0.162075 0.157195 0.15284 0.149055 0.145879 0.143348 0.141497 0.140357 0.139962 0.140343 0.141532 0.143561 0.146464 0.150273 0.155026 0.16076 0.167516 0.175337 0.171804 0.167779 0.163374 0.158711 0.153919 0.14913 0.144481 0.140105 0.136131 0.132681 0.129861 0.127761 0.126446 0.125953 0.126288 0.127425 0.12931 0.131863 0.134983 0.138557 0.136896 0.135531 0.134454 0.133657 0.133129 0.13286 0.132839 0.133054 0.133493 0.134143 0.134988 0.136014 0.137204 0.138541 0.140008 0.141583 0.143246 0.144976 0.146748 0.148538 0.144055 0.13986 0.135978 0.132432 0.129243 0.126429 0.124009 0.121997 0.120411 0.119265 0.118576 0.118357 0.118623 0.119391 0.120675 0.122491 0.124855 0.127784 0.131295 0.135408 0.133847 0.131886 0.129547 0.126856 0.123844 0.120547 0.117004 0.113252 0.109334 0.10529 0.101158 0.0969773 0.0927836 0.0886104 0.0844888 0.0804471 0.0765113 0.0727046 0.069048 0.0655603 0.0646773 0.0642437 0.0642296 0.0646049 0.0653396 0.0664046 0.0677718 0.0694151 0.0713101 0.0734344 0.0757676 0.0782908 0.0809867 0.083839 0.0868321 0.0899506 0.093179 0.0965016 0.0999015 0.103361 0.100291 0.0972062 0.0941232 0.0910563 0.0880188 0.0850228 0.082079 0.0791974 0.076387 0.0736566 0.0710141 0.0684676 0.0660252 0.0636952 0.0614865 0.0594088 0.0574725 0.0556895 0.0540726 0.0526364 0.0506434 0.0487699 0.0470381 0.0454718 0.0440969 0.0429403 0.0420293 0.0413901 0.0410467 0.0410186 0.04132 0.0419584 0.0429347 0.0442434 0.045874 0.0478123 0.0500418 0.0525451 0.0553046 0.0583036 0.0577597 0.057359 0.0571169 0.0570467 0.0571591 0.0574617 0.0579586 0.0586501 0.059533 0.0606004 0.061842 0.063245 0.0647939 0.0664717 0.0682595 0.0701379 0.0720865 0.0740849 0.0761123 0.0781485 0.0719737 0.0660541 0.0604505 0.0552365 0.0505028 0.0463619 0.0429473 0.0404042 0.038866 0.0384188 0.0390697 0.0407406 0.0432925 0.0465631 0.0503972 0.0546621 0.0592499 0.0640753 0.0690697 0.074177 0.0688097 0.0635696 0.0584863 0.0535943 0.0489355 0.0445642 0.0405519 0.0369924 0.0340055 0.031732 0.0303151 0.0298641 0.0304144 0.0319121 0.0342354 0.037236 0.0407729 0.0447286 0.0490114 0.0535521 0.051634 0.0497216 0.0478219 0.0459424 0.0440904 0.0422742 0.0405024 0.0387843 0.03713 0.0355508 0.0340587 0.0326671 0.0313902 0.0302433 0.0292419 0.0284016 0.0277369 0.0272606 0.0269821 0.0269072 0.0196244 0.0123819 0.0053097 0.00311142 0.00990365 0.0171493 0.02447 0.0318348 0.0392369 0.0466728 0.0541373 0.0616218 0.0691132 0.0765934 0.0840378 0.0914157 0.0986893 0.105814 0.112737 0.119403 0.107291 0.0954977 0.0841228 0.0732815 0.0631337 0.0539336 0.0461038 0.0403137 0.0374204 0.0380442 0.0420361 0.0486213 0.0569812 0.0665373 0.0769351 0.0879602 0.0994724 0.111364 0.123537 0.135881 0.129637 0.123099 0.116335 0.109407 0.10237 0.0952707 0.088148 0.0810338 0.0739525 0.0669219 0.0599541 0.0530559 0.0462295 0.0394735 0.0327832 0.0261513 0.0195686 0.0130239 0.00650536 

label 5
cntNodes 141
averagePosition 65.9903 86.7784 40.8658
lineLength 30.2086
curvature 0 0.00683175 0.0136906 0.0206036 0.0275972 0.0346974 0.0419293 0.0493165 0.056881 0.0646424 0.0726168 0.0808164 0.0892479 0.0979111 0.106798 0.115889 0.125153 0.134547 0.144007 0.153457 0.162798 0.156489 0.149886 0.143072 0.13612 0.129097 0.122064 0.115075 0.108177 0.101416 0.0948326 0.0884718 0.0823807 0.0766151 0.0712437 0.0663535 0.0620546 0.0584825 0.0557955 0.0541607 0.0537302 0.0564498 0.0620009 0.0699273 0.0797387 0.0910355 0.103526 0.116995 0.131277 0.146217 0.161657 0.177414 0.193268 0.208958 0.224173 0.238562 0.251745 0.263331 0.272949 0.280275 0.285069 0.257529 0.232018 0.208698 0.187628 0.168809 0.152232 0.137906 0.125881 0.116261 0.109189 0.104827 0.103298 0.10464 0.108787 0.115588 0.124857 0.136425 0.150161 0.165986 0.183856 0.172155 0.159703 0.146928 0.134336 0.122531 0.112246 0.10434 0.0997018 0.0990223 0.102516 0.109831 0.120224 0.132838 0.146867 0.161611 0.176462 0.190878 0.204364 0.21647 0.226799 0.207158 0.189406 0.173525 0.15948 0.147235 0.136771 0.128086 0.1212 0.116151 0.112981 0.111729 0.112414 0.115034 0.119566 0.125978 0.134239 0.144334 0.156269 0.170073 0.185795 0.18181 0.176732 0.170634 0.163611 0.155766 0.147213 0.138063 0.128426 0.118403 0.108084 0.0975485 0.086861 0.0760747 0.0652302 0.0543569 0.0434747 0.0325951 0.0217232 0.0108592 3.76068e-015 

label 6
cntNodes 81
averagePosition 96.185 74.5195 45.0765
lineLength 21.446
curvature 0 0.00590804 0.0118375 0.0178097 0.0238452 0.0299641 0.0361851 0.0425255 0.0490004 0.0556223 0.0624001 0.0693384 0.0764362 0.0836858 0.0910717 0.0985686 0.106141 0.113739 0.121304 0.128759 0.136016 0.132212 0.128407 0.124664 0.121045 0.117601 0.114381 0.111426 0.108771 0.106444 0.104466 0.102851 0.101606 0.10073 0.100216 0.10005 0.100211 0.100674 0.101409 0.102381 0.103553 0.0920008 0.0808172 0.0700262 0.0596493 0.0497261 0.0403558 0.0317912 0.0246702 0.0204304 0.0209249 0.0260205 0.0338958 0.0432969 0.0536953 0.0649 0.076857 0.0895681 0.103052 0.117325 0.132378 0.128767 0.124544 0.11976 0.114469 0.108727 0.102595 0.0961297 0.0893871 0.0824182 0.0752689 0.0679796 0.0605844 0.0531121 0.0455854 0.038022 0.0304353 0.0228346 0.0152261 0.00761383 1.59935e-015 

label 7
cntNodes 101
averagePosition 94.2523 73.4765 43.3723
lineLength 25.8137
curvature 0 0.00543234 0.0108635 0.0162919 0.0217156 0.0271316 0.0325357 0.0379222 0.043284 0.0486117 0.0538938 0.0591165 0.0642634 0.0693157 0.0742519 0.0790481 0.0836784 0.0881149 0.0923285 0.0962892 0.0999672 0.0873691 0.0756193 0.0648619 0.0553476 0.0475109 0.0420288 0.0397018 0.0409908 0.0456078 0.052775 0.0617477 0.0720213 0.0832974 0.0954037 0.108232 0.121696 0.135705 0.15014 0.164842 0.179593 0.168465 0.156662 0.144489 0.132228 0.120144 0.108482 0.0974838 0.0874053 0.0785334 0.0711963 0.0657488 0.0625081 0.0616445 0.063089 0.0665405 0.0715724 0.0777499 0.0846959 0.0921053 0.0997334 0.0853731 0.0722075 0.0605082 0.0508225 0.0441278 0.0417089 0.0443124 0.0514018 0.0618024 0.0745877 0.0892567 0.105598 0.123552 0.143125 0.164323 0.187103 0.211313 0.236638 0.262536 0.28819 0.277631 0.264353 0.249002 0.232231 0.214642 0.196745 0.17894 0.161522 0.144683 0.128537 0.113131 0.0984639 0.0845006 0.0711807 0.0584282 0.0461569 0.0342748 0.0226862 0.0112939 2.81843e-015 

label 8
cntNodes 200
averagePosition 125.665 86.7122 38.2802
lineLength 48.2346
curvature 0 0.00576865 0.0115564 0.0173821 0.0232643 0.0292211 0.0352694 0.0414255 0.0477038 0.0541168 0.0606747 0.0673844 0.0742489 0.0812663 0.0884292 0.0957228 0.103125 0.110603 0.118116 0.125611 0.133022 0.129656 0.125977 0.122032 0.117866 0.113523 0.109045 0.104472 0.0998413 0.0951858 0.0905348 0.0859137 0.0813447 0.0768462 0.0724338 0.0681201 0.0639156 0.0598286 0.0558661 0.052034 0.0483378 0.042694 0.0373078 0.0321904 0.0273755 0.0229385 0.0190333 0.0159523 0.0141609 0.0141098 0.0158009 0.0187799 0.0225697 0.0268682 0.031515 0.0364298 0.0415744 0.0469333 0.0525028 0.0582856 0.0642878 0.0563176 0.0481454 0.0398893 0.0317319 0.024028 0.0176342 0.0145878 0.0168657 0.022894 0.0304416 0.0385168 0.0467189 0.0548498 0.0627863 0.0704362 0.0777219 0.0845741 0.0909293 0.0967301 0.101926 0.0869957 0.073235 0.0605772 0.0490471 0.0388669 0.030692 0.0259492 0.0263352 0.0317191 0.04037 0.0509854 0.0629995 0.0762429 0.0907301 0.106564 0.123893 0.142883 0.163692 0.186446 0.211193 0.221569 0.232526 0.24403 0.256022 0.268409 0.281065 0.293817 0.30645 0.318699 0.330258 0.340787 0.349925 0.357314 0.362626 0.36559 0.36602 0.363835 0.359067 0.351863 0.34247 0.299784 0.26029 0.224543 0.192695 0.164705 0.140498 0.120105 0.103763 0.0919793 0.0854116 0.0845021 0.0890606 0.0982882 0.111211 0.12703 0.145199 0.165351 0.187195 0.210413 0.234579 0.222058 0.208086 0.193108 0.177523 0.161661 0.145782 0.130079 0.114686 0.0996996 0.0851989 0.0712889 0.0581756 0.0463403 0.0369292 0.0322553 0.0346691 0.0435243 0.0564741 0.0720372 0.0896325 0.088659 0.0874818 0.0861085 0.0845504 0.082823 0.0809466 0.0789462 0.076852 0.0746995 0.07253 0.0703895 0.0683293 0.0664041 0.0646706 0.0631852 0.0620005 0.0611618 0.0607028 0.0606424 0.0609829 0.0577849 0.0545959 0.0514194 0.048258 0.0451138 0.0419881 0.038882 0.0357958 0.0327296 0.0296828 0.0266549 0.0236446 0.0206508 0.0176717 0.0147058 0.0117509 0.00880512 0.00586621 0.00293194 

label 9
cntNodes 161
averagePosition 111.163 111.257 47.0205
lineLength 37.0153
curvature 0 0.00658507 0.0131961 0.0198589 0.0265986 0.0334399 0.040406 0.0475188 0.054798 0.0622604 0.069919 0.0777821 0.085852 0.0941232 0.102581 0.1112 0.119942 0.128753 0.137564 0.146288 0.154821 0.150643 0.146308 0.141871 0.137388 0.132908 0.128476 0.124135 0.119921 0.11587 0.112013 0.108379 0.104995 0.101889 0.099084 0.096606 0.0944791 0.0927273 0.091374 0.0904419 0.0899527 0.0946761 0.0999256 0.105691 0.111968 0.118753 0.126045 0.133842 0.14214 0.150929 0.160189 0.169892 0.179991 0.190422 0.201098 0.211905 0.222698 0.233303 0.243517 0.25311 0.261833 0.245434 0.229154 0.213503 0.19893 0.185826 0.174541 0.165381 0.158603 0.154393 0.152843 0.153926 0.157502 0.163332 0.171111 0.180493 0.191113 0.202595 0.214545 0.226556 0.238201 0.221309 0.20429 0.187462 0.171057 0.155231 0.140075 0.125633 0.111908 0.0988827 0.0865197 0.0747774 0.0636183 0.0530251 0.0430308 0.0337913 0.0257766 0.0202243 0.0193075 0.0236778 0.0313984 0.0298747 0.0286948 0.0279402 0.0276807 0.0279608 0.0287899 0.0301424 0.0319647 0.0341888 0.0367424 0.0395568 0.0425697 0.0457267 0.0489799 0.0522875 0.0556121 0.0589202 0.0621812 0.0653672 0.0684522 0.0609786 0.0544866 0.0492155 0.0454697 0.0435611 0.0436929 0.0458534 0.049824 0.0552915 0.0619595 0.0695992 0.0780523 0.0872149 0.0970192 0.107417 0.118369 0.129831 0.141749 0.154048 0.166627 0.16023 0.153193 0.145623 0.137624 0.129295 0.120724 0.11199 0.103161 0.0942906 0.0854222 0.0765884 0.0678115 0.0591054 0.0504762 0.0419238 0.0334429 0.025024 0.0166542 0.00831838 9.99457e-016 

label 10
cntNodes 180
averagePosition 80.1031 113.8 50.8453
lineLength 39.7647
curvature 0 0.00889785 0.0178276 0.0268204 0.0359056 0.0451102 0.0544574 0.0639654 0.0736462 0.0835034 0.0935306 0.103709 0.114005 0.124369 0.13473 0.144999 0.155065 0.164795 0.174039 0.182632 0.190404 0.17932 0.168652 0.15853 0.149056 0.140318 0.132389 0.125335 0.119218 0.114097 0.110029 0.107067 0.105252 0.104614 0.105165 0.1069 0.109793 0.113808 0.118896 0.125004 0.132076 0.12319 0.115269 0.108688 0.103872 0.101267 0.10127 0.104161 0.11004 0.118845 0.130402 0.144499 0.160921 0.179459 0.199891 0.221952 0.245288 0.269417 0.293696 0.317297 0.339225 0.331746 0.324026 0.316324 0.308859 0.30181 0.295313 0.289469 0.284341 0.279962 0.276336 0.27344 0.27123 0.269641 0.268589 0.267975 0.267686 0.267598 0.267578 0.267488 0.267192 0.238268 0.21028 0.183658 0.158616 0.135216 0.113432 0.0932153 0.0745724 0.0577183 0.0434446 0.0339694 0.0330394 0.0411835 0.0547498 0.0711436 0.0893843 0.109184 0.130506 0.153389 0.177861 0.17415 0.170204 0.16621 0.162365 0.158873 0.155937 0.15375 0.152483 0.152275 0.153219 0.155352 0.158655 0.163048 0.168399 0.174534 0.18124 0.188282 0.195407 0.202353 0.20886 0.188367 0.169987 0.154011 0.14076 0.130605 0.123946 0.121137 0.122378 0.127649 0.136725 0.149277 0.164969 0.183508 0.204642 0.228131 0.253678 0.280869 0.309094 0.337486 0.364881 0.342298 0.31711 0.290594 0.263831 0.237667 0.212732 0.189483 0.168269 0.149397 0.133196 0.120065 0.110469 0.104869 0.103549 0.106457 0.113197 0.123167 0.13575 0.150404 0.166678 0.15902 0.150895 0.14242 0.133702 0.124834 0.115897 0.106954 0.0980588 0.0892483 0.0805498 0.0719798 0.063546 0.0552488 0.0470824 0.0390361 0.0310952 0.0232419 0.0154562 0.00771651 

label 11
cntNodes 61
averagePosition 102.742 98.574 36.8327
lineLength 14.8638
curvature 0 0.00446334 0.00893684 0.0134306 0.0179545 0.0225181 0.0271305 0.0318003 0.0365354 0.0413427 0.046228 0.0511957 0.0562486 0.0613874 0.0666106 0.0719138 0.0772895 0.0827267 0.0882103 0.0937207 0.0992336 0.0994153 0.0995386 0.0996037 0.0996109 0.0995609 0.0994545 0.0992925 0.0990761 0.0988067 0.0984857 0.0981147 0.0976954 0.0972297 0.0967195 0.0961667 0.0955736 0.0949422 0.0942746 0.0935731 0.0928398 0.0875172 0.0822351 0.0770111 0.0718586 0.0667875 0.061804 0.0569117 0.0521116 0.0474027 0.0427821 0.0382452 0.0337866 0.0293996 0.0250766 0.0208097 0.01659 0.0124086 0.00825623 0.00412324 1.4211e-015 

label 12
cntNodes 61
averagePosition 99.8594 105.219 37.8298
lineLength 1.0265
curvature 0 2.80343e-005 5.60686e-005 8.41027e-005 0.000112137 0.00014017 0.000168203 0.000196236 0.000224268 0.0002523 0.000280331 0.000308361 0.00033639 0.000364418 0.000392445 0.000420472 0.000448497 0.00047652 0.000504543 0.000532564 0.000560583 0.000504455 0.00044833 0.000392208 0.000336089 0.000279972 0.00022386 0.000167752 0.000111656 5.56001e-005 3.71184e-006 5.68693e-005 0.000112927 0.000169024 0.000225131 0.000281244 0.000337361 0.00039348 0.000449602 0.000505728 0.000561856 0.000533773 0.000505688 0.000477602 0.000449515 0.000421426 0.000393337 0.000365246 0.000337154 0.000309061 0.000280967 0.000252873 0.000224778 0.000196682 0.000168585 0.000140488 0.000112391 8.42937e-005 5.61959e-005 2.8098e-005 1.35723e-013 

label 13
cntNodes 61
averagePosition 99.6406 105.109 37.8846
lineLength 0.734741
curvature 0 4.74631e-005 9.49261e-005 0.000142389 0.000189851 0.000237313 0.000284774 0.000332234 0.000379694 0.000427152 0.000474609 0.000522064 0.000569518 0.000616971 0.000664421 0.00071187 0.000759317 0.000806761 0.000854203 0.000901643 0.00094908 0.000864656 0.000780311 0.000696072 0.00061198 0.000528104 0.000444563 0.000361587 0.000279679 0.000200149 0.000127524 8.2632e-005 0.000108428 0.000176205 0.000254368 0.000335742 0.000418457 0.000501853 0.000585641 0.000669674 0.000753872 0.000716189 0.000678505 0.000640819 0.000603131 0.000565442 0.000527752 0.00049006 0.000452368 0.000414674 0.000376979 0.000339284 0.000301588 0.000263891 0.000226193 0.000188495 0.000150797 0.000113098 7.53986e-005 3.76994e-005 2.64899e-013 

label 14
cntNodes 61
averagePosition 99.8594 105.711 38.104
lineLength 0.741858
curvature 0 3.73622e-005 7.47243e-005 0.000112087 0.000149449 0.000186811 0.000224174 0.000261537 0.000298899 0.000336262 0.000373626 0.000410989 0.000448353 0.000485717 0.000523082 0.000560447 0.000597812 0.000635178 0.000672544 0.00070991 0.000747277 0.000677252 0.000607543 0.000538276 0.000469646 0.00040198 0.000335861 0.000272419 0.000214049 0.000166182 0.000140039 0.000147649 0.00018489 0.000238249 0.000299224 0.000364007 0.000430883 0.00049901 0.000567938 0.000637407 0.000707256 0.000671886 0.000636518 0.000601151 0.000565784 0.000530418 0.000495054 0.000459689 0.000424326 0.000388963 0.000353601 0.000318239 0.000282878 0.000247518 0.000212157 0.000176797 0.000141437 0.000106078 7.07185e-005 3.53592e-005 2.32368e-013 

label 15
cntNodes 61
averagePosition 99.9687 105.437 38.104
lineLength 0.50128
curvature 0 6.67454e-005 0.000133491 0.000200237 0.000266983 0.00033373 0.000400479 0.000467228 0.000533978 0.00060073 0.000667483 0.000734239 0.000800996 0.000867755 0.000934517 0.00100128 0.00106805 0.00113482 0.00120159 0.00126837 0.00133515 0.00120274 0.00107033 0.000937924 0.000805526 0.000673146 0.000540799 0.000408522 0.000276419 0.000144977 2.68966e-005 0.000124592 0.000255768 0.00038782 0.000520079 0.000652418 0.000784794 0.000917189 0.00104959 0.001182 0.00131441 0.00124867 0.00118293 0.00111719 0.00105146 0.000985727 0.00092 0.000854275 0.000788553 0.000722833 0.000657114 0.000591398 0.000525683 0.000459969 0.000394257 0.000328546 0.000262836 0.000197126 0.000131417 6.57085e-005 5.0892e-013 

label 16
cntNodes 61
averagePosition 95.5542 107.555 36.9643
lineLength 8.96926
curvature 0 0.00628246 0.0125754 0.018889 0.0252334 0.0316183 0.0380527 0.0445451 0.051103 0.0577328 0.0644397 0.0712273 0.0780973 0.0850493 0.0920805 0.0991854 0.106355 0.113578 0.120836 0.128112 0.135378 0.12131 0.107863 0.0953848 0.0843758 0.0755548 0.0698471 0.0681586 0.0709255 0.077844 0.0881232 0.100926 0.115592 0.13166 0.148807 0.166788 0.185399 0.204437 0.223684 0.242894 0.261779 0.248523 0.234724 0.22057 0.206222 0.191818 0.177469 0.163261 0.149257 0.135501 0.122018 0.108819 0.0959018 0.0832551 0.0708591 0.0586875 0.0467094 0.03489 0.0231917 0.0115753 2.33881e-015 

label 17
cntNodes 61
averagePosition 99.6406 105.602 38.1588
lineLength 0.589002
curvature 0 4.74509e-005 9.49018e-005 0.000142353 0.000189804 0.000237255 0.000284706 0.000332157 0.000379608 0.000427059 0.000474511 0.000521962 0.000569414 0.000616866 0.000664317 0.000711769 0.000759222 0.000806674 0.000854126 0.000901579 0.000949032 0.000855779 0.000762551 0.00066936 0.000576224 0.000483175 0.000390274 0.000297661 0.000205725 0.000116089 4.54224e-005 8.99028e-005 0.00017758 0.000269109 0.000361576 0.000454409 0.000547421 0.000640535 0.000733711 0.000826928 0.000920174 0.000874164 0.000828154 0.000782145 0.000736136 0.000690126 0.000644117 0.000598108 0.000552099 0.000506091 0.000460082 0.000414074 0.000368065 0.000322057 0.000276049 0.00023004 0.000184032 0.000138024 9.20161e-005 4.6008e-005 3.68659e-013 

label 18
cntNodes 61
averagePosition 102.034 87.6439 38.9204
lineLength 15.3505
curvature 0 0.0110857 0.022263 0.0336228 0.0452547 0.0572458 0.0696784 0.0826274 0.0961558 0.110309 0.125106 0.14053 0.156515 0.172932 0.189576 0.20615 0.222263 0.237436 0.251117 0.262729 0.271722 0.242542 0.213999 0.186762 0.161203 0.137489 0.115682 0.0958348 0.0781215 0.0630525 0.0518198 0.0464803 0.048721 0.0578103 0.0716044 0.0885342 0.107862 0.129323 0.152854 0.178439 0.205994 0.201585 0.195601 0.188199 0.179568 0.169922 0.159473 0.148428 0.136972 0.125265 0.11344 0.101598 0.0898159 0.0781427 0.0666071 0.0552196 0.0439756 0.0328594 0.021846 0.0109045 1.88273e-015 

label 19
cntNodes 61
averagePosition 94.2354 84.7298 39.4632
lineLength 5.52301
curvature 0 0.0316208 0.0635469 0.0960828 0.129531 0.164188 0.200338 0.238248 0.278145 0.320201 0.364497 0.410986 0.459441 0.509398 0.560093 0.610418 0.658897 0.703727 0.742883 0.77431 0.796187 0.712258 0.633659 0.561978 0.498089 0.442522 0.395767 0.358505 0.331707 0.316567 0.314194 0.325233 0.349713 0.387287 0.437659 0.5009 0.577554 0.668534 0.774855 0.897145 1.03486 1.03893 1.02557 0.995504 0.950818 0.894521 0.830007 0.760561 0.689019 0.617592 0.547844 0.480753 0.416823 0.356202 0.29878 0.244275 0.192295 0.142383 0.094042 0.0467563 8.12991e-015 

label 20
cntNodes 81
averagePosition 92.9767 118.069 29.0436
lineLength 20.846
curvature 0 0.00134537 0.00268834 0.00402652 0.00535756 0.0066791 0.00798884 0.00928455 0.010564 0.0118251 0.0130658 0.0142841 0.0154782 0.0166462 0.0177864 0.0188973 0.0199774 0.0210254 0.02204 0.02302 0.0239646 0.0226293 0.021342 0.0201016 0.0189075 0.0177595 0.0166581 0.0156043 0.0146001 0.0136483 0.0127529 0.0119193 0.0111544 0.0104664 0.00986557 0.00936287 0.00896982 0.00869684 0.00855173 0.00853797 0.00865391 0.00804154 0.00782217 0.00802374 0.00861542 0.00952596 0.0106773 0.012005 0.0134629 0.01502 0.016656 0.018358 0.0201179 0.021931 0.0237944 0.0257071 0.0276689 0.0296804 0.0317427 0.0338572 0.0360256 0.0345043 0.0329386 0.0313311 0.0296843 0.0280008 0.0262832 0.0245339 0.0227555 0.0209504 0.0191211 0.01727 0.0153994 0.0135115 0.0116087 0.00969322 0.00776715 0.00583268 0.00389193 0.00194701 2.74008e-016 

label 21
cntNodes 61
averagePosition 106.28 91.1362 35.2194
lineLength 5.24237
curvature 0 0.0188628 0.0378745 0.0571858 0.076951 0.0973297 0.118488 0.140602 0.163855 0.188443 0.214571 0.242454 0.272317 0.304385 0.338879 0.376008 0.415943 0.458802 0.504613 0.55327 0.604485 0.567755 0.524504 0.475773 0.422645 0.366161 0.30727 0.246811 0.185561 0.124459 0.0659895 0.0332681 0.0753754 0.133736 0.193355 0.252345 0.309884 0.365272 0.417758 0.466516 0.510664 0.471363 0.433636 0.39767 0.363554 0.331301 0.300869 0.272175 0.245113 0.219558 0.195378 0.172437 0.150596 0.129722 0.109681 0.0903451 0.0715901 0.0532947 0.0353412 0.0176142 4.25061e-015 

label 22
cntNodes 61
averagePosition 89.7078 107.38 37.403
lineLength 8.29172
curvature 0 0.00591314 0.011842 0.0178022 0.0238097 0.02988 0.0360291 0.0422728 0.048627 0.0551074 0.06173 0.0685103 0.0754636 0.0826051 0.0899491 0.0975094 0.105298 0.113328 0.121607 0.130143 0.13894 0.132224 0.126213 0.121192 0.117451 0.115246 0.114766 0.116095 0.119196 0.123922 0.130042 0.137284 0.145361 0.153998 0.162938 0.171949 0.180822 0.189374 0.197443 0.204887 0.211587 0.195959 0.181076 0.166926 0.153482 0.14071 0.128571 0.11702 0.106012 0.0955006 0.0854394 0.0757824 0.0664845 0.0575018 0.0487916 0.0403125 0.032024 0.0238868 0.0158623 0.0079125 7.264e-016 

label 23
cntNodes 81
averagePosition 84.2955 97.9797 39.6237
lineLength 18.0055
curvature 0 0.0138811 0.0279631 0.0424508 0.0575567 0.073504 0.0905287 0.108881 0.128822 0.150617 0.174521 0.200753 0.229453 0.260617 0.294011 0.329052 0.3647 0.399365 0.430924 0.4569 0.474849 0.427875 0.379638 0.33286 0.289161 0.249318 0.213555 0.181808 0.153926 0.129852 0.109794 0.0944211 0.0849506 0.0827648 0.0884407 0.101285 0.12011 0.144094 0.172998 0.207055 0.246806 0.257817 0.268503 0.278654 0.288045 0.296438 0.303602 0.309324 0.313425 0.315773 0.316297 0.314991 0.311916 0.307193 0.300994 0.293528 0.285025 0.27572 0.265842 0.255602 0.245189 0.222878 0.202035 0.182699 0.164843 0.148395 0.133254 0.119311 0.106448 0.0945498 0.083505 0.0732083 0.0635615 0.0544728 0.0458575 0.0376365 0.029736 0.0220868 0.0146229 0.00728116 1.17209e-015 

label 24
cntNodes 61
averagePosition 80.6717 90.5474 39.7792
lineLength 6.59664
curvature 0 0.0100966 0.020215 0.0303768 0.040603 0.050914 0.0613292 0.0718667 0.0825427 0.0933715 0.104365 0.115531 0.126874 0.138395 0.150089 0.161945 0.173943 0.186059 0.198257 0.210493 0.222713 0.219779 0.216574 0.213118 0.209433 0.205542 0.201466 0.197227 0.192848 0.18835 0.183753 0.179076 0.174339 0.169557 0.164748 0.159926 0.155105 0.150295 0.145509 0.140756 0.136044 0.128194 0.120473 0.112884 0.10543 0.0981073 0.0909149 0.0838482 0.076902 0.0700699 0.0633447 0.0567184 0.0501826 0.0437282 0.0373457 0.0310254 0.0247572 0.018531 0.0123364 0.00616292 3.99248e-015 

label 25
cntNodes 61
averagePosition 85.6911 86.568 41.5657
lineLength 15.0088
curvature 0 0.00412718 0.00824807 0.0123563 0.0164452 0.020508 0.0245374 0.0285259 0.0324653 0.036347 0.0401617 0.0438997 0.0475508 0.051104 0.0545483 0.0578719 0.0610632 0.0641103 0.0670013 0.0697248 0.0722699 0.0626803 0.0543322 0.047522 0.0426954 0.0403651 0.0408595 0.0440809 0.0495755 0.0568215 0.0654162 0.0751069 0.085754 0.0972892 0.109684 0.122924 0.136993 0.151855 0.167437 0.183615 0.200192 0.193452 0.185529 0.176618 0.16692 0.156631 0.14593 0.134977 0.123904 0.112818 0.101799 0.0909067 0.0801761 0.0696269 0.0592631 0.0490773 0.0390521 0.0291634 0.0193812 0.00967203 1.59903e-015 

