labelNumber 7
label 1
cntNodes 151
averagePosition 118.456 104.695 69.0692
lineLength 67.9555
curvature 0 0.0123883 0.024867 0.0375163 0.0503939 0.0635218 0.0768698 0.0903378 0.103738 0.116779 0.129069 0.105604 0.0837096 0.0645971 0.0506105 0.0459524 0.0530987 0.0689172 0.0895928 0.113149 0.138494 0.107487 0.0753488 0.042942 0.0119101 0.0243774 0.0567796 0.0896394 0.122117 0.153126 0.181 0.141247 0.104307 0.0704663 0.0399647 0.018778 0.0326154 0.0618897 0.0949416 0.131124 0.170306 0.154095 0.135214 0.114719 0.0934812 0.0721664 0.0513392 0.0319738 0.0185667 0.0241507 0.0416235 0.040275 0.0404611 0.0421624 0.0452008 0.0493127 0.054224 0.0596895 0.0655005 0.0714769 0.0774565 0.0613512 0.0459526 0.0317176 0.0203475 0.0177567 0.0265806 0.0400268 0.05506 0.070939 0.0873893 0.0707034 0.0558378 0.0452959 0.042839 0.0499474 0.0636546 0.0807 0.0992048 0.118009 0.136141 0.114787 0.0942811 0.075076 0.0576108 0.0427394 0.0326826 0.0313782 0.0394133 0.0527869 0.0687244 0.0564429 0.0449472 0.0352953 0.0297207 0.0310334 0.0391095 0.0514245 0.0662258 0.0827121 0.10046 0.0886188 0.0760423 0.0634223 0.0516357 0.0419188 0.0359898 0.0353168 0.0394543 0.0463896 0.0543501 0.0511663 0.0538538 0.0611032 0.0715251 0.0842168 0.0987127 0.114769 0.132183 0.150653 0.169658 0.158763 0.147273 0.135811 0.124907 0.115018 0.106568 0.0999885 0.0957481 0.0943412 0.0962446 0.0967939 0.0969259 0.096641 0.0959525 0.0948862 0.0934789 0.0917761 0.0898288 0.0876904 0.0854137 0.0753158 0.0656267 0.0563556 0.0474851 0.0389793 0.0307899 0.0228603 0.0151289 0.0075309 3.20008e-015 

label 2
cntNodes 41
averagePosition 123.133 118.746 96.8153
lineLength 19.64
curvature 0 0.00451751 0.00902759 0.0135222 0.0179923 0.0224269 0.0268133 0.0311358 0.035376 0.0395127 0.0435214 0.0404897 0.037523 0.0346272 0.0318065 0.0290646 0.0264048 0.0238313 0.02135 0.0189707 0.0167097 0.0195338 0.0249919 0.0317895 0.0393064 0.0472812 0.0555914 0.0641592 0.0729093 0.0817463 0.0905415 0.081512 0.0722542 0.0629183 0.0536099 0.0443944 0.035303 0.0263404 0.0174906 0.00872352 5.6249e-016 

label 3
cntNodes 30
averagePosition 128.181 120.948 109.27
lineLength 9.65019
curvature 0 0.0116011 0.0232666 0.0350562 0.0470202 0.0591934 0.0715886 0.0841889 0.0969385 0.109734 0.122417 0.105105 0.0896326 0.0772504 0.0697215 0.0688578 0.0752538 0.0878322 0.104951 0.125293 0.147928 0.135114 0.121287 0.106757 0.0917836 0.0765637 0.0612368 0.0458892 0.0305637 0.015271 

label 4
cntNodes 91
averagePosition 136.22 120.116 124.793
lineLength 40.945
curvature 0 0.0139637 0.0280717 0.0424542 0.0572114 0.0723927 0.0879706 0.10381 0.119636 0.135008 0.149317 0.126925 0.105025 0.084166 0.06477 0.0475646 0.0347136 0.0314705 0.0406181 0.0573593 0.0781096 0.0785587 0.0788151 0.0788883 0.0787912 0.0785394 0.0781492 0.0776364 0.0770147 0.0762953 0.0754864 0.0703804 0.0662163 0.0629973 0.0607323 0.0594303 0.0590945 0.0597186 0.0612856 0.0637704 0.0671451 0.0709522 0.0748345 0.0787405 0.0826117 0.0863833 0.0899851 0.0933431 0.0963823 0.0990295 0.101217 0.100561 0.103709 0.110192 0.119431 0.130816 0.143716 0.157445 0.171204 0.184054 0.194947 0.175618 0.159987 0.148449 0.141307 0.138833 0.141283 0.148889 0.161885 0.180544 0.205186 0.188599 0.16678 0.141474 0.114368 0.0869378 0.0607047 0.0387352 0.0308409 0.0441993 0.0664094 0.0590633 0.0518877 0.0448954 0.0380858 0.0314479 0.0249626 0.0186054 0.0123472 0.00615652 9.86413e-016 

label 5
cntNodes 111
averagePosition 91.5001 120.916 151.283
lineLength 48.9655
curvature 0 0.0183362 0.037231 0.0572522 0.0789786 0.102981 0.129762 0.159633 0.19248 0.227417 0.262368 0.256556 0.247415 0.236012 0.223421 0.21058 0.198225 0.186874 0.176852 0.168327 0.161344 0.138426 0.123224 0.116854 0.119755 0.131249 0.149898 0.174107 0.202218 0.232143 0.260933 0.237893 0.215856 0.196578 0.181189 0.170411 0.164712 0.164362 0.169449 0.179871 0.195337 0.18608 0.175929 0.165699 0.156122 0.147843 0.14145 0.137503 0.136556 0.139159 0.145853 0.126472 0.104266 0.0804543 0.0564743 0.034891 0.0242826 0.0348523 0.0539451 0.0736494 0.0919342 0.0784571 0.0672634 0.0582565 0.051535 0.0473728 0.0461034 0.0479132 0.0527241 0.0603117 0.0705219 0.0678712 0.0654909 0.0637101 0.0628585 0.0631954 0.0648337 0.0677012 0.0715595 0.0760672 0.0808496 0.072502 0.0648748 0.0581273 0.0524156 0.0478893 0.0446721 0.0428248 0.0423092 0.0429784 0.0446091 0.0308888 0.0203749 0.0175955 0.0246084 0.0360319 0.0490525 0.0629754 0.0776265 0.0929234 0.108736 0.0988654 0.0883352 0.0774012 0.0662644 0.0550684 0.0439038 0.0328163 0.0218161 0.010888 2.66277e-015 

label 6
cntNodes 520
averagePosition 84.4496 118.499 99.4812
lineLength 234.427
curvature 0 0.0157811 0.031607 0.0475029 0.0634546 0.0793874 0.0951463 0.11048 0.125033 0.138357 0.14994 0.14198 0.133438 0.124676 0.115991 0.107605 0.0996721 0.0922848 0.0854885 0.0792934 0.0736851 0.0410967 0.0252353 0.0424572 0.0749834 0.116995 0.172458 0.249444 0.360829 0.524017 0.748771 0.805304 0.764798 0.651976 0.519182 0.400502 0.305914 0.233611 0.178825 0.137298 0.106342 0.0794059 0.0586485 0.0477045 0.0508464 0.0657715 0.0872549 0.112629 0.1408 0.170885 0.201476 0.182224 0.161924 0.141957 0.123371 0.107033 0.0938484 0.0849668 0.081745 0.0852713 0.0958194 0.0970396 0.102467 0.11225 0.125935 0.142634 0.161153 0.180045 0.197637 0.212163 0.222026 0.191634 0.165649 0.144165 0.127117 0.114492 0.106418 0.103146 0.104957 0.112078 0.124722 0.115754 0.105789 0.0958676 0.0872152 0.0810786 0.078384 0.0793187 0.0832245 0.0889582 0.0953546 0.0790629 0.0778019 0.090624 0.114046 0.145778 0.185312 0.232741 0.287269 0.345302 0.398541 0.329465 0.254252 0.184008 0.12274 0.0717194 0.040039 0.0559459 0.0972261 0.144976 0.19595 0.196807 0.199121 0.202968 0.208303 0.214936 0.222514 0.230507 0.238201 0.24473 0.249157 0.219524 0.192327 0.168867 0.149816 0.135595 0.126617 0.123371 0.126376 0.136127 0.153173 0.147999 0.141715 0.135192 0.129417 0.12536 0.123785 0.125045 0.128969 0.134913 0.141942 0.136564 0.134418 0.135232 0.13873 0.144618 0.152581 0.162264 0.173232 0.184938 0.196684 0.188345 0.182576 0.179755 0.18013 0.183838 0.190907 0.201236 0.214561 0.230377 0.247846 0.229122 0.207587 0.185308 0.163885 0.144453 0.127809 0.114575 0.105293 0.100416 0.100175 0.109181 0.122182 0.138896 0.159198 0.183001 0.210052 0.239659 0.270357 0.299623 0.323893 0.286945 0.248439 0.212557 0.181693 0.157064 0.139298 0.128709 0.125237 0.128287 0.136769 0.124387 0.114514 0.107608 0.10412 0.104458 0.108935 0.117739 0.130989 0.148807 0.171357 0.163101 0.151528 0.137358 0.12148 0.104855 0.0884855 0.0734818 0.0612142 0.0533851 0.0514272 0.0482293 0.0495609 0.0546937 0.062504 0.0720411 0.0826619 0.0939332 0.105515 0.117082 0.128273 0.114428 0.100867 0.0878788 0.0756712 0.0644173 0.0543241 0.0457232 0.0391824 0.0355277 0.035496 0.0393975 0.043757 0.0485004 0.053575 0.0589404 0.064561 0.070399 0.0764096 0.0825362 0.0887068 0.0804455 0.0735468 0.0685707 0.0660885 0.066539 0.0700658 0.0764815 0.0853899 0.0963345 0.108868 0.105711 0.102127 0.0982756 0.0943189 0.0904091 0.0866792 0.0832354 0.0801529 0.0774735 0.0752075 0.0743061 0.0787845 0.0876913 0.10021 0.115834 0.134315 0.155508 0.179185 0.204823 0.231362 0.221759 0.210035 0.197335 0.18468 0.172906 0.162649 0.154372 0.148386 0.144867 0.143866 0.148549 0.1556 0.164689 0.17542 0.187298 0.199684 0.211765 0.222565 0.231014 0.23609 0.184024 0.141293 0.111317 0.0994112 0.10939 0.137985 0.179758 0.231182 0.288573 0.344948 0.293237 0.240203 0.192998 0.155868 0.132441 0.126473 0.13924 0.167986 0.208779 0.257926 0.245525 0.228938 0.210198 0.191104 0.173039 0.156973 0.143557 0.13323 0.126287 0.122896 0.127078 0.134518 0.144946 0.158091 0.173627 0.191082 0.209723 0.228441 0.245691 0.259581 0.23523 0.212752 0.193502 0.178266 0.167512 0.161555 0.160644 0.164984 0.17475 0.190099 0.176365 0.159637 0.141241 0.12242 0.104292 0.0879587 0.0747177 0.0662325 0.0641329 0.0688283 0.0807623 0.0948355 0.110653 0.127947 0.146418 0.165605 0.184782 0.202899 0.218609 0.230432 0.208727 0.189874 0.174441 0.162697 0.154754 0.150631 0.15028 0.153592 0.160394 0.170439 0.173193 0.179337 0.189033 0.202341 0.219168 0.239163 0.261552 0.284939 0.307152 0.325298 0.272106 0.217365 0.166147 0.120189 0.0794105 0.0436788 0.0211596 0.0403502 0.0750908 0.114664 0.110326 0.105019 0.0989601 0.0924078 0.0856487 0.0789934 0.0727727 0.0673323 0.0630146 0.0601184 0.0797568 0.109424 0.146012 0.189289 0.239539 0.296022 0.355311 0.409725 0.4477 0.458355 0.3549 0.273662 0.215558 0.179168 0.16395 0.169414 0.193626 0.234005 0.288175 0.352265 0.320519 0.277034 0.229717 0.183855 0.141862 0.104242 0.0707481 0.0421794 0.028531 0.0467859 0.0494146 0.0560427 0.066103 0.0786792 0.0928508 0.107741 0.122469 0.136129 0.14783 0.156788 0.141097 0.130492 0.124818 0.123923 0.127611 0.135624 0.147687 0.163515 0.182776 0.204968 0.203024 0.198907 0.193005 0.18578 0.177706 0.16922 0.160695 0.15243 0.144645 0.137494 0.117636 0.0991452 0.0822519 0.0671394 0.0541471 0.0440761 0.0384921 0.0391239 0.0459955 0.0575424 0.0578621 0.0581921 0.0585443 0.0589284 0.0593504 0.0598124 0.0603114 0.0608393 0.0613832 0.0619262 0.0564675 0.0526744 0.0508146 0.0510798 0.0535081 0.0579812 0.0642979 0.0722584 0.081709 0.0925454 0.0921835 0.0929671 0.0950183 0.0982916 0.102575 0.107526 0.112731 0.117756 0.122198 0.125716 0.102932 0.0866659 0.07799 0.0778158 0.08577 0.100345 0.120053 0.143914 0.171221 0.20109 0.184725 0.165245 0.144013 0.122131 0.100353 0.0790998 0.0585287 0.0386053 0.019172 

label 7
cntNodes 71
averagePosition 117.886 123.141 126.019
lineLength 32.1818
curvature 0 0.0224258 0.0453904 0.0693954 0.0948494 0.121972 0.150644 0.180194 0.209186 0.235323 0.25569 0.209248 0.165297 0.125546 0.0901835 0.0589775 0.033391 0.0263299 0.0469191 0.0773839 0.113238 0.102916 0.0904386 0.0762031 0.0606714 0.0443848 0.028173 0.0148626 0.0164886 0.0303743 0.0459143 0.0368427 0.0282443 0.0200726 0.0124101 0.00624124 0.0072115 0.0139123 0.0216815 0.0299072 0.0385512 0.029698 0.0205467 0.0113531 0.00417044 0.0097833 0.0190886 0.0285654 0.0378793 0.0468694 0.0553998 0.060741 0.0691216 0.0795949 0.0915365 0.104535 0.118258 0.132351 0.146367 0.159733 0.171746 0.15111 0.130494 0.110619 0.0918555 0.0743112 0.0579252 0.0425336 0.0279165 0.0138256 1.87756e-015 

