
---- ----- ---- 104 211 2 ---- ---- ----
0 0 0 0 0
0 0 0 0 0
0 0 0 0 0
0 0 0 0 0
0 0 0 0 0

0 0 0 0 0
0 0 0 0 0
0 0 0 0 0
0 0 0 0 0
0 0 0 0 0

0 0 0 0 0
0 0 0 0 0
0 0 2 0 0
0 0 2 0 0
0 0 0 0 0

0 0 0 0 0
0 0 0 0 0
0 0 0 0 0
0 0 0 0 0
0 0 0 0 0

0 0 0 0 0
0 0 0 0 0
0 0 0 0 0
0 0 0 0 0
0 0 0 0 0


---- ----- ---- 104 212 2 ---- ---- ----
0 0 0 0 0
0 0 0 0 0
0 0 0 0 0
0 0 0 0 0
0 0 0 0 0

0 0 0 0 0
0 0 0 0 0
0 0 0 0 0
0 0 0 0 0
0 0 0 0 0

0 0 0 0 0
0 0 2 0 0
0 0 2 0 0
0 0 0 0 0
0 0 0 0 0

0 0 0 0 0
0 0 0 0 0
0 0 0 0 0
0 0 0 0 0
0 0 0 0 0

0 0 0 0 0
0 0 0 0 0
0 0 0 0 0
0 0 0 0 0
0 0 0 0 0


---- ----- ---- 189 210 4 ---- ---- ----
0 0 0 0 0
0 0 0 0 0
0 0 0 0 0
0 0 0 0 0
0 0 0 0 0

3 0 0 0 0
0 3 0 0 0
0 0 0 0 0
0 0 0 0 0
3 0 0 0 0

0 0 0 0 0
0 0 0 0 0
0 0 4 0 0
0 4 4 0 0
0 0 0 3 0

0 0 0 0 0
0 0 0 0 0
0 0 0 0 0
0 0 0 0 0
0 0 0 0 0

0 0 0 0 0
0 0 0 0 0
0 0 0 0 0
0 0 0 0 0
0 0 0 0 0


---- ----- ---- 188 211 4 ---- ---- ----
0 0 0 0 0
0 0 0 0 0
0 0 0 0 0
0 0 0 0 0
0 0 0 0 0

0 0 3 0 0
0 0 0 0 0
0 0 0 0 0
0 3 0 0 0
3 0 0 0 0

0 0 0 0 0
0 0 0 4 0
0 0 4 4 0
0 0 0 0 3
0 0 0 0 0

0 0 0 0 0
0 0 0 0 0
0 0 0 0 0
0 0 0 0 0
0 0 0 0 3

0 0 0 0 0
0 0 0 0 0
0 0 0 0 0
0 0 0 0 0
0 0 0 0 0


---- ----- ---- 189 211 4 ---- ---- ----
0 0 0 0 0
0 0 0 0 0
0 0 0 0 0
0 0 0 0 0
0 0 0 0 0

0 3 0 0 0
0 0 0 0 0
0 0 0 0 0
3 0 0 0 0
0 0 0 0 0

0 0 0 0 0
0 0 4 0 0
0 4 4 0 0
0 0 0 3 0
0 0 0 0 0

0 0 0 0 0
0 0 0 0 0
0 0 0 0 0
0 0 0 0 0
0 0 0 3 0

0 0 0 0 0
0 0 0 0 0
0 0 0 0 0
0 0 0 0 0
0 0 0 0 0


---- ----- ---- 185 221 5 ---- ---- ----
0 0 0 0 0
0 0 0 0 0
0 0 0 0 0
0 0 0 0 0
0 0 0 0 0

0 3 0 0 0
0 0 0 0 0
0 0 0 0 0
0 0 0 0 0
0 0 0 0 0

0 0 0 0 0
0 3 0 0 0
0 0 2 0 0
0 0 0 0 0
0 0 0 0 0

0 0 0 0 0
0 0 0 0 0
0 0 0 0 0
0 0 0 0 0
0 0 0 0 0

0 0 0 0 0
0 0 0 0 0
0 0 0 0 0
0 0 0 0 0
0 0 0 0 0


---- ----- ---- 126 213 15 ---- ---- ----
0 0 0 0 0
0 0 0 0 0
0 0 0 0 0
0 0 0 0 0
3 0 0 0 0

0 0 0 0 0
0 0 0 0 0
0 0 0 0 0
0 3 0 3 3
0 0 0 0 0

0 0 0 0 0
0 0 0 0 0
0 0 4 0 0
0 0 0 0 0
0 0 0 0 0

0 0 0 0 0
0 0 3 0 0
0 0 0 0 0
0 0 0 0 0
0 0 0 0 0

0 0 3 0 0
0 0 0 0 0
0 0 0 0 0
0 0 0 0 0
0 0 0 0 0


---- ----- ---- 139 225 18 ---- ---- ----
0 0 0 0 0
0 0 0 0 0
0 0 0 0 0
0 0 0 0 0
0 0 0 0 0

0 0 0 0 0
0 0 0 0 0
0 0 0 0 0
0 0 0 0 0
0 0 0 0 0

0 0 0 0 0
0 0 0 0 0
0 0 2 0 0
0 0 0 0 0
0 0 0 0 0

0 0 0 0 0
0 0 0 0 0
3 3 0 0 0
0 0 0 0 0
0 0 0 0 0

0 0 0 0 0
0 0 0 0 0
0 0 0 0 0
0 0 0 0 0
0 0 0 0 0


---- ----- ---- 155 196 29 ---- ---- ----
0 0 0 0 0
0 0 0 0 0
0 0 0 0 0
0 3 0 0 0
0 0 0 0 0

0 0 0 0 0
0 0 0 0 0
0 0 0 0 0
0 0 3 0 0
0 0 0 0 0

0 0 0 0 0
0 0 0 0 0
0 0 4 0 0
0 0 0 0 0
0 0 0 0 0

0 0 0 0 0
0 0 3 0 0
0 0 0 0 0
0 0 3 0 0
0 0 0 0 0

0 0 3 0 0
0 0 0 0 0
0 0 0 0 0
0 0 0 0 0
0 0 3 0 0


---- ----- ---- 145 178 45 ---- ---- ----
0 0 0 0 0
0 0 0 0 0
0 0 0 0 0
0 0 0 0 0
0 0 0 0 0

0 0 0 0 0
0 0 0 0 0
0 0 0 0 0
0 0 0 0 0
0 0 0 0 0

3 0 0 0 0
0 3 0 0 0
0 0 4 0 0
0 3 0 0 0
0 0 3 0 0

0 0 0 0 0
0 0 0 3 0
0 0 0 0 0
0 0 0 0 0
0 0 0 0 0

0 0 0 0 4
0 0 0 0 0
0 0 0 0 0
0 0 0 0 0
0 0 0 0 0


---- ----- ---- 156 181 45 ---- ---- ----
0 0 0 0 0
0 0 0 0 0
0 0 0 0 0
0 0 0 0 0
0 0 0 0 0

0 0 0 0 0
0 0 0 0 0
0 3 0 0 0
0 0 0 0 0
0 0 0 0 0

0 0 0 0 0
3 0 0 0 0
0 0 2 0 0
0 0 0 0 0
0 0 0 0 0

0 0 0 0 0
0 0 0 0 0
0 0 0 0 0
0 0 0 0 0
0 0 0 0 0

0 0 0 0 0
0 0 0 0 0
0 0 0 0 0
0 0 0 0 0
0 0 0 0 0


---- ----- ---- 126 113 46 ---- ---- ----
0 0 0 0 0
0 0 0 0 0
0 0 0 0 0
0 0 0 0 0
0 0 0 0 0

0 0 0 0 0
0 0 0 0 0
0 0 0 0 0
0 0 0 0 0
0 0 0 0 0

0 0 0 0 0
0 0 0 0 0
0 0 2 0 0
0 0 0 3 0
0 0 0 0 0

0 0 0 0 0
0 0 0 0 0
0 0 0 0 0
0 0 0 0 0
0 0 0 0 3

0 0 0 0 0
0 0 0 0 0
0 0 0 0 0
0 0 0 0 0
0 0 0 0 0


---- ----- ---- 144 175 46 ---- ---- ----
0 0 0 0 0
0 0 0 0 0
0 0 0 0 0
0 0 0 0 0
0 0 0 0 0

0 0 0 0 0
0 0 0 0 0
0 0 0 0 0
0 3 0 0 0
0 0 3 0 0

0 0 0 0 0
0 3 0 0 0
0 0 4 0 0
0 0 0 0 0
0 0 0 0 3

4 0 0 0 0
0 0 0 3 0
0 0 0 0 3
0 0 0 0 0
0 0 0 0 0

0 0 0 0 0
0 0 0 0 0
0 0 0 0 0
0 0 0 0 0
0 0 0 0 0


---- ----- ---- 129 119 47 ---- ---- ----
0 0 0 0 0
0 0 0 0 0
0 0 0 0 0
0 0 0 0 0
0 0 0 0 0

0 0 0 0 0
0 0 0 0 0
0 0 0 0 0
0 0 0 0 0
0 3 0 0 0

0 0 3 0 0
0 0 3 0 0
0 0 4 0 0
0 0 4 0 0
0 0 0 0 0

0 0 0 0 0
0 0 0 0 0
0 0 0 0 0
0 0 0 4 0
0 0 0 0 0

0 0 0 0 0
0 0 0 0 0
0 0 0 0 0
0 0 0 0 0
0 0 0 3 0


---- ----- ---- 129 120 47 ---- ---- ----
0 0 0 0 0
0 0 0 0 0
0 0 0 0 0
0 0 0 0 0
0 0 0 0 0

0 0 0 0 0
0 0 0 0 0
0 0 0 0 0
0 3 0 0 0
3 0 0 0 0

0 0 3 0 0
0 0 4 0 0
0 0 4 0 0
0 0 0 0 0
0 0 0 0 0

0 0 0 0 0
0 0 0 0 0
0 0 0 4 0
0 0 0 0 0
0 0 0 0 0

0 0 0 0 0
0 0 0 0 0
0 0 0 0 0
0 0 0 3 0
0 0 0 0 0


---- ----- ---- 142 173 47 ---- ---- ----
0 0 0 0 0
0 0 0 0 0
0 0 0 0 0
0 0 0 0 0
0 0 0 0 0

0 0 0 0 0
0 0 0 0 0
0 0 0 0 0
0 3 0 3 0
3 0 0 0 4

0 3 0 0 0
0 3 0 0 0
0 0 4 0 0
0 0 0 0 0
0 0 0 0 0

0 0 0 0 0
0 0 0 0 0
0 0 0 0 0
0 0 0 0 0
0 0 0 0 0

0 0 0 0 0
0 0 0 0 0
0 0 0 0 0
0 0 0 0 0
0 0 0 0 0


---- ----- ---- 147 176 47 ---- ---- ----
0 0 0 0 0
0 0 0 0 0
0 0 0 0 0
0 0 0 0 0
4 0 0 0 0

0 0 0 0 0
0 0 0 0 0
0 0 0 3 0
0 3 0 0 3
0 0 0 0 0

3 0 0 0 0
0 3 0 0 0
0 0 4 0 0
0 0 0 0 0
0 0 0 0 0

0 0 0 0 0
0 0 0 0 0
0 0 0 0 0
0 0 0 0 0
0 0 0 0 0

0 0 0 0 0
0 0 0 0 0
0 0 0 0 0
0 0 0 0 0
0 0 0 0 0


---- ----- ---- 130 120 48 ---- ---- ----
0 0 0 0 0
0 0 0 0 0
0 0 0 0 0
3 0 0 0 0
0 0 0 0 0

0 3 0 0 0
0 4 0 0 0
0 4 0 0 0
0 0 0 0 0
0 0 0 0 0

0 0 0 0 0
0 0 0 0 0
0 0 4 0 0
0 0 0 0 0
0 0 0 0 0

0 0 0 0 0
0 0 0 0 0
0 0 0 0 0
0 0 3 0 0
0 0 0 0 0

0 0 0 0 0
0 0 0 0 0
0 0 0 0 0
0 0 0 0 0
0 0 0 3 0


---- ----- ---- 112 121 55 ---- ---- ----
0 0 0 0 0
0 0 0 0 0
0 0 0 0 0
0 0 0 0 0
0 0 0 0 0

0 0 0 0 0
0 0 0 0 0
0 0 0 0 0
0 0 0 0 0
0 0 0 0 0

0 0 0 0 0
0 0 0 0 0
0 0 2 0 0
0 0 0 0 0
0 0 0 0 0

0 0 0 0 0
0 0 0 0 0
0 0 0 0 0
0 0 3 0 0
0 0 0 0 0

0 0 0 0 0
0 0 0 0 0
0 3 0 0 0
0 0 0 0 0
0 0 0 0 0


---- ----- ---- 161 159 56 ---- ---- ----
0 0 0 0 0
0 0 0 0 0
0 0 0 0 0
0 0 0 0 0
0 0 0 0 0

0 0 0 0 0
0 0 0 0 0
0 0 0 0 0
0 0 0 0 0
0 0 0 0 0

0 0 0 0 0
3 3 0 0 0
0 0 2 0 0
0 0 0 0 0
0 0 0 0 0

0 0 0 0 0
0 0 0 0 0
0 0 0 0 0
0 0 0 0 0
0 0 0 0 0

0 0 0 0 0
0 0 0 0 0
0 0 0 0 0
0 0 0 0 0
0 0 0 0 0


---- ----- ---- 153 156 58 ---- ---- ----
0 0 0 0 0
0 0 0 0 0
0 0 0 0 0
0 0 0 0 0
0 0 0 0 0

0 0 0 0 0
0 0 0 0 0
0 0 0 3 0
0 0 0 0 3
0 0 0 0 0

0 0 0 0 0
0 0 0 0 0
3 3 4 0 0
0 0 0 0 0
0 0 0 0 0

0 0 0 0 0
0 0 0 3 0
0 0 0 0 0
0 0 0 0 0
0 0 0 0 0

0 0 0 0 0
0 0 0 3 0
0 0 0 0 0
0 0 0 0 0
0 0 0 0 0


---- ----- ---- 160 227 58 ---- ---- ----
0 0 0 0 0
0 0 0 0 0
0 0 0 0 0
0 0 0 0 0
0 0 0 0 0

0 0 0 0 0
0 0 0 0 0
0 0 0 0 0
0 0 0 0 0
0 0 0 0 0

0 0 0 0 0
0 0 0 0 0
0 3 2 0 0
0 0 0 0 0
0 0 0 0 0

0 0 0 0 0
0 0 0 0 0
3 0 0 0 0
0 0 0 0 0
0 0 0 0 0

0 0 0 0 0
0 0 0 0 0
0 0 0 0 0
0 0 0 0 0
0 0 0 0 0


---- ----- ---- 110 121 59 ---- ---- ----
0 0 0 0 0
0 0 0 0 0
0 0 0 3 0
0 0 0 0 0
0 0 0 0 0

0 0 0 0 0
0 0 0 0 0
0 0 0 0 0
0 0 3 0 0
0 0 0 0 0

0 0 0 0 0
0 0 0 0 0
0 0 4 0 0
0 0 0 0 0
0 0 0 0 0

0 0 0 3 0
0 0 4 0 0
0 4 0 0 0
0 0 0 0 0
0 0 0 0 0

0 0 0 0 0
0 0 0 0 0
3 0 0 0 0
0 0 0 0 0
0 0 0 0 0


---- ----- ---- 93 119 60 ---- ---- ----
0 0 0 0 3
0 0 0 0 0
0 0 0 0 0
0 0 0 0 0
0 0 0 0 0

0 0 0 0 0
0 0 0 3 0
0 0 0 0 0
0 0 0 0 0
0 0 0 0 0

0 3 0 0 0
0 3 0 0 0
0 0 5 0 0
0 4 4 0 0
0 0 0 3 0

0 0 0 0 0
0 0 0 0 0
0 0 0 0 0
3 0 0 0 0
0 0 0 0 0

0 0 0 0 0
0 0 0 0 0
0 0 0 0 0
0 0 0 0 0
0 0 0 0 0


---- ----- ---- 92 120 60 ---- ---- ----
0 0 0 0 0
0 0 0 0 0
0 0 0 0 0
0 0 0 0 0
0 0 0 0 0

0 0 0 0 3
0 0 0 0 0
0 0 0 0 0
0 0 0 0 0
0 0 0 0 0

0 0 3 0 0
0 0 0 5 0
0 0 4 4 0
0 0 0 0 3
0 0 0 0 0

0 0 0 0 0
0 0 0 0 0
3 3 0 0 0
0 0 0 0 0
0 0 0 0 0

0 0 0 0 0
0 0 0 0 0
0 0 0 0 0
0 0 0 0 0
0 0 0 0 0


---- ----- ---- 93 120 60 ---- ---- ----
0 0 0 0 0
0 0 0 0 0
0 0 0 0 0
0 0 0 0 0
0 0 0 0 0

0 0 0 3 0
0 0 0 0 0
0 0 0 0 0
0 0 0 0 0
0 0 0 0 0

0 3 0 0 0
0 0 5 0 0
0 4 4 0 0
0 0 0 3 0
0 0 0 0 3

0 0 0 0 0
0 0 0 0 0
3 0 0 0 0
0 0 0 0 0
0 0 0 0 0

0 0 0 0 0
0 0 0 0 0
0 0 0 0 0
0 0 0 0 0
0 0 0 0 0


---- ----- ---- 110 120 60 ---- ---- ----
0 0 0 0 0
0 0 0 0 0
0 0 0 0 0
0 0 0 0 0
0 0 3 0 0

0 0 0 0 0
0 0 0 0 0
0 0 0 0 0
0 0 4 0 0
0 0 0 0 0

0 0 0 0 3
0 0 0 3 0
0 0 4 0 0
0 4 0 0 0
0 0 0 0 0

0 0 0 0 0
0 0 0 0 0
0 0 0 0 0
3 0 0 0 0
0 0 0 0 0

0 0 0 0 0
0 0 0 0 0
0 0 0 0 0
0 0 0 0 0
0 0 0 0 0


---- ----- ---- 109 121 60 ---- ---- ----
0 0 0 0 0
0 0 0 0 0
0 0 0 0 0
0 0 0 3 0
0 0 0 0 0

0 0 0 0 0
0 0 0 0 0
0 0 0 4 0
0 0 0 0 0
0 0 0 0 0

0 0 0 0 3
0 0 0 4 0
0 0 4 0 0
0 0 0 0 0
0 0 0 0 0

0 0 0 0 0
0 0 0 0 0
0 3 0 0 0
3 0 0 0 0
0 0 0 0 0

0 0 0 0 0
0 0 0 0 0
0 0 0 0 0
0 0 0 0 0
0 0 0 0 0


---- ----- ---- 130 159 60 ---- ---- ----
0 0 0 0 0
0 0 0 0 0
0 0 0 0 0
0 0 0 0 0
0 0 0 0 0

0 0 0 0 0
0 0 0 0 0
0 3 0 0 0
3 0 0 0 0
0 0 0 0 0

0 0 0 0 3
0 0 0 0 0
0 0 4 0 0
0 0 0 0 0
0 0 0 0 0

0 0 0 0 0
0 0 0 4 0
0 0 0 4 0
0 0 0 0 0
0 0 0 0 0

0 0 0 0 0
0 0 0 0 0
0 0 0 0 0
0 0 3 0 0
0 0 0 0 0


---- ----- ---- 94 114 61 ---- ---- ----
0 0 0 0 0
0 0 0 0 0
0 0 0 0 0
0 0 0 0 0
0 0 0 0 3

0 0 0 0 0
0 0 0 0 0
0 0 0 0 0
0 0 0 3 0
0 3 0 0 0

0 0 0 0 0
0 0 0 0 0
0 0 4 0 0
0 4 0 0 0
0 0 0 0 0

0 0 0 0 0
0 0 0 0 0
0 4 0 0 0
0 0 0 0 0
0 0 0 0 0

0 0 0 0 0
0 0 0 0 0
0 3 0 0 0
0 0 0 0 0
0 0 0 0 0


---- ----- ---- 93 115 61 ---- ---- ----
0 0 0 0 0
0 0 0 0 0
0 0 0 0 0
0 0 0 0 0
0 0 0 0 0

0 0 0 0 0
0 0 0 0 0
0 0 0 0 3
0 0 3 0 0
0 3 0 0 0

0 0 0 0 0
0 0 0 4 0
0 0 4 0 0
0 0 0 0 0
0 0 0 0 0

0 0 0 0 0
0 0 4 0 0
0 0 0 0 0
0 0 0 0 0
0 0 0 0 0

0 0 0 0 0
0 0 3 0 0
0 0 0 0 0
0 0 0 0 0
0 0 0 0 0


---- ----- ---- 154 154 61 ---- ---- ----
0 0 0 0 0
0 0 0 0 0
0 0 0 0 0
0 0 3 0 0
0 0 0 0 0

0 0 0 0 0
0 0 0 0 0
0 0 0 0 0
0 0 3 0 0
0 0 0 0 0

0 0 0 0 0
0 3 0 0 0
0 0 4 0 0
0 0 0 0 0
0 0 0 0 0

3 0 0 0 0
0 0 0 0 0
0 0 0 0 0
0 0 0 3 0
0 0 0 0 0

0 0 0 0 0
0 0 0 0 0
0 0 0 0 0
0 0 0 0 3
0 0 0 0 0


---- ----- ---- 134 155 61 ---- ---- ----
0 0 0 0 0
0 0 0 0 0
0 0 0 0 0
0 0 0 0 0
0 0 0 0 0

0 0 0 0 0
0 0 0 0 0
0 0 0 0 0
0 0 0 0 0
3 0 0 0 0

0 0 0 0 0
0 0 3 0 0
0 0 4 0 0
0 3 0 0 0
0 0 0 0 0

0 0 3 0 0
0 0 0 0 0
0 0 0 0 0
0 0 0 3 0
0 0 0 0 0

0 0 0 0 0
0 0 0 0 0
0 0 0 0 0
0 0 0 0 3
0 0 0 0 0


---- ----- ---- 131 158 61 ---- ---- ----
0 0 0 0 0
0 0 0 0 0
0 0 0 0 0
3 0 0 0 0
0 0 0 0 0

0 0 0 0 0
0 0 0 3 0
0 0 0 0 0
0 4 0 0 0
0 0 0 0 0

0 0 0 0 3
0 0 0 0 0
0 0 4 0 0
0 0 4 0 0
0 0 0 0 0

0 0 0 0 0
0 0 0 0 0
0 0 0 0 0
0 0 0 0 0
0 3 0 0 0

0 0 0 0 0
0 0 0 0 0
0 0 0 0 0
0 0 0 0 0
0 0 0 0 0


---- ----- ---- 131 159 61 ---- ---- ----
0 0 0 0 0
0 0 0 0 0
3 0 0 0 0
0 0 0 0 0
0 0 0 0 0

0 0 0 3 0
0 0 0 0 0
0 4 0 0 0
0 0 0 0 0
0 0 0 0 0

0 0 0 0 0
0 0 4 0 0
0 0 4 0 0
0 0 0 0 0
0 0 0 0 0

0 0 0 0 0
0 0 0 0 0
0 0 0 0 0
0 3 0 0 0
0 0 0 0 0

0 0 0 0 0
0 0 0 0 0
0 0 0 0 0
0 0 0 0 0
3 0 0 0 0


---- ----- ---- 93 114 62 ---- ---- ----
0 0 0 0 0
0 0 0 0 0
0 0 0 0 0
0 0 0 0 3
0 0 3 0 0

0 0 0 0 0
0 0 0 0 0
0 0 0 4 0
0 0 4 0 0
0 0 0 0 0

0 0 0 0 0
0 0 0 0 0
0 0 4 0 0
0 0 0 0 0
0 0 0 0 0

0 0 0 0 0
0 0 0 0 0
0 0 3 0 0
0 0 0 0 0
0 0 0 0 0

0 0 0 0 0
0 0 3 0 0
0 0 0 0 0
0 0 0 0 0
0 0 0 0 0


---- ----- ---- 141 156 62 ---- ---- ----
0 0 0 0 0
0 0 0 0 0
0 0 0 0 0
0 3 0 0 0
0 0 0 0 0

0 0 0 0 0
0 0 0 0 0
0 0 0 0 0
0 0 3 0 0
0 0 0 0 0

0 0 0 0 0
0 0 0 0 0
0 0 4 0 0
0 0 0 0 0
0 0 0 0 0

0 0 0 0 0
0 0 0 0 0
0 4 4 0 0
0 0 0 0 0
0 0 0 0 0

0 0 0 0 0
0 0 0 4 0
3 0 0 0 3
0 0 0 0 0
0 0 0 0 0


---- ----- ---- 140 156 63 ---- ---- ----
0 0 0 0 0
0 0 0 0 0
0 0 0 0 0
0 0 0 3 0
0 0 0 0 0

0 0 0 0 0
0 0 0 0 0
0 0 0 4 0
0 0 0 0 0
0 0 0 0 0

0 0 0 0 0
0 0 0 0 0
0 0 4 4 0
0 0 0 0 0
0 0 0 0 0

0 0 0 0 0
0 0 0 0 4
3 3 0 0 0
0 0 0 0 0
0 0 0 0 0

0 0 0 0 0
0 0 0 0 0
0 0 0 0 0
0 0 0 0 0
0 0 0 0 0


---- ----- ---- 141 156 63 ---- ---- ----
0 0 0 0 0
0 0 0 0 0
0 0 0 0 0
0 0 3 0 0
0 0 0 0 0

0 0 0 0 0
0 0 0 0 0
0 0 4 0 0
0 0 0 0 0
0 0 0 0 0

0 0 0 0 0
0 0 0 0 0
0 4 4 0 0
0 0 0 0 0
0 0 0 0 0

0 0 0 0 0
0 0 0 4 0
3 0 0 0 3
0 0 0 0 0
0 0 0 0 0

0 0 0 0 4
0 0 0 0 0
0 0 0 0 0
0 0 0 0 0
0 0 0 0 0


---- ----- ---- 142 155 64 ---- ---- ----
0 0 0 0 0
0 0 0 0 0
0 0 0 0 0
0 4 0 0 0
0 0 0 0 0

0 0 0 0 0
0 0 0 0 0
0 0 0 0 0
4 4 0 0 3
0 0 0 0 0

0 0 0 0 0
0 0 0 0 0
0 0 4 0 0
0 0 0 3 0
0 0 0 0 0

0 0 0 0 0
0 0 0 4 0
0 0 0 0 0
0 0 0 0 0
0 0 0 0 0

0 0 0 0 3
0 0 3 0 0
0 0 0 0 0
0 0 0 0 0
0 0 0 0 0


---- ----- ---- 143 154 65 ---- ---- ----
0 0 0 0 0
0 0 0 0 0
0 0 0 0 0
0 0 0 0 0
4 0 0 3 3

0 0 0 0 0
0 0 0 0 0
0 0 0 0 0
0 4 0 0 0
0 0 3 0 0

0 0 0 0 0
0 0 0 0 0
0 0 4 0 0
0 0 0 0 0
0 0 0 0 0

0 0 0 0 3
0 0 0 3 0
0 3 0 0 0
0 0 0 0 0
0 0 0 0 0

0 0 0 0 0
3 0 0 0 0
0 0 0 0 0
0 0 0 0 0
0 0 0 0 0


---- ----- ---- 169 160 65 ---- ---- ----
0 0 0 0 0
0 0 0 0 0
0 0 0 0 0
0 0 0 0 0
0 0 0 0 0

0 0 0 0 0
0 0 0 0 0
0 0 0 0 0
0 0 0 0 0
0 0 0 0 0

0 0 0 0 0
0 0 0 0 0
0 0 2 0 0
0 0 0 0 0
0 0 0 0 0

0 0 0 0 0
0 0 0 0 0
0 0 0 0 0
0 3 0 0 0
0 0 0 0 0

0 0 0 0 0
0 0 0 0 0
0 0 0 0 0
0 0 0 0 0
3 0 0 0 0


---- ----- ---- 166 163 68 ---- ---- ----
0 0 0 0 3
0 0 0 0 0
0 0 0 0 0
0 0 0 0 0
0 0 0 0 0

0 0 0 0 0
0 0 0 3 0
0 0 0 0 0
0 0 0 0 0
0 0 0 0 0

0 0 0 0 0
0 0 0 0 0
0 0 4 0 0
0 0 0 0 0
0 0 0 0 0

3 0 0 0 0
0 4 0 0 0
0 0 4 0 0
0 0 0 0 0
0 0 0 0 0

0 0 0 0 0
0 0 0 0 0
0 0 0 0 0
0 0 4 0 0
0 0 0 4 0


---- ----- ---- 165 162 69 ---- ---- ----
0 0 0 0 0
0 0 0 0 0
0 0 0 0 3
0 0 0 0 0
0 0 0 0 0

0 0 0 0 0
0 0 0 0 0
0 0 0 0 0
0 0 0 4 0
0 0 0 0 0

3 0 0 0 0
0 3 0 0 0
0 0 4 0 0
0 0 0 4 0
0 0 0 0 0

0 0 0 0 0
0 0 0 0 0
0 0 0 0 0
0 0 0 0 0
0 0 0 4 0

0 0 0 0 0
0 0 0 0 0
0 0 0 0 0
0 0 0 0 0
0 0 0 0 0


---- ----- ---- 166 163 69 ---- ---- ----
0 0 0 0 0
0 0 0 3 0
0 0 0 0 0
0 0 0 0 0
0 0 0 0 0

0 0 0 0 0
0 0 0 0 0
0 0 4 0 0
0 0 0 0 0
0 0 0 0 0

3 0 0 0 0
0 4 0 0 0
0 0 4 0 0
0 0 0 0 0
0 0 0 0 0

0 0 0 0 0
0 0 0 0 0
0 0 0 0 0
0 0 4 0 0
0 0 0 4 0

0 0 0 0 0
0 0 0 0 0
0 0 0 0 0
0 0 0 0 0
0 0 4 0 0


---- ----- ---- 89 116 70 ---- ---- ----
0 0 0 0 0
0 0 0 0 3
0 0 0 0 0
0 0 0 0 0
0 0 0 0 0

0 0 0 0 0
0 0 0 3 0
0 0 0 0 0
0 0 0 0 0
0 0 0 0 0

0 0 0 0 0
0 0 0 0 0
0 0 4 0 0
0 0 0 0 0
0 0 0 0 0

0 0 0 0 0
0 0 0 0 0
0 0 4 0 0
0 0 4 0 0
0 0 0 0 0

0 0 0 0 0
0 0 3 0 0
0 0 0 0 0
0 0 0 0 0
0 3 0 0 0


---- ----- ---- 88 127 70 ---- ---- ----
0 0 0 0 0
0 0 0 0 0
0 3 0 0 0
0 0 0 0 0
0 0 0 0 0

0 0 0 0 0
0 0 0 0 0
0 0 3 0 0
0 0 0 0 0
0 0 0 0 0

0 0 0 0 0
0 0 0 0 0
0 0 4 0 0
0 0 0 0 0
0 0 0 0 0

0 0 0 0 0
0 0 0 0 0
0 0 4 0 0
0 0 4 0 0
0 0 0 0 0

0 0 0 0 0
0 0 0 3 0
0 0 0 0 0
0 0 0 0 0
0 0 0 3 0


---- ----- ---- 166 164 70 ---- ---- ----
0 0 0 0 0
0 0 4 0 0
0 0 0 0 0
0 0 0 0 0
0 0 0 0 0

0 4 0 0 0
0 0 4 0 0
0 0 0 0 0
0 0 0 0 0
0 0 0 0 0

0 0 0 0 0
0 0 0 0 0
0 0 4 0 0
0 0 0 4 0
0 0 0 0 0

0 0 0 0 0
0 0 0 0 0
0 0 0 0 0
0 0 4 0 0
0 0 0 0 3

0 0 0 0 0
0 0 0 0 0
0 0 0 0 0
0 0 0 0 0
0 0 2 0 3


---- ----- ---- 167 165 70 ---- ---- ----
0 4 0 0 0
0 0 0 0 0
0 0 0 0 0
0 0 0 0 0
0 0 0 0 0

0 4 0 0 0
0 0 0 0 0
0 0 0 0 0
0 0 0 0 0
0 0 0 0 0

0 0 0 0 0
0 4 0 0 0
0 0 4 0 0
0 0 0 0 0
0 0 0 0 0

0 0 0 0 0
0 0 0 0 0
0 4 0 0 0
0 0 0 3 0
0 0 0 0 0

0 0 0 0 0
0 0 0 0 0
0 0 0 0 0
0 2 0 3 0
0 0 0 0 0


---- ----- ---- 119 179 70 ---- ---- ----
0 0 0 0 0
0 0 0 0 0
0 0 0 0 0
0 0 0 0 0
0 0 0 0 0

0 0 3 0 0
0 0 0 0 0
0 0 0 0 0
0 0 0 0 0
0 0 0 0 0

0 0 0 0 0
0 0 3 0 0
0 0 2 0 0
0 0 0 0 0
0 0 0 0 0

0 0 0 0 0
0 0 0 0 0
0 0 0 0 0
0 0 0 0 0
0 0 0 0 0

0 0 0 0 0
0 0 0 0 0
0 0 0 0 0
0 0 0 0 0
0 0 0 0 0


---- ----- ---- 89 116 71 ---- ---- ----
0 0 0 0 0
0 0 0 3 0
0 0 0 0 0
0 0 0 0 0
0 0 0 0 0

0 0 0 0 0
0 0 0 0 0
0 0 4 0 0
0 0 0 0 0
0 0 0 0 0

0 0 0 0 0
0 0 0 0 0
0 0 4 0 0
0 0 4 0 0
0 0 0 0 0

0 0 0 0 0
0 0 3 0 0
0 0 0 0 0
0 0 0 0 0
0 3 0 0 0

0 0 3 0 0
0 0 0 0 0
0 0 0 0 0
0 0 0 0 0
0 0 0 0 0


---- ----- ---- 89 117 71 ---- ---- ----
0 0 0 3 0
0 0 0 0 0
0 0 0 0 0
0 0 0 0 0
0 0 0 0 0

0 0 0 0 0
0 0 4 0 0
0 0 0 0 0
0 0 0 0 0
0 0 0 0 0

0 0 0 0 0
0 0 4 0 0
0 0 4 0 0
0 0 0 0 0
0 0 0 0 0

0 0 3 0 0
0 0 0 0 0
0 0 0 0 0
0 3 0 0 0
0 0 0 0 0

0 0 0 0 0
0 0 0 0 0
0 0 0 0 0
0 0 0 0 0
0 3 0 0 0


---- ----- ---- 88 127 71 ---- ---- ----
0 0 0 0 0
0 0 0 0 0
0 0 3 0 0
0 0 0 0 0
0 0 0 0 0

0 0 0 0 0
0 0 0 0 0
0 0 4 0 0
0 0 0 0 0
0 0 0 0 0

0 0 0 0 0
0 0 0 0 0
0 0 4 0 0
0 0 4 0 0
0 0 0 0 0

0 0 0 0 0
0 0 0 3 0
0 0 0 0 0
0 0 0 0 0
0 0 0 3 0

0 0 0 0 3
0 0 0 0 0
0 0 0 0 0
0 0 0 0 0
0 0 0 0 0


---- ----- ---- 88 128 71 ---- ---- ----
0 0 0 0 0
0 0 3 0 0
0 0 0 0 0
0 0 0 0 0
0 0 0 0 0

0 0 0 0 0
0 0 4 0 0
0 0 0 0 0
0 0 0 0 0
0 0 0 0 0

0 0 0 0 0
0 0 4 0 0
0 0 4 0 0
0 0 0 0 0
0 0 0 0 0

0 0 0 3 0
0 0 0 0 0
0 0 0 0 0
0 0 0 3 0
0 0 0 0 0

0 0 0 0 0
0 0 0 0 0
0 0 0 0 0
0 0 0 0 0
0 0 0 3 0


---- ----- ---- 166 165 71 ---- ---- ----
0 0 4 0 0
0 0 0 0 0
0 0 0 0 0
0 0 0 0 0
0 0 0 0 0

0 0 0 0 0
0 0 4 0 0
0 0 0 4 0
0 0 0 0 0
0 0 0 0 0

0 0 0 0 0
0 0 0 0 0
0 0 4 0 0
0 0 0 0 3
0 0 0 0 0

0 0 0 0 0
0 0 0 0 0
0 0 0 0 0
0 0 2 0 3
0 0 0 0 0

0 0 0 0 0
0 0 0 0 0
0 0 0 0 0
0 0 0 0 0
0 0 0 0 3


---- ----- ---- 166 166 72 ---- ---- ----
0 0 4 0 0
0 0 0 4 0
0 0 0 0 0
0 0 0 0 0
0 0 0 0 0

0 0 0 0 0
0 0 4 0 0
0 0 0 0 3
0 0 0 0 0
0 0 0 0 0

0 0 0 0 0
0 0 0 0 0
0 0 2 0 3
0 0 0 0 0
0 0 0 0 0

0 0 0 0 0
0 0 0 0 0
0 0 0 0 0
0 0 0 0 3
0 0 0 0 0

0 0 0 0 0
0 0 0 0 0
0 0 0 0 0
0 0 0 2 0
0 0 0 0 0


---- ----- ---- 167 167 74 ---- ---- ----
0 0 0 0 0
0 2 0 3 0
0 0 0 0 0
0 0 0 0 0
0 0 0 0 0

0 0 0 0 0
0 0 0 0 0
0 0 0 3 0
0 0 0 0 0
0 0 0 0 0

0 0 0 0 0
0 0 0 0 0
0 0 2 0 0
0 0 0 0 0
0 0 0 0 0

0 0 0 0 0
0 0 0 0 0
0 0 0 0 0
0 0 0 0 0
0 0 0 0 0

0 0 0 0 0
0 0 0 0 0
0 0 0 0 0
0 0 0 0 0
0 0 0 0 0


---- ----- ---- 89 123 75 ---- ---- ----
0 0 0 0 0
0 0 0 0 0
0 0 0 0 0
0 0 0 0 0
0 0 0 3 0

0 3 0 0 0
0 3 0 0 0
0 0 0 0 0
0 0 0 0 0
0 0 0 3 0

0 0 0 0 0
0 0 0 0 0
0 0 4 0 0
0 0 0 5 0
0 0 0 0 0

0 0 0 0 0
0 0 0 0 0
0 0 0 0 0
0 0 0 5 4
0 0 0 0 0

0 0 0 0 0
0 0 0 0 0
0 0 0 0 0
0 0 3 0 0
0 0 0 0 0


---- ----- ---- 90 124 75 ---- ---- ----
0 0 0 0 0
0 0 0 0 0
0 0 0 0 0
0 0 3 0 0
0 0 0 0 0

3 0 0 0 0
0 0 0 0 0
0 0 0 0 0
0 0 3 0 0
0 0 0 0 0

0 0 0 0 0
0 4 0 0 0
0 0 5 0 0
0 0 0 0 0
0 0 0 0 0

0 0 0 0 0
0 0 0 0 0
0 0 5 4 0
0 0 0 0 0
0 0 0 0 0

0 0 0 0 0
0 0 0 0 0
0 3 0 0 3
0 0 0 0 0
0 0 0 0 0


---- ----- ---- 90 124 76 ---- ---- ----
3 0 0 0 0
0 0 0 0 0
0 0 0 0 0
0 0 3 0 0
0 0 0 0 0

0 0 0 0 0
0 4 0 0 0
0 0 5 0 0
0 0 0 0 0
0 0 0 0 0

0 0 0 0 0
0 0 0 0 0
0 0 5 4 0
0 0 0 0 0
0 0 0 0 0

0 0 0 0 0
0 0 0 0 0
0 3 0 0 3
0 0 0 0 0
0 0 0 0 0

0 0 0 0 0
0 0 0 0 0
0 0 3 0 3
0 0 0 0 0
0 0 0 0 0


---- ----- ---- 91 124 76 ---- ---- ----
0 0 0 0 0
0 0 0 0 0
0 0 0 0 0
0 3 0 0 0
0 0 0 0 0

0 0 0 0 0
4 0 0 0 0
0 5 0 0 0
0 0 0 0 0
0 0 0 0 0

0 0 0 0 0
0 0 0 0 0
0 5 4 0 0
0 0 0 0 0
0 0 0 0 0

0 0 0 0 0
0 0 0 0 0
3 0 0 3 0
0 0 0 0 0
0 0 0 0 0

0 0 0 0 0
0 0 0 0 0
0 3 0 3 0
0 0 0 0 0
0 0 0 0 0


---- ----- ---- 122 164 76 ---- ---- ----
0 0 0 0 0
0 0 3 0 0
0 0 0 0 0
0 0 0 0 0
0 0 0 0 0

0 0 0 0 0
0 0 3 0 0
0 0 0 0 0
0 0 0 0 0
0 0 0 0 0

0 0 0 0 0
0 0 0 0 0
0 0 4 0 0
0 0 3 0 0
0 0 0 0 0

0 0 0 0 0
0 3 0 0 0
0 0 0 0 0
0 0 0 0 0
0 0 0 3 0

3 0 0 0 0
0 0 0 0 0
0 0 0 0 0
0 0 0 0 0
0 0 0 0 0


---- ----- ---- 116 177 76 ---- ---- ----
0 0 0 0 0
0 0 0 0 0
0 0 0 0 0
0 0 0 0 0
0 0 0 0 0

0 0 3 0 0
0 0 3 0 0
0 0 0 0 0
0 0 0 0 0
0 0 0 0 0

0 0 0 0 0
0 0 0 0 0
0 0 2 0 0
0 0 0 0 0
0 0 0 0 0

0 0 0 0 0
0 0 0 0 0
0 0 0 0 0
0 0 0 0 0
0 0 0 0 0

0 0 0 0 0
0 0 0 0 0
0 0 0 0 0
0 0 0 0 0
0 0 0 0 0


---- ----- ---- 90 124 79 ---- ---- ----
0 0 0 0 0
0 0 0 0 0
0 3 0 0 3
0 0 0 0 0
0 0 0 0 0

0 0 0 0 0
0 0 0 0 0
0 0 3 0 3
0 0 0 0 0
0 0 0 0 0

0 0 0 0 0
0 0 0 0 0
0 0 2 0 0
0 0 0 0 0
0 0 0 0 0

0 0 0 0 0
0 0 0 0 0
0 0 0 0 0
0 0 0 0 0
0 0 0 0 0

0 0 0 0 0
0 0 0 0 0
0 0 0 0 0
0 0 0 0 0
0 0 0 0 0


---- ----- ---- 101 96 80 ---- ---- ----
0 0 0 0 0
0 0 0 0 0
0 0 0 0 0
0 0 0 0 0
0 0 0 0 0

0 0 0 0 0
0 0 0 0 0
0 3 0 0 0
3 0 0 0 0
0 0 0 0 0

0 0 0 0 0
0 0 0 0 0
0 0 2 0 0
0 0 0 0 0
0 0 0 0 0

0 0 0 0 0
0 0 0 0 0
0 0 0 0 0
0 0 0 0 0
0 0 0 0 0

0 0 0 0 0
0 0 0 0 0
0 0 0 0 0
0 0 0 0 0
0 0 0 0 0


---- ----- ---- 85 144 80 ---- ---- ----
0 0 0 0 0
0 0 0 0 0
0 0 0 0 0
0 0 0 0 0
0 0 0 0 0

0 0 0 0 3
0 0 0 0 0
0 0 0 0 0
0 0 0 0 0
0 0 0 0 0

0 0 0 0 0
3 3 0 3 0
0 0 4 0 0
0 0 0 3 0
0 0 0 0 0

0 0 0 0 0
0 0 0 0 0
0 0 0 0 0
0 0 0 0 0
0 0 0 3 0

0 0 0 0 0
0 0 0 0 0
0 0 0 0 0
0 0 0 0 0
0 0 0 0 0


---- ----- ---- 92 124 83 ---- ---- ----
0 0 0 0 0
0 0 0 0 0
0 0 0 3 0
0 0 0 0 0
0 0 0 0 0

0 0 0 0 0
0 0 0 0 0
0 0 3 0 0
0 0 0 0 0
0 0 0 0 0

0 0 0 0 0
0 0 0 0 0
0 0 4 0 0
0 0 0 0 0
0 0 0 0 0

0 0 0 0 0
0 0 3 0 0
0 0 0 0 0
0 0 0 3 0
0 0 0 0 0

0 0 3 0 0
0 0 0 0 0
0 0 0 0 0
0 0 0 0 0
0 0 0 0 3


---- ----- ---- 85 115 85 ---- ---- ----
0 0 0 0 0
0 0 0 0 0
0 0 0 0 0
0 0 0 0 0
0 0 0 0 0

0 0 0 0 0
0 0 0 0 0
0 0 0 0 0
0 0 0 0 0
0 0 0 0 0

0 0 0 0 0
0 0 0 0 0
0 0 2 3 0
0 0 0 0 3
0 0 0 0 0

0 0 0 0 0
0 0 0 0 0
0 0 0 0 0
0 0 0 0 0
0 0 0 0 0

0 0 0 0 0
0 0 0 0 0
0 0 0 0 0
0 0 0 0 0
0 0 0 0 0


---- ----- ---- 67 133 87 ---- ---- ----
0 0 0 0 0
0 0 0 0 0
0 0 0 0 0
0 0 0 0 0
0 0 0 0 0

0 0 0 0 0
0 0 0 0 0
0 0 0 0 0
0 0 0 0 0
0 0 0 0 0

0 0 0 0 0
0 0 0 0 0
0 0 2 3 3
0 0 0 0 0
0 0 0 0 0

0 0 0 0 0
0 0 0 0 0
0 0 0 0 0
0 0 0 0 0
0 0 0 0 0

0 0 0 0 0
0 0 0 0 0
0 0 0 0 0
0 0 0 0 0
0 0 0 0 0


---- ----- ---- 89 162 94 ---- ---- ----
0 0 3 0 0
0 0 0 0 0
0 0 0 0 0
0 0 0 0 0
0 0 0 0 0

0 0 0 0 0
0 0 3 0 0
0 0 0 0 0
0 0 0 0 0
0 0 0 0 0

0 0 0 0 0
0 0 0 0 0
0 0 4 0 0
0 0 0 0 0
0 0 0 0 0

0 0 0 0 0
3 0 0 0 0
0 3 0 0 0
0 0 0 3 0
0 0 0 0 0

0 0 0 0 0
0 0 0 0 0
0 0 0 0 0
0 0 0 0 0
0 0 0 0 3


---- ----- ---- 126 180 94 ---- ---- ----
0 0 0 0 0
0 0 0 0 0
0 0 0 0 0
0 0 0 0 0
0 0 0 0 0

0 3 0 0 0
0 3 0 0 0
0 0 0 0 0
0 0 0 0 0
0 0 0 0 0

0 0 0 0 0
0 0 0 0 0
0 0 4 0 0
0 3 0 0 0
0 3 0 0 0

0 0 0 0 0
0 0 0 0 0
0 0 0 3 0
0 0 0 0 0
0 0 0 0 0

0 0 0 0 0
0 0 0 0 3
0 0 0 0 0
0 0 0 0 0
0 0 0 0 0


---- ----- ---- 121 185 95 ---- ---- ----
0 0 0 0 0
0 0 0 0 0
0 0 0 0 0
0 0 0 0 0
0 0 0 0 0

0 0 0 0 0
0 0 0 0 0
0 0 0 0 0
0 0 0 0 0
0 0 0 0 0

0 0 0 0 0
0 0 0 0 3
0 0 2 3 0
0 0 0 0 0
0 0 0 0 0

0 0 0 0 0
0 0 0 0 0
0 0 0 0 0
0 0 0 0 0
0 0 0 0 0

0 0 0 0 0
0 0 0 0 0
0 0 0 0 0
0 0 0 0 0
0 0 0 0 0


---- ----- ---- 132 185 105 ---- ---- ----
0 0 0 0 0
0 0 0 0 0
0 0 0 0 0
0 0 0 0 0
0 0 0 0 0

0 0 0 3 0
0 0 0 0 0
0 0 0 0 0
0 0 0 0 0
0 0 0 0 0

0 0 0 0 0
0 0 3 0 0
0 0 2 0 0
0 0 0 0 0
0 0 0 0 0

0 0 0 0 0
0 0 0 0 0
0 0 0 0 0
0 0 0 0 0
0 0 0 0 0

0 0 0 0 0
0 0 0 0 0
0 0 0 0 0
0 0 0 0 0
0 0 0 0 0


---- ----- ---- 91 150 108 ---- ---- ----
0 0 0 0 0
0 0 0 0 0
0 0 0 0 0
0 0 0 0 0
0 0 0 0 0

0 0 3 0 0
0 0 0 0 0
0 0 0 0 0
0 0 0 0 0
0 0 0 0 0

0 0 0 0 0
0 0 3 0 0
0 0 2 0 0
0 0 0 0 0
0 0 0 0 0

0 0 0 0 0
0 0 0 0 0
0 0 0 0 0
0 0 0 0 0
0 0 0 0 0

0 0 0 0 0
0 0 0 0 0
0 0 0 0 0
0 0 0 0 0
0 0 0 0 0


---- ----- ---- 96 159 108 ---- ---- ----
0 0 0 0 0
0 0 3 0 0
0 0 0 0 0
0 0 0 0 0
0 0 0 0 0

0 0 0 0 0
0 0 3 0 0
0 0 0 0 0
0 0 0 0 0
0 0 0 0 0

0 0 0 0 0
0 0 0 0 0
0 0 2 0 0
0 0 0 0 0
0 0 0 0 0

0 0 0 0 0
0 0 0 0 0
0 0 0 0 0
0 0 0 0 0
0 0 0 0 0

0 0 0 0 0
0 0 0 0 0
0 0 0 0 0
0 0 0 0 0
0 0 0 0 0

