43.758 35.568 30.6881 -0.381562 0.269767 0.884102
43.5927 35.6849 31.0709 -0.382297 0.270331 0.883612
43.4267 35.8023 31.4533 -0.384498 0.272021 0.882137
43.2593 35.9207 31.835 -0.388155 0.274828 0.879662
43.09 36.0407 32.2158 -0.393248 0.278739 0.876162
42.9179 36.1628 32.5952 -0.399751 0.283734 0.871604
42.7424 36.2874 32.973 -0.407627 0.289787 0.865947
42.5628 36.4152 33.3489 -0.41683 0.296864 0.859142
42.3785 36.5466 33.7224 -0.427303 0.304923 0.851137
42.1888 36.6821 34.0933 -0.438977 0.313913 0.841878
41.993 36.8223 34.4613 -0.45177 0.323773 0.831309
41.7907 36.9675 34.8261 -0.463577 0.333749 0.820797
41.5831 37.1177 35.188 -0.472436 0.343179 0.811808
41.3714 37.2724 35.5476 -0.478457 0.35213 0.804415
41.157 37.4315 35.9053 -0.481723 0.360657 0.798667
40.9413 37.5946 36.2615 -0.482294 0.368808 0.79459
40.7258 37.7615 36.6166 -0.480199 0.376615 0.792193
40.5117 37.9318 36.9712 -0.475442 0.3841 0.791468
40.3004 38.1054 37.3257 -0.467997 0.391271 0.792393
40.0933 38.2819 37.6805 -0.457812 0.398121 0.794926
39.8918 38.461 38.0361 -0.444811 0.404629 0.799011
39.6969 38.6424 38.3928 -0.431089 0.410007 0.803777
39.5082 38.8254 38.7509 -0.418844 0.413503 0.808446
39.325 39.0091 39.1103 -0.408128 0.415134 0.813077
39.1464 39.1928 39.4711 -0.398982 0.414914 0.817716
38.9719 39.3757 39.8334 -0.391435 0.412851 0.822394
38.8006 39.557 40.1972 -0.385507 0.408947 0.827132
38.6318 39.736 40.5625 -0.381209 0.403198 0.831932
38.4648 39.9117 40.9295 -0.378546 0.395593 0.836785
38.2988 40.0835 41.2982 -0.377513 0.386116 0.841664
38.133 40.2505 41.6687 -0.378097 0.374746 0.846527
37.967 40.4123 42.0409 -0.379121 0.363652 0.850896
37.8008 40.5697 42.4145 -0.37944 0.355044 0.854382
37.6347 40.7237 42.7892 -0.379081 0.348955 0.857046
37.4691 40.8755 43.1645 -0.378062 0.345409 0.858931
37.3042 41.0262 43.5402 -0.376391 0.344421 0.86006
37.1403 41.1768 43.9158 -0.374069 0.346002 0.860439
36.9778 41.3285 44.291 -0.371087 0.350154 0.86005
36.817 41.4823 44.6653 -0.367428 0.356874 0.858858
36.6581 41.6395 45.0385 -0.363064 0.366152 0.856806
36.5014 41.801 45.4101 -0.357964 0.377965 0.853817
36.3474 41.9674 45.78 -0.351991 0.388185 0.851713
36.1964 42.1368 46.149 -0.345063 0.392731 0.852463
36.0488 42.3066 46.5183 -0.337185 0.391601 0.856128
35.9052 42.4743 46.889 -0.328317 0.384729 0.862666
35.766 42.6373 47.2621 -0.318377 0.371989 0.871929
35.6317 42.7932 47.6388 -0.307251 0.353213 0.88365
35.5027 42.9393 48.0202 -0.294799 0.328215 0.897423
35.3795 43.0732 48.4073 -0.28087 0.296831 0.91269
35.2626 43.1924 48.8013 -0.265323 0.258982 0.928726
35.1524 43.2943 49.2032 -0.248049 0.214737 0.944648
35.0492 43.3771 49.6139 -0.230629 0.170231 0.958035
34.9524 43.4425 50.0326 -0.214861 0.131598 0.967738
34.8614 43.4928 50.4583 -0.200924 0.0989138 0.9746
34.7754 43.5303 50.8899 -0.188913 0.0721164 0.979342
34.6936 43.5575 51.3264 -0.17887 0.051071 0.982546
34.6154 43.5767 51.7668 -0.170798 0.0356214 0.984662
34.5401 43.5903 52.21 -0.164686 0.025625 0.986013
34.4668 43.6006 52.6549 -0.160513 0.0209764 0.986811
34.3949 43.61 53.1006 -0.15826 0.0216203 0.987161
34.3236 43.6209 53.546 -0.157916 0.0275587 0.987068
34.2524 43.635 53.9903 -0.158327 0.0348487 0.986772
34.1813 43.6518 54.4336 -0.158349 0.0394987 0.986593
34.1103 43.6701 54.8761 -0.157985 0.0414877 0.986569
34.0397 43.6886 55.3183 -0.157239 0.0408035 0.986717
33.9695 43.7063 55.7605 -0.156109 0.0374424 0.98703
33.8998 43.7218 56.203 -0.154592 0.0314091 0.987479
33.8309 43.734 56.6461 -0.152686 0.0227182 0.988014
33.7628 43.7418 57.0902 -0.150383 0.0113958 0.988562
33.6956 43.7439 57.5355 -0.147678 -0.00251772 0.989032
33.6296 43.7391 57.9825 -0.144565 -0.0189649 0.989314
33.5648 43.7268 58.4313 -0.140971 -0.035028 0.989394
33.5015 43.7077 58.8821 -0.136848 -0.0478671 0.989435
33.44 43.6835 59.3347 -0.132215 -0.05753 0.98955
33.3804 43.6555 59.7892 -0.127088 -0.064064 0.98982
33.3231 43.625 60.2456 -0.121475 -0.0675123 0.990296
33.2683 43.5936 60.7037 -0.11538 -0.0679114 0.990997
