#pt2d 481
0 0
0.80806 0.0392315
1.59947 0.0834982
2.359 0.138611
3.07476 0.211183
3.74115 0.305329
4.36364 0.410115
4.96507 0.481515
5.58935 0.468297
6.29527 0.384548
7.1427 0.287451
8.17228 0.154575
9.36452 0.0853977
10.6751 0.0454382
12.0547 0.0282593
13.4529 0.0422773
14.8214 0.0745995
16.117 0.122854
17.3078 0.194991
18.3837 0.294171
19.3777 0.382243
20.382 0.276807
21.4729 0.179709
22.6609 0.114481
23.9179 0.0765396
25.1975 0.0676097
26.4448 0.09434
27.6029 0.160813
28.6185 0.296856
29.4532 0.587329
30.1162 1.03431
30.7425 0.713165
31.5074 0.366453
32.4605 0.193679
33.5842 0.108185
34.8388 0.0634325
36.1779 0.0467376
37.5544 0.0569971
38.9254 0.0847141
40.2567 0.12464
41.5308 0.1747
42.759 0.166951
43.9735 0.152009
45.1973 0.135125
46.4412 0.120159
47.7069 0.109186
48.9898 0.103108
50.2814 0.102209
51.5723 0.106409
52.854 0.115277
54.1213 0.127863
55.3778 0.106741
56.6365 0.0856601
57.9014 0.068287
59.1665 0.0579662
60.4198 0.0584771
61.6468 0.0715529
62.8332 0.0960488
63.9693 0.130601
65.0541 0.172552
66.1021 0.213145
67.1448 0.187813
68.2057 0.16174
69.2923 0.140611
70.4023 0.126847
71.527 0.12126
72.6549 0.124012
73.774 0.134864
74.8748 0.153046
75.9531 0.17656
77.0137 0.200822
78.0766 0.169233
79.1745 0.132856
80.3266 0.0996931
81.538 0.0721461
82.8033 0.0497398
84.1111 0.0311784
85.4455 0.0154946
86.7881 0.00795469
88.1196 0.0204405
89.4203 0.0384919
90.6753 0.0390159
91.8873 0.0394356
93.0632 0.0398133
94.2104 0.0402225
95.3363 0.0407287
96.4488 0.0413655
97.5556 0.0421159
98.6651 0.0429091
99.7855 0.0436357
100.925 0.0441752
102.089 0.0413819
103.275 0.0407202
104.475 0.0419191
105.684 0.0446864
106.896 0.0487443
108.109 0.0538477
109.319 0.0597676
110.524 0.066251
111.725 0.0729732
112.925 0.0795004
114.128 0.0723275
115.335 0.0667151
116.543 0.0631524
117.749 0.0620104
118.949 0.0635272
120.137 0.0677821
121.31 0.0746972
122.463 0.084045
123.597 0.0953949
124.711 0.107969
125.812 0.102217
126.91 0.0965882
128.01 0.0920353
129.12 0.0891189
130.243 0.0879592
131.384 0.0882719
132.548 0.0894735
133.742 0.0908226
134.975 0.0915688
136.257 0.091093
137.598 0.0636096
138.991 0.0416065
140.415 0.0242945
141.848 0.0158932
143.262 0.026064
144.629 0.0471626
145.922 0.0773371
147.117 0.12176
148.194 0.19003
149.145 0.293089
149.988 0.33289
150.771 0.3362
151.541 0.301997
152.337 0.249738
153.183 0.198347
154.091 0.156131
155.064 0.124161
156.099 0.100964
157.188 0.0847976
158.323 0.0743066
159.496 0.0621137
160.704 0.0515021
161.943 0.0423705
163.208 0.0345732
164.494 0.0280169
165.792 0.0227631
167.094 0.0191624
168.393 0.0179001
169.678 0.0195545
170.941 0.0240349
172.172 0.0252625
173.372 0.0271681
174.54 0.0298203
175.676 0.0332572
176.782 0.0374887
177.857 0.0424969
178.904 0.0482291
179.925 0.0545831
180.922 0.0613858
181.9 0.0683724
182.863 0.0566273
183.823 0.0448931
184.79 0.0354603
185.772 0.0309688
186.777 0.0324211
187.813 0.0376052
188.886 0.0437625
190.003 0.0493166
191.174 0.0535639
192.407 0.0562509
193.706 0.0402762
195.047 0.0341014
196.404 0.0380899
197.747 0.0504868
199.051 0.0700915
200.292 0.0982822
201.45 0.138661
202.514 0.195979
203.481 0.271206
204.374 0.346605
205.242 0.301622
206.142 0.235159
207.107 0.17592
208.145 0.132399
209.252 0.103696
210.415 0.0874442
211.618 0.0818106
212.846 0.0850794
214.084 0.0952733
215.322 0.110266
216.558 0.0916254
217.792 0.0761663
219.016 0.0667464
220.218 0.0668226
221.378 0.0796327
222.477 0.107512
223.499 0.154384
224.429 0.227552
225.264 0.332255
226.023 0.445474
226.757 0.388392
227.537 0.288779
228.405 0.201501
229.381 0.139431
230.466 0.0975414
231.653 0.0692624
232.931 0.0501224
234.284 0.0377312
235.7 0.0312147
237.162 0.0301856
238.654 0.0196648
240.146 0.0225514
241.605 0.0375123
242.995 0.0612094
244.284 0.0976335
245.438 0.158666
246.428 0.273346
247.231 0.515804
247.848 1.02132
248.338 1.40471
248.873 0.743605
249.576 0.361468
250.454 0.19368
251.478 0.112741
252.608 0.0733591
253.8 0.0646038
255.011 0.0816722
256.204 0.116817
257.352 0.167523
258.442 0.230243
259.494 0.20452
260.536 0.173679
261.582 0.149757
262.625 0.140239
263.65 0.15018
264.641 0.182845
265.58 0.239596
266.466 0.314882
267.317 0.38019
268.186 0.385416
269.154 0.244079
270.268 0.148734
271.527 0.0905037
272.904 0.0540937
274.364 0.0324789
275.868 0.0292002
277.374 0.0444951
278.846 0.070379
280.251 0.106289
281.571 0.154065
282.807 0.156643
283.973 0.160878
285.074 0.172318
286.105 0.197696
287.058 0.245337
287.927 0.324694
288.712 0.437722
289.435 0.546082
290.151 0.555086
290.952 0.44455
291.927 0.239082
293.098 0.132695
294.431 0.0740162
295.878 0.0377354
297.379 0.020067
298.875 0.0373418
300.303 0.0753998
301.604 0.140373
302.721 0.270534
303.607 0.582537
304.266 0.925102
304.799 1.00622
305.348 0.694938
306.004 0.415707
306.798 0.258117
307.728 0.173106
308.777 0.126375
309.928 0.10131
311.16 0.0897625
312.458 0.0870293
313.806 0.0626791
315.181 0.0469348
316.556 0.0428163
317.897 0.0541622
319.168 0.0819294
320.333 0.131973
321.355 0.225543
322.204 0.423365
322.861 0.889798
323.348 1.63923
323.806 1.09384
324.398 0.535406
325.173 0.283913
326.123 0.166554
327.22 0.104518
328.433 0.0684214
329.728 0.0473305
331.068 0.0390412
332.419 0.0443991
333.744 0.061661
335.017 0.059651
336.244 0.0560087
337.434 0.0508901
338.597 0.0445969
339.743 0.0375536
340.877 0.0303232
342.005 0.0237341
343.132 0.0191784
344.263 0.0184484
345.401 0.0217359
346.55 0.0194219
347.709 0.0229642
348.874 0.0300852
350.045 0.0387099
351.221 0.0478508
352.405 0.0569249
353.598 0.0653902
354.809 0.0726449
356.046 0.0780673
357.322 0.0811441
358.647 0.0616754
360.003 0.0494375
361.368 0.0453354
362.711 0.0510187
364.005 0.0675119
365.219 0.0973455
366.323 0.148983
367.285 0.245273
368.08 0.451352
368.687 0.978069
369.117 1.68214
369.47 1.57352
369.882 0.868276
370.421 0.461624
371.103 0.268155
371.922 0.168539
372.864 0.111853
373.914 0.0768405
375.055 0.0540048
376.269 0.0390628
377.536 0.0179077
378.831 0.00825502
380.123 0.0244529
381.384 0.0468876
382.586 0.0766017
383.703 0.119613
384.711 0.187129
385.594 0.298901
386.349 0.477093
387.002 0.675575
387.624 0.572537
388.293 0.409933
389.042 0.285528
389.879 0.208052
390.793 0.164369
391.77 0.143775
392.792 0.139213
393.847 0.145282
394.928 0.157017
396.035 0.169101
397.18 0.126421
398.362 0.0951833
399.563 0.0784173
400.755 0.0805362
401.907 0.105228
402.985 0.15645
403.962 0.246089
404.821 0.392047
405.577 0.568447
406.302 0.610141
407.124 0.353953
408.119 0.195728
409.289 0.110232
410.606 0.0602365
412.027 0.027702
413.506 0.0143765
414.995 0.0344435
416.452 0.0650048
417.835 0.106582
419.119 0.164901
420.3 0.176118
421.406 0.179468
422.465 0.175819
423.498 0.168105
424.516 0.159849
425.525 0.15404
426.526 0.152754
427.517 0.15718
428.495 0.167626
429.457 0.183299
430.411 0.165939
431.377 0.14221
432.372 0.117244
433.405 0.0941353
434.48 0.0740415
435.595 0.0569847
436.746 0.0425163
437.925 0.0301049
439.122 0.0194344
440.328 0.0113543
441.531 0.0224106
442.719 0.0353453
443.881 0.0503235
445.008 0.0680943
446.091 0.089496
447.127 0.11511
448.116 0.144533
449.064 0.17511
449.987 0.200808
450.911 0.213514
451.868 0.155496
452.878 0.104952
453.941 0.0642486
455.046 0.0309538
456.177 0.00510076
457.314 0.0285046
458.438 0.059531
459.532 0.0956321
460.587 0.138067
461.603 0.184123
462.598 0.165904
463.601 0.140397
464.631 0.113719
465.697 0.0894853
466.802 0.0690646
467.943 0.0527559
469.113 0.0408438
470.303 0.0343211
471.503 0.0344744
472.703 0.04097
473.894 0.0368536
475.078 0.0324913
476.258 0.0280162
477.437 0.0235607
478.614 0.019279
479.793 0.0154015
480.972 0.0123481
482.153 0.010831
483.335 0.0114496
484.519 0.0138919
485.704 0.00948226
486.89 0.00534767
488.074 0.00286685
489.255 0.00542978
490.43 0.00973741
491.597 0.014439
492.755 0.0194053
493.902 0.0246322
495.038 0.0301282
496.161 0.0358879
497.272 0.0282831
498.377 0.0204051
499.479 0.0128529
500.584 0.00764317
501.695 0.00971455
502.815 0.0161297
503.948 0.0230981
505.099 0.0297351
506.273 0.0357146
507.474 0.0408336
508.706 0.0253562
509.961 0.0119671
511.229 0.00636623
512.495 0.0174201
513.748 0.0314254
514.977 0.0473626
516.173 0.0658177
517.329 0.0872934
518.444 0.111632
519.522 0.137146
520.578 0.126272
521.632 0.110825
522.699 0.0935147
523.79 0.0763533
524.91 0.0604142
526.058 0.0460398
527.232 0.0331416
528.428 0.021424
529.639 0.0105102
530.858 4.4986e-014
