#pt2d 331
0 0
0.904061 0.0206904
1.808 0.041372
2.71265 0.06182
3.62072 0.081394
4.53771 0.098924
5.47264 0.112813
6.43846 0.121474
7.45204 0.123984
8.53355 0.120575
9.70554 0.112559
10.9821 0.0742114
12.3371 0.0537721
13.7312 0.050066
15.1248 0.0624883
16.4802 0.088519
17.7647 0.129099
18.956 0.188092
20.0509 0.263778
21.0804 0.328314
22.1238 0.329358
23.2931 0.192924
24.6361 0.106363
26.1298 0.0528501
27.7216 0.0151177
29.3479 0.0200589
30.9426 0.0580619
32.4447 0.110926
33.8084 0.191919
35.0232 0.303934
36.1523 0.379878
37.3552 0.251044
38.7513 0.152201
40.3605 0.0935491
42.1535 0.0591576
44.0797 0.0393919
46.0793 0.03215
48.0898 0.0383639
50.0493 0.0561005
51.9012 0.0856255
53.6006 0.131932
55.1334 0.149426
56.5342 0.163064
57.8429 0.171352
59.0942 0.174393
60.3165 0.173583
61.5331 0.170536
62.764 0.166145
64.0291 0.160313
65.35 0.152337
66.7525 0.141619
68.2672 0.0996918
69.9124 0.0676313
71.6829 0.0440547
73.5584 0.0262606
75.5103 0.0122467
77.5062 0.00555984
79.5123 0.0157002
81.4962 0.0291772
83.4289 0.045185
85.2883 0.0646723
87.0672 0.0658467
88.7821 0.0656903
90.4519 0.0643601
92.093 0.0621693
93.7191 0.0595113
95.3413 0.0567793
96.9682 0.0543027
98.6072 0.052309
100.264 0.0509084
101.944 0.0500971
103.648 0.0490309
105.362 0.051972
107.066 0.0585181
108.746 0.0682794
110.392 0.0807855
112.002 0.0951016
113.584 0.109258
115.16 0.119985
116.769 0.123663
118.461 0.118573
120.291 0.078052
122.263 0.0488011
124.342 0.0274335
126.474 0.0128836
128.599 0.01748
130.651 0.0377363
132.562 0.0694157
134.273 0.123066
135.735 0.223322
136.934 0.403196
137.952 0.427575
138.965 0.322762
140.102 0.207765
141.414 0.130886
142.897 0.0838111
144.524 0.0544369
146.259 0.0362045
148.057 0.0279337
149.873 0.0313158
151.663 0.0446144
153.392 0.0416161
155.068 0.038615
156.702 0.0365245
158.305 0.0362943
159.887 0.0384389
161.461 0.0426695
163.038 0.0480673
164.633 0.05351
166.264 0.0579656
167.954 0.0606656
169.719 0.0407849
171.549 0.0247987
173.419 0.0125022
175.296 0.0112513
177.149 0.0232846
178.947 0.0402994
180.659 0.0626872
182.263 0.0928052
183.75 0.132516
185.129 0.178387
186.443 0.169751
187.737 0.153405
189.038 0.136515
190.359 0.123881
191.699 0.117653
193.056 0.118081
194.424 0.123981
195.806 0.132861
197.211 0.140971
198.663 0.143971
200.197 0.094016
201.814 0.057533
203.477 0.0365746
205.134 0.0427455
206.727 0.0756686
208.201 0.133375
209.517 0.227605
210.68 0.351807
211.781 0.403292
213.027 0.311476
214.625 0.149302
216.595 0.0765493
218.854 0.0384233
221.292 0.0142437
223.786 0.0116893
226.212 0.0356486
228.442 0.0752689
230.353 0.158068
231.826 0.398134
232.781 1.42568
233.374 1.45211
234.178 0.47888
235.366 0.190779
236.878 0.0860707
238.609 0.0333328
240.448 0.0104111
242.28 0.0463564
243.993 0.103851
245.487 0.215281
246.69 0.465966
247.638 0.572041
248.538 0.436324
249.568 0.261338
250.794 0.153098
252.21 0.0917167
253.782 0.0545275
255.462 0.0300105
257.197 0.0165137
258.928 0.0249481
260.598 0.0486253
262.153 0.0678524
263.566 0.0972328
264.815 0.145815
265.88 0.234771
266.743 0.421114
267.396 0.877695
267.853 1.92183
268.216 1.98283
268.701 0.916359
269.451 0.436644
270.512 0.183277
271.825 0.0850853
273.304 0.0331894
274.86 0.0181495
276.402 0.0564406
277.844 0.11923
279.107 0.23922
280.132 0.506708
280.926 0.946246
281.68 0.795883
282.732 0.30581
284.166 0.13694
285.909 0.0652674
287.856 0.0252256
289.891 0.00886502
291.895 0.0411045
293.747 0.0933468
295.33 0.204676
296.536 0.543923
297.3 1.92799
297.84 1.34269
298.677 0.444564
299.921 0.193547
301.528 0.101124
303.424 0.0574299
305.529 0.0333308
307.761 0.0211462
310.037 0.023105
312.274 0.0373994
314.393 0.061991
316.341 0.0602503
318.137 0.0545636
319.815 0.045403
321.403 0.0350983
322.922 0.0304655
324.393 0.0394969
325.838 0.0574633
327.285 0.0761135
328.773 0.0896701
330.351 0.0947977
332.058 0.0608856
333.853 0.0431112
335.671 0.0424603
337.438 0.0607516
339.082 0.100371
340.53 0.179507
341.721 0.359925
342.619 0.812857
343.289 1.27426
344.05 0.70473
345.233 0.252216
346.86 0.114147
348.831 0.055858
351.029 0.023767
353.328 0.0110565
355.601 0.033253
357.719 0.0728491
359.556 0.153806
360.989 0.387788
361.912 1.57762
362.379 2.77414
362.972 0.755559
363.944 0.270767
365.244 0.122558
366.782 0.0579194
368.457 0.0284423
370.169 0.0420851
371.819 0.0855502
373.317 0.164145
374.592 0.32064
375.644 0.386006
376.599 0.346865
377.59 0.245588
378.689 0.156578
379.917 0.0957493
381.263 0.0554568
382.703 0.0288485
384.204 0.0196913
385.734 0.0332214
387.265 0.0547234
388.772 0.0569673
390.238 0.0664026
391.641 0.084066
392.963 0.111648
394.193 0.151536
395.328 0.204327
396.383 0.261039
397.403 0.29476
398.463 0.27963
399.657 0.227621
401.067 0.13824
402.693 0.088676
404.497 0.0604791
406.426 0.0451952
408.427 0.0401187
410.442 0.0445921
412.417 0.0579215
414.301 0.0807313
416.054 0.11604
417.654 0.167311
419.122 0.155027
420.539 0.122978
421.963 0.0847464
423.414 0.048572
424.887 0.0171761
426.362 0.022207
427.814 0.0564638
429.226 0.0970682
430.593 0.141275
431.943 0.1775
433.339 0.137653
434.831 0.100584
436.437 0.0714846
438.151 0.0497402
439.956 0.0335342
441.826 0.021786
443.73 0.0158318
445.636 0.0191062
447.511 0.0295704
449.323 0.0448949
451.052 0.0410295
452.712 0.0352796
454.322 0.0279757
455.899 0.0197182
457.46 0.0117206
459.018 0.00829634
460.587 0.0135885
462.179 0.0212306
463.809 0.0284028
465.491 0.0343434
467.237 0.0226884
469.035 0.0128557
470.868 0.00488274
472.718 0.00658224
474.565 0.0148044
476.39 0.0241786
478.179 0.0348517
479.917 0.0472608
481.596 0.0617346
483.214 0.0781469
484.78 0.0741506
486.316 0.0675106
487.844 0.0591551
489.376 0.0500062
490.924 0.0407543
492.49 0.0318002
494.075 0.0233013
495.677 0.0152485
497.292 0.00753427
498.913 1.59133e-014
