#pt2d 341
0 0
0.840921 0.0243953
1.6827 0.0486052
2.52727 0.0721481
3.37862 0.0940067
4.24377 0.112568
5.13343 0.125921
6.06229 0.132539
7.04872 0.132041
8.11401 0.125446
9.28124 0.114725
10.5643 0.0739703
11.9352 0.0513243
13.353 0.0447499
14.7761 0.054414
16.1643 0.0776986
17.4811 0.115186
18.6976 0.17236
19.8002 0.25464
20.8037 0.34718
21.7713 0.38636
22.8148 0.24119
24.0049 0.137157
25.3387 0.072411
26.7781 0.0288831
28.2707 0.0127792
29.7602 0.0473782
31.1932 0.0938623
32.5279 0.159614
33.7477 0.248065
34.8872 0.325519
36.0524 0.244856
37.3411 0.166185
38.7862 0.111633
40.3805 0.0768744
42.0963 0.0555284
43.896 0.0443168
45.7374 0.0424849
47.5781 0.0495395
49.3775 0.0646263
51.1007 0.0879881
52.7275 0.0929057
54.2598 0.100497
55.6999 0.11271
57.0474 0.131763
58.3019 0.159754
59.4677 0.19727
60.5586 0.239691
61.6051 0.272312
62.66 0.275047
63.7957 0.243421
65.0874 0.157235
66.5684 0.100861
68.2317 0.0651088
70.051 0.0412961
71.9906 0.0241057
74.0096 0.0104051
76.065 0.00252161
78.1125 0.0148056
80.1082 0.0294621
82.0095 0.0485407
83.7858 0.0529698
85.4466 0.0574376
87.0123 0.0616893
88.5055 0.0653597
89.9509 0.0680104
91.3748 0.0692345
92.8051 0.0687986
94.2695 0.0667405
95.7953 0.0633528
97.4081 0.0590679
99.122 0.0458094
100.91 0.0402869
102.735 0.0414189
104.563 0.0482253
106.362 0.059994
108.108 0.0766419
109.783 0.0982348
111.385 0.12356
112.93 0.147815
114.464 0.161764
116.055 0.119959
117.756 0.0831686
119.574 0.0549734
121.489 0.0336113
123.464 0.0171234
125.455 0.0105062
127.412 0.0237374
129.283 0.0457854
131.019 0.0787714
132.576 0.132546
133.931 0.168364
135.111 0.20938
136.158 0.24661
137.123 0.26474
138.065 0.253779
139.038 0.220499
140.089 0.180436
141.253 0.144291
142.553 0.11549
144.006 0.0936349
145.619 0.0653112
147.371 0.0468277
149.231 0.0345812
151.167 0.0270645
153.145 0.0241409
155.131 0.0260359
157.09 0.0324011
158.991 0.0429962
160.801 0.0586282
162.493 0.0815004
164.052 0.0762783
165.509 0.0644474
166.9 0.0472452
168.251 0.0278303
169.585 0.0173321
170.921 0.0310929
172.279 0.0504008
173.682 0.0666981
175.158 0.0773124
176.743 0.0813269
178.463 0.0530405
180.282 0.0379424
182.143 0.0358346
183.986 0.0469321
185.755 0.0700684
187.396 0.108756
188.869 0.173344
190.152 0.27717
191.274 0.397452
192.355 0.412612
193.592 0.229105
195.083 0.122484
196.808 0.0649785
198.703 0.0302633
200.685 0.0131615
202.665 0.0321863
204.556 0.0676185
206.276 0.12615
207.764 0.232922
209.009 0.4059
210.121 0.36541
211.303 0.242248
212.662 0.146593
214.215 0.0881856
215.934 0.0523484
217.77 0.0298262
219.663 0.021379
221.552 0.0326194
223.375 0.0568363
225.075 0.0950101
226.613 0.111984
227.989 0.137121
229.206 0.176203
230.272 0.238191
231.194 0.333334
231.997 0.456238
232.726 0.542503
233.464 0.502201
234.314 0.376388
235.367 0.259168
236.676 0.126641
238.199 0.0617214
239.853 0.0263461
241.548 0.0321773
243.193 0.0721019
244.7 0.14183
245.998 0.278244
247.053 0.538444
247.95 0.71069
248.98 0.463953
250.449 0.187664
252.38 0.0890476
254.668 0.0438373
257.183 0.0176288
259.784 0.0111536
262.329 0.0336163
264.672 0.0727204
266.67 0.157613
268.18 0.432227
269.077 2.38011
269.453 3.06198
270.15 0.583397
271.33 0.20532
272.891 0.090595
274.709 0.0373171
276.657 0.0102125
278.604 0.0391264
280.421 0.0929393
281.983 0.20777
283.172 0.567526
283.937 1.26311
284.459 1.4245
285.05 0.661703
285.851 0.296289
286.861 0.147073
288.032 0.0761838
289.309 0.0462768
290.636 0.0568255
291.961 0.0925692
293.241 0.144511
294.458 0.143927
295.616 0.147597
296.712 0.161043
297.739 0.190749
298.687 0.244544
299.549 0.329955
300.333 0.440793
301.068 0.522903
301.823 0.494666
302.695 0.378917
303.772 0.214055
305.085 0.127033
306.619 0.079152
308.344 0.0503628
310.225 0.0314317
312.222 0.0180943
314.294 0.00963601
316.4 0.0111926
318.501 0.0202589
320.558 0.0324121
322.542 0.0335448
324.447 0.0352635
326.271 0.0378117
328.014 0.0414904
329.67 0.0466753
331.238 0.0538438
332.715 0.063615
334.096 0.0767912
335.382 0.0943632
336.573 0.11737
337.67 0.150159
338.663 0.203538
339.544 0.290031
340.312 0.424645
340.98 0.595495
341.593 0.691622
342.233 0.597495
342.999 0.419794
343.971 0.278263
345.209 0.187466
346.74 0.0955132
348.504 0.0492687
350.411 0.0222375
352.367 0.0194863
354.279 0.0445506
356.05 0.0890335
357.585 0.179331
358.794 0.426002
359.603 1.48357
360.042 3.37283
360.649 0.746677
361.699 0.253703
363.128 0.112848
364.828 0.0527733
366.689 0.024778
368.596 0.0358307
370.443 0.0736673
372.128 0.140711
373.574 0.270877
374.761 0.491248
375.826 0.405209
377.01 0.237543
378.415 0.130601
380.033 0.0705427
381.813 0.0335751
383.683 0.0116603
385.568 0.027536
387.392 0.0599452
389.086 0.108973
390.598 0.18888
391.924 0.219513
393.128 0.230368
394.28 0.217314
395.437 0.189576
396.636 0.159548
397.894 0.13445
399.218 0.116423
400.605 0.105093
402.051 0.099169
403.553 0.0970443
405.11 0.0806779
406.718 0.0685315
408.365 0.0607472
410.035 0.0573524
411.709 0.0583991
413.367 0.0639308
414.991 0.074009
416.564 0.0887285
418.079 0.107916
419.535 0.130208
420.951 0.10628
422.362 0.0776439
423.786 0.0495759
425.222 0.0251051
426.66 0.0184303
428.083 0.0405625
429.476 0.0707836
430.832 0.105093
432.162 0.138923
433.498 0.162242
434.898 0.12289
436.398 0.0889865
438.007 0.0628521
439.716 0.0431921
441.504 0.0283332
443.345 0.0177261
445.211 0.0141843
447.07 0.0205315
448.892 0.0327181
450.648 0.0493178
452.321 0.0450106
453.925 0.0385054
455.481 0.0301936
457.006 0.0207405
458.515 0.0114224
460.023 0.00778418
461.541 0.0148265
463.082 0.023743
464.661 0.0318577
466.29 0.0384603
467.984 0.0256088
469.73 0.014758
471.513 0.00552701
473.312 0.00574373
475.109 0.014702
476.886 0.0248358
478.626 0.0363647
480.315 0.0498052
481.945 0.0655363
483.514 0.0833949
485.032 0.0791403
486.521 0.0719339
488.004 0.0628507
489.494 0.0529488
491.001 0.0430046
492.528 0.0334529
494.077 0.0244508
495.644 0.0159714
497.224 0.00788272
498.811 1.78743e-014
