#pt2d 351
0 0
0.780137 0.028394
1.56219 0.0563238
2.34922 0.0829515
3.14646 0.106813
3.96228 0.125877
4.80875 0.138088
5.70173 0.142253
6.6604 0.138723
7.70635 0.129289
8.8625 0.116389
10.1421 0.0742697
11.5164 0.0501858
12.9441 0.0410892
14.3832 0.0477517
15.7925 0.0678864
17.1333 0.101365
18.3724 0.153945
19.4871 0.235909
20.476 0.349947
21.3787 0.445557
22.2943 0.3099
23.3152 0.184746
24.4634 0.102615
25.719 0.0490782
27.0439 0.0163947
28.3942 0.0371183
29.7271 0.0776219
31.0079 0.129582
32.2201 0.193706
33.3805 0.254041
34.5517 0.209777
35.7958 0.160827
37.1412 0.121181
38.592 0.0928114
40.1375 0.0738714
41.7591 0.0624364
43.4338 0.0572707
45.1376 0.0575901
46.8473 0.0627411
48.543 0.0721223
50.2103 0.0658203
51.838 0.0642641
53.4081 0.0699452
54.8985 0.0856277
56.2855 0.115063
57.5479 0.164612
58.6735 0.243122
59.67 0.349364
60.5844 0.430943
61.5198 0.401979
62.6079 0.242695
63.9139 0.146001
65.4383 0.0911945
67.1545 0.0583015
69.0239 0.0368458
71.0018 0.021751
73.0403 0.0117994
75.09 0.0128364
77.1002 0.0242813
79.0199 0.0417768
80.8089 0.0429526
82.4719 0.044733
84.0254 0.0480569
85.4871 0.0538823
86.8775 0.0624524
88.2215 0.0726477
89.549 0.0820789
90.8954 0.0880715
92.3003 0.0890288
93.8058 0.0851411
95.4415 0.0614915
97.1867 0.0473054
99.0059 0.0402866
100.863 0.0396461
102.721 0.0448379
104.548 0.055394
106.313 0.0714863
107.993 0.0939622
109.575 0.123388
111.065 0.157371
112.497 0.144515
113.932 0.120647
115.414 0.0944567
116.967 0.071039
118.593 0.0518352
120.284 0.0366494
122.023 0.025271
123.79 0.0189834
125.56 0.0206595
127.311 0.0294741
129.017 0.0324349
130.656 0.0428595
132.204 0.0613229
133.638 0.0902695
134.939 0.135231
136.095 0.204584
137.114 0.301512
138.032 0.392309
138.939 0.396321
139.96 0.310593
141.207 0.176665
142.701 0.105977
144.413 0.0663153
146.299 0.0419904
148.308 0.0261959
150.385 0.0176179
152.474 0.0196446
154.517 0.0313967
156.457 0.0511025
158.237 0.0833002
159.818 0.0875815
161.226 0.0856193
162.507 0.0758583
163.701 0.0604994
164.85 0.0493379
165.993 0.0546079
167.171 0.0695395
168.421 0.0815754
169.787 0.0862442
171.309 0.0840937
173.015 0.0494227
174.866 0.0276666
176.804 0.0152005
178.772 0.0184588
180.711 0.0336496
182.566 0.0564024
184.286 0.0909143
185.829 0.147154
187.168 0.241023
188.315 0.372633
189.361 0.342257
190.441 0.2492
191.636 0.165914
192.967 0.109707
194.42 0.0745349
195.963 0.054608
197.558 0.0484364
199.164 0.055697
200.741 0.0744031
202.257 0.103735
203.694 0.101476
205.058 0.103159
206.352 0.113352
207.575 0.135799
208.728 0.171489
209.822 0.215124
210.888 0.249961
211.982 0.253481
213.19 0.221902
214.602 0.175043
216.291 0.0952331
218.224 0.0519075
220.323 0.0249204
222.501 0.0109704
224.662 0.0262589
226.709 0.0565068
228.547 0.110327
230.08 0.230622
231.228 0.595069
231.962 1.82605
232.537 1.09122
233.395 0.38292
234.598 0.165347
236.082 0.0775591
237.754 0.0301705
239.516 0.0110172
241.268 0.0453512
242.913 0.0986547
244.364 0.197602
245.552 0.412789
246.49 0.545133
247.335 0.487395
248.25 0.32388
249.324 0.199598
250.578 0.125076
251.999 0.0803195
253.557 0.0517114
255.217 0.0322081
256.939 0.0193774
258.68 0.0170946
260.397 0.0279769
262.046 0.0471207
263.582 0.0767651
264.961 0.127094
266.139 0.226038
267.076 0.465581
267.742 1.24416
268.149 3.393
268.529 1.68772
269.228 0.586217
270.353 0.212397
271.838 0.095951
273.572 0.0416004
275.445 0.00917685
277.34 0.0296801
279.148 0.0736191
280.757 0.154384
282.067 0.351717
283.01 0.965842
283.659 1.55102
284.48 0.518608
285.732 0.201172
287.368 0.0927812
289.283 0.041601
291.359 0.00884599
293.475 0.0207427
295.506 0.0581279
297.332 0.123412
298.84 0.276498
299.944 0.752062
300.689 1.14119
301.402 0.683602
302.345 0.321339
303.562 0.168388
305.018 0.0985031
306.655 0.0639062
308.407 0.0499732
310.206 0.0531372
311.991 0.0705879
313.705 0.101268
315.323 0.0891967
316.885 0.0695814
318.426 0.0464436
319.966 0.023096
321.513 0.00976067
323.068 0.0281234
324.634 0.0500947
326.221 0.0703337
327.851 0.0859935
329.562 0.094138
331.397 0.0641916
333.337 0.0439665
335.339 0.0321172
337.346 0.0308354
339.298 0.0423123
341.132 0.0672443
342.784 0.113609
344.193 0.20952
345.302 0.452331
346.081 1.1954
346.619 1.47897
347.211 0.724899
348.025 0.333765
349.074 0.17611
350.322 0.102958
351.719 0.065881
353.215 0.0506113
354.758 0.0538199
356.299 0.0714727
357.798 0.10074
359.229 0.103383
360.583 0.111844
361.85 0.130286
363.017 0.164879
364.069 0.225793
364.995 0.329091
365.798 0.486446
366.507 0.640723
367.205 0.625877
368.013 0.454411
369.036 0.222049
370.28 0.114825
371.689 0.0598986
373.196 0.0365566
374.728 0.0510799
376.214 0.0919525
377.592 0.159795
378.822 0.269331
379.912 0.403792
380.968 0.431801
382.187 0.235747
383.673 0.125081
385.403 0.0664945
387.315 0.0312268
389.325 0.0094449
391.346 0.0251694
393.289 0.0571595
395.072 0.108198
396.624 0.201482
397.914 0.371363
399.01 0.397997
400.088 0.31104
401.277 0.208119
402.626 0.136492
404.132 0.0923461
405.765 0.0660974
407.483 0.0526109
409.238 0.0505438
410.983 0.0596246
412.668 0.0798891
414.262 0.0846615
415.774 0.0879203
417.224 0.089464
418.629 0.0893447
420.003 0.0878529
421.359 0.085434
422.707 0.0825794
424.053 0.0797331
425.404 0.0772332
426.764 0.0752872
428.138 0.0540752
429.527 0.0347841
430.928 0.0201333
432.33 0.0203009
433.724 0.035446
435.099 0.0556659
436.45 0.0783629
437.782 0.101612
439.11 0.121693
440.465 0.133414
441.889 0.10107
443.404 0.0740274
445.012 0.0528259
446.7 0.0363631
448.451 0.0235741
450.241 0.0147038
452.044 0.0136363
453.835 0.0214225
455.586 0.0337743
457.275 0.0499736
458.887 0.0451294
460.436 0.0380946
461.941 0.0292948
463.419 0.0194031
464.884 0.00975549
466.348 0.00755064
467.823 0.015989
469.322 0.0253191
470.856 0.0336202
472.441 0.040301
474.088 0.0268322
475.787 0.0154597
477.521 0.00573547
479.271 0.00586214
481.019 0.0152891
482.746 0.0259285
484.437 0.0380488
486.077 0.0522043
487.659 0.0687892
489.181 0.0875909
490.653 0.0830615
492.1 0.0753679
493.54 0.065699
494.99 0.0552107
496.458 0.044736
497.948 0.034729
499.46 0.0253425
500.991 0.0165347
502.535 0.00815506
504.087 1.94453e-014
