#pt2d 301
0 0
1.12362 0.0105503
2.24373 0.0212954
3.35725 0.0323957
4.46201 0.0439333
5.55725 0.0558518
6.64412 0.0678805
7.72628 0.0794646
8.81035 0.0897487
9.90632 0.0976844
11.0276 0.102297
12.1854 0.0863408
13.3689 0.0818068
14.5608 0.0880294
15.7449 0.103528
16.9091 0.126449
18.0494 0.154029
19.1735 0.180703
20.3055 0.197367
21.488 0.195808
22.7791 0.176193
24.2332 0.100426
25.8415 0.0520734
27.5537 0.0180339
29.3056 0.0152632
31.0293 0.0479464
32.6602 0.0932591
34.1476 0.162399
35.4721 0.262514
36.6829 0.348799
37.9388 0.321932
39.4551 0.16893
41.2949 0.0909241
43.4063 0.049592
45.7007 0.0257055
48.0755 0.0186337
50.423 0.0340712
52.6359 0.065019
54.6122 0.121812
56.2672 0.24106
57.5663 0.489154
58.6344 0.499687
59.7685 0.3156
61.1485 0.177748
62.8113 0.103948
64.7282 0.0634328
66.8446 0.0392052
69.0947 0.0241478
71.4072 0.0179771
73.7082 0.0240203
75.9222 0.0401025
77.9897 0.0379516
79.9168 0.0353675
81.7235 0.0342002
83.4291 0.0373223
85.0544 0.0463232
86.6247 0.0595571
88.1729 0.073299
89.7417 0.0833913
91.3832 0.0869597
93.1568 0.0837854
95.1063 0.0584413
97.1997 0.0445513
99.3826 0.039211
101.6 0.0413588
103.799 0.0501868
105.933 0.0654491
107.965 0.0878002
109.875 0.117455
111.676 0.15009
113.425 0.171744
115.233 0.123832
117.186 0.081522
119.298 0.0506378
121.537 0.0283011
123.843 0.0127939
126.146 0.0163628
128.372 0.0365759
130.446 0.0682866
132.299 0.121935
133.884 0.219142
135.217 0.265986
136.406 0.268147
137.572 0.223886
138.798 0.1668
140.125 0.119523
141.559 0.0861951
143.087 0.0648288
144.687 0.0536164
146.331 0.0517185
147.991 0.0579391
149.651 0.05084
151.319 0.0444077
153.007 0.0396442
154.726 0.0371557
156.481 0.0369532
158.28 0.0384678
160.131 0.0408663
162.044 0.0433663
164.032 0.0453652
166.112 0.046462
168.296 0.0296668
170.553 0.0168406
172.836 0.0098738
175.095 0.0164
177.277 0.0310768
179.326 0.0527917
181.194 0.0869179
182.836 0.145367
184.227 0.249845
185.384 0.40783
186.415 0.375508
187.488 0.260031
188.699 0.16256
190.067 0.100212
191.571 0.0617506
193.173 0.0394734
194.825 0.0343533
196.48 0.0472899
198.091 0.0728506
199.619 0.110628
201.049 0.111962
202.401 0.111035
203.7 0.110092
204.964 0.111445
206.206 0.116282
207.444 0.123783
208.696 0.131159
209.987 0.13477
211.354 0.13195
212.837 0.122457
214.472 0.0724417
216.229 0.0396363
218.049 0.0206693
219.858 0.0303265
221.583 0.0630439
223.146 0.121586
224.476 0.242791
225.519 0.541052
226.282 1.12254
226.978 0.913547
227.987 0.318676
229.385 0.133537
231.083 0.0571026
232.96 0.015176
234.888 0.0305561
236.74 0.0795675
238.4 0.167373
239.778 0.353189
240.876 0.64237
241.937 0.552439
243.396 0.218297
245.361 0.0996151
247.734 0.0485291
250.37 0.0208885
253.109 0.013773
255.784 0.0357458
258.23 0.078312
260.276 0.179094
261.758 0.566713
262.526 5.37973
262.876 1.813
263.836 0.360593
265.357 0.133213
267.282 0.0558249
269.447 0.0163183
271.686 0.0238172
273.836 0.0668444
275.738 0.15039
277.252 0.374315
278.299 1.06407
279.108 0.790151
280.188 0.312119
281.657 0.13792
283.448 0.0643707
285.447 0.0234579
287.531 0.0119198
289.568 0.0474026
291.43 0.107325
292.991 0.24359
294.147 0.681147
294.898 1.28968
295.535 0.902701
296.383 0.404313
297.531 0.202307
298.965 0.115166
300.637 0.0716824
302.495 0.0481843
304.481 0.0367282
306.54 0.0351483
308.617 0.0419404
310.673 0.034453
312.708 0.0268031
314.725 0.0197794
316.722 0.0150088
318.693 0.0155324
320.631 0.0217937
322.531 0.031361
324.39 0.0428533
326.21 0.0554406
328.003 0.0679213
329.782 0.0622198
331.523 0.0653554
333.186 0.0802889
334.728 0.112141
336.106 0.173096
337.282 0.292623
338.242 0.525028
339.022 0.807278
339.785 0.700195
340.781 0.399498
342.175 0.170489
343.942 0.0828829
345.98 0.0394629
348.171 0.014052
350.391 0.0220316
352.515 0.0548475
354.417 0.115942
355.97 0.26964
357.056 0.917289
357.587 6.81232
358.012 1.29482
358.952 0.33246
360.342 0.133895
362.06 0.0608161
363.975 0.0295503
365.96 0.03909
367.894 0.0770775
369.671 0.143773
371.22 0.261153
372.559 0.40225
373.885 0.274218
375.42 0.152784
377.214 0.0829325
379.219 0.0428332
381.35 0.0208363
383.509 0.0281491
385.596 0.0580357
387.518 0.108733
389.2 0.198892
390.63 0.338736
391.926 0.305551
393.285 0.214047
394.811 0.139608
396.519 0.0930539
398.374 0.0663427
400.323 0.0541984
402.303 0.0553129
404.247 0.0695165
406.094 0.0980631
407.795 0.145739
409.341 0.148617
410.805 0.133621
412.258 0.107458
413.744 0.0790284
415.282 0.053236
416.872 0.031243
418.503 0.0134936
420.156 0.0125733
421.812 0.0288493
423.454 0.0480694
425.073 0.0482425
426.674 0.0478986
428.266 0.0470642
429.858 0.0457936
431.455 0.0441618
433.065 0.042254
434.693 0.0401571
436.344 0.0379515
438.023 0.035707
439.734 0.03348
441.478 0.0291216
443.258 0.0250506
445.073 0.0212868
446.924 0.0178227
448.808 0.014635
450.721 0.0116933
452.662 0.00896721
454.625 0.00643679
456.606 0.00412506
458.601 0.00229276
460.604 0.00330007
462.606 0.00732452
464.596 0.0117273
466.566 0.0164707
468.507 0.0216557
470.411 0.0273951
472.272 0.0337822
474.088 0.0408556
475.859 0.0485426
477.588 0.0565812
479.285 0.0524283
480.965 0.0471537
482.64 0.0412065
484.321 0.0349705
486.013 0.0287188
487.718 0.0226095
489.436 0.0167066
491.166 0.0110063
492.905 0.00546153
494.648 9.36466e-015
