#pt3d 682
250.661 170.75 431.854
250.661 171.433 432.537
251.344 172.116 433.22
252.027 172.799 433.22
252.71 173.482 433.904
252.71 174.165 434.587
252.027 174.848 435.27
252.027 175.531 435.954
251.344 175.531 436.637
250.661 174.848 436.637
249.978 174.165 437.32
249.295 173.482 437.32
249.295 172.799 437.32
248.612 172.116 437.32
247.929 171.433 437.32
247.246 170.75 438.004
246.563 170.067 438.004
245.88 169.384 438.687
245.197 169.384 438.687
244.514 168.701 438.687
243.831 168.701 438.687
243.148 168.701 439.37
242.465 168.701 439.37
241.782 168.701 439.37
241.099 168.701 440.054
240.416 168.701 440.054
239.733 169.384 440.054
239.05 170.067 440.737
238.367 170.067 440.737
237.684 170.75 441.42
237.684 171.433 441.42
237.001 172.116 442.104
237.001 172.799 442.787
236.318 173.482 442.787
236.318 174.165 443.47
236.318 174.848 443.47
236.318 175.531 443.47
235.635 176.214 443.47
235.635 176.897 443.47
235.635 177.58 442.787
234.952 178.263 442.104
234.952 178.263 441.42
234.952 178.263 440.737
234.269 178.946 440.054
234.952 178.263 439.37
234.952 178.263 438.687
235.635 177.58 438.004
235.635 176.897 437.32
234.952 176.214 436.637
234.952 175.531 435.954
234.269 175.531 435.27
233.586 174.848 434.587
232.903 174.165 433.904
232.22 173.482 433.22
231.537 173.482 433.22
230.854 173.482 432.537
230.171 173.482 431.854
229.488 173.482 431.854
228.805 173.482 431.171
228.122 173.482 431.171
227.439 174.165 431.171
226.756 174.165 430.487
226.073 174.165 430.487
225.39 174.165 430.487
224.707 174.848 429.804
224.024 174.848 429.804
223.341 175.531 429.804
222.658 175.531 429.804
221.975 176.214 429.804
221.292 176.897 429.804
220.609 177.58 430.487
219.926 178.263 430.487
219.243 178.946 431.171
219.243 179.629 431.854
218.56 180.312 432.537
218.56 180.995 433.22
217.877 181.678 433.904
217.877 182.361 434.587
217.194 183.044 435.27
217.194 183.044 435.954
217.194 183.727 436.637
216.511 183.727 437.32
215.828 184.41 438.004
215.828 184.41 438.687
215.145 184.41 439.37
214.462 184.41 440.054
213.779 184.41 440.737
213.096 183.727 441.42
212.413 183.727 441.42
211.73 183.044 442.104
211.047 182.361 442.787
211.047 181.678 442.787
210.364 180.995 442.787
210.364 180.312 442.787
209.681 179.629 442.104
208.998 178.946 442.104
208.998 178.263 442.104
208.998 177.58 441.42
208.315 176.897 440.737
208.315 176.214 440.737
208.315 175.531 440.054
208.315 174.848 439.37
208.315 174.165 438.687
208.315 173.482 438.687
208.315 172.799 438.004
208.315 172.116 437.32
208.315 171.433 437.32
208.315 170.75 436.637
208.998 170.75 435.954
208.998 170.067 435.27
208.998 169.384 435.27
208.998 168.701 434.587
209.681 168.018 433.904
209.681 167.335 433.22
209.681 166.652 432.537
209.681 165.969 431.854
209.681 165.286 431.171
209.681 164.603 430.487
209.681 163.92 430.487
209.681 163.237 429.804
209.681 162.554 429.121
209.681 161.871 429.121
209.681 161.188 428.437
209.681 160.505 427.754
208.998 159.822 427.754
208.998 159.139 427.071
208.998 158.456 427.071
208.315 157.773 426.387
208.315 157.09 426.387
208.315 156.407 426.387
207.632 155.724 425.704
207.632 155.041 425.704
206.949 154.358 425.021
206.949 153.675 425.021
206.266 152.992 425.021
206.266 152.309 425.021
205.583 151.626 424.337
205.583 150.943 424.337
204.9 150.26 424.337
204.9 149.577 424.337
204.217 148.894 424.337
203.534 148.211 424.337
202.851 147.528 424.337
202.851 146.845 424.337
202.168 146.162 424.337
201.485 145.479 425.021
200.802 144.796 425.021
200.119 144.796 425.021
199.436 144.113 425.704
198.753 143.43 425.704
198.07 143.43 426.387
197.387 142.747 426.387
196.704 142.747 427.071
196.021 142.064 427.071
195.338 142.064 427.754
194.655 142.064 427.754
193.972 142.064 428.437
193.289 142.064 428.437
192.606 142.064 429.121
191.923 142.064 429.121
191.24 142.747 429.804
190.557 142.747 430.487
189.874 142.747 430.487
189.191 143.43 431.171
188.508 144.113 431.854
187.825 144.113 431.854
187.142 144.796 432.537
187.142 145.479 433.22
186.459 146.162 433.904
185.776 146.845 434.587
185.093 147.528 435.27
185.093 148.211 435.954
184.41 148.894 436.637
183.727 149.577 437.32
183.727 150.26 438.004
183.044 150.943 438.687
183.044 150.943 439.37
182.361 151.626 440.054
182.361 151.626 440.737
182.361 152.309 441.42
182.361 152.309 442.104
181.678 152.309 442.787
180.995 152.992 443.47
180.312 152.992 444.154
179.629 152.992 444.837
178.946 152.992 444.837
178.263 152.309 444.837
177.58 151.626 444.154
176.897 151.626 444.154
176.214 151.626 443.47
175.531 150.943 442.787
175.531 150.26 442.104
174.848 150.26 441.42
174.165 149.577 440.737
173.482 148.894 440.054
172.799 148.894 439.37
172.116 148.211 438.687
172.116 148.211 438.004
171.433 147.528 437.32
170.75 146.845 436.637
170.067 146.162 435.954
170.067 146.162 435.27
169.384 145.479 434.587
168.701 145.479 433.904
168.018 144.796 433.22
168.018 144.796 432.537
167.335 144.113 431.854
167.335 143.43 431.171
166.652 143.43 430.487
166.652 142.747 429.804
165.969 142.747 429.121
165.969 142.064 428.437
165.286 142.064 427.754
165.286 141.381 427.071
164.603 140.698 426.387
163.92 140.698 425.704
164.603 140.698 425.021
164.603 140.698 424.337
164.603 140.698 423.654
164.603 140.015 422.971
164.603 140.015 422.287
164.603 140.015 421.604
164.603 139.332 420.921
164.603 139.332 420.238
164.603 138.649 419.554
163.92 138.649 418.871
164.603 137.966 418.188
163.92 137.283 417.504
163.92 137.283 416.821
164.603 136.6 416.138
163.92 136.6 415.454
164.603 135.917 414.771
163.92 135.234 414.088
163.92 134.551 413.404
163.92 134.551 412.721
163.92 133.868 412.038
163.92 133.185 411.354
163.92 132.502 410.671
163.92 132.502 409.988
163.92 131.819 409.305
163.237 131.136 408.621
163.237 131.136 407.938
162.554 130.453 407.255
162.554 130.453 406.571
161.871 129.77 405.888
161.188 129.087 405.205
160.505 129.087 404.521
159.822 129.087 403.838
159.139 129.087 404.521
158.456 129.77 403.838
157.773 129.77 403.838
157.09 129.77 403.838
156.407 130.453 403.155
155.724 131.136 403.155
155.041 131.819 403.155
154.358 132.502 403.155
153.675 133.185 403.838
152.992 133.868 403.838
152.992 134.551 404.521
152.309 135.234 404.521
152.309 135.917 404.521
151.626 136.6 405.205
151.626 137.283 405.205
151.626 137.966 405.888
150.943 138.649 405.888
150.943 139.332 405.888
150.943 140.015 406.571
150.943 140.698 406.571
150.943 141.381 406.571
150.943 142.064 406.571
151.626 142.747 405.888
151.626 143.43 405.888
150.943 144.113 405.205
150.943 144.796 404.521
150.943 144.796 403.838
150.26 145.479 403.155
149.577 146.162 402.471
149.577 146.162 401.788
148.894 146.162 401.105
148.894 146.162 400.421
148.211 146.162 399.738
147.528 146.162 399.055
146.845 145.479 398.372
146.162 145.479 397.688
146.162 145.479 397.005
145.479 144.796 396.322
144.796 144.113 395.638
144.113 143.43 394.955
143.43 142.747 394.272
143.43 142.064 394.272
143.43 141.381 393.588
142.747 140.698 392.905
142.747 140.698 392.222
142.747 140.015 391.538
142.747 140.015 390.855
142.747 139.332 390.172
142.064 139.332 389.488
142.064 139.332 388.805
142.064 139.332 388.122
141.381 138.649 387.439
140.698 138.649 386.755
140.015 139.332 386.072
139.332 139.332 385.389
138.649 140.015 384.705
138.649 140.698 384.705
137.966 141.381 384.705
137.283 142.064 385.389
136.6 142.747 386.072
136.6 143.43 386.072
136.6 144.113 386.755
136.6 144.113 387.439
136.6 144.796 388.122
136.6 145.479 388.805
137.283 146.162 389.488
137.966 146.845 390.172
138.649 147.528 390.855
138.649 148.211 390.855
139.332 148.894 390.855
140.015 149.577 390.855
140.698 150.26 390.855
140.698 150.943 390.855
141.381 151.626 390.172
141.381 152.309 389.488
141.381 152.992 388.805
141.381 153.675 388.122
141.381 153.675 387.439
141.381 153.675 386.755
141.381 153.675 386.072
140.698 153.675 385.389
140.015 154.358 384.705
139.332 154.358 384.705
138.649 154.358 384.022
137.966 154.358 383.339
137.283 154.358 382.655
136.6 153.675 381.972
135.917 153.675 381.972
135.234 153.675 381.972
134.551 152.992 381.289
133.868 152.992 380.605
133.185 152.992 380.605
132.502 152.309 379.922
131.819 151.626 379.239
131.136 151.626 379.239
130.453 150.943 378.555
129.77 150.26 377.872
129.087 149.577 377.189
129.087 148.894 376.506
128.404 148.211 375.822
128.404 147.528 375.139
128.404 147.528 374.456
128.404 146.845 373.772
128.404 146.845 373.089
128.404 146.845 372.406
129.087 146.845 371.722
129.77 146.845 371.722
130.453 146.845 371.722
131.136 147.528 371.039
131.819 148.211 371.039
132.502 148.894 371.039
133.185 149.577 371.039
133.185 150.26 371.722
133.868 150.943 372.406
133.868 151.626 373.089
134.551 152.309 373.772
134.551 152.992 374.456
135.234 153.675 375.139
135.234 153.675 375.822
135.917 154.358 376.506
136.6 154.358 376.506
137.283 155.041 377.189
137.966 155.041 377.872
138.649 155.724 377.872
139.332 155.041 378.555
140.015 155.041 378.555
140.698 155.041 378.555
141.381 155.041 378.555
142.064 155.041 377.872
142.747 154.358 377.189
142.747 153.675 376.506
143.43 152.992 375.822
143.43 152.309 375.139
142.747 151.626 374.456
142.064 150.943 373.772
142.064 150.943 373.089
141.381 150.26 372.406
140.698 149.577 371.722
140.015 148.894 371.039
140.015 148.894 370.356
139.332 148.211 369.672
139.332 148.211 368.989
138.649 147.528 368.306
138.649 147.528 367.622
138.649 147.528 366.939
138.649 147.528 366.256
138.649 146.845 365.572
138.649 146.845 364.889
139.332 146.845 364.206
140.015 146.845 363.523
140.698 146.845 362.839
141.381 146.845 362.156
142.064 146.845 362.156
142.747 146.845 362.156
143.43 147.528 362.839
144.113 147.528 362.839
144.796 148.211 363.523
144.796 148.211 364.206
145.479 148.211 364.889
146.162 148.894 365.572
146.162 148.894 366.256
146.162 148.894 366.939
146.845 148.894 367.622
146.845 148.894 368.306
147.528 148.894 368.989
147.528 148.894 369.672
147.528 148.894 370.356
148.211 149.577 371.039
148.211 149.577 371.722
148.211 149.577 372.406
148.894 149.577 373.089
148.894 149.577 373.772
148.894 149.577 374.456
149.577 149.577 375.139
149.577 149.577 375.822
150.26 149.577 376.506
150.26 149.577 377.189
150.943 149.577 377.872
150.943 150.26 378.555
150.943 150.26 379.239
151.626 150.26 379.922
151.626 150.26 380.605
152.309 150.26 381.289
152.309 150.26 381.972
152.309 150.943 382.655
152.992 150.943 383.339
152.992 150.943 384.022
153.675 150.943 384.705
153.675 150.943 385.389
153.675 151.626 386.072
154.358 151.626 386.755
154.358 151.626 387.439
155.041 151.626 388.122
155.041 151.626 388.805
155.724 151.626 389.488
155.724 151.626 390.172
156.407 151.626 390.855
157.09 151.626 391.538
157.09 152.309 392.222
157.773 152.309 392.905
157.773 152.309 393.588
158.456 152.309 394.272
159.139 152.309 394.955
159.822 152.309 395.638
160.505 152.309 396.322
161.188 152.309 396.322
161.871 152.309 397.005
162.554 152.309 397.688
163.237 152.309 397.688
163.92 152.309 397.688
164.603 152.992 397.688
165.286 152.309 397.688
165.969 152.309 397.688
166.652 152.309 397.005
167.335 151.626 396.322
168.018 151.626 395.638
168.018 151.626 394.955
168.018 150.943 394.272
167.335 150.943 393.588
167.335 150.26 392.905
166.652 150.26 392.222
165.969 150.26 392.222
165.286 150.26 391.538
164.603 150.26 391.538
163.92 149.577 391.538
163.237 149.577 391.538
162.554 149.577 390.855
161.871 148.894 390.855
161.188 148.211 390.172
160.505 147.528 389.488
159.822 147.528 388.805
159.139 146.845 388.122
159.139 146.845 387.439
159.139 146.162 386.755
158.456 146.162 386.072
158.456 146.162 385.389
158.456 146.162 384.705
158.456 145.479 384.022
158.456 145.479 383.339
159.139 146.162 382.655
159.139 146.162 381.972
159.139 146.162 381.289
159.822 146.162 380.605
159.822 146.845 379.922
160.505 147.528 379.239
161.188 148.211 378.555
161.871 148.894 378.555
162.554 149.577 379.239
163.237 150.26 379.239
163.92 150.943 379.922
163.92 150.943 380.605
164.603 151.626 381.289
164.603 151.626 381.972
164.603 152.309 382.655
164.603 152.309 383.339
164.603 152.309 384.022
165.286 152.309 384.705
165.286 151.626 385.389
165.969 151.626 386.072
166.652 151.626 386.755
167.335 151.626 386.755
168.018 150.943 387.439
168.701 150.943 387.439
169.384 150.943 387.439
170.067 150.26 387.439
170.75 150.26 387.439
171.433 150.26 386.755
172.116 150.26 386.755
172.799 149.577 386.072
173.482 149.577 385.389
174.165 148.894 384.705
174.165 148.894 384.022
174.848 148.894 383.339
174.848 148.894 382.655
174.848 148.211 381.972
174.848 148.211 381.289
174.848 148.211 380.605
174.848 148.211 379.922
175.531 147.528 379.239
174.848 147.528 378.555
175.531 146.845 377.872
175.531 146.845 377.189
175.531 146.162 376.506
175.531 146.162 375.822
175.531 145.479 375.139
176.214 144.796 374.456
176.214 144.796 373.772
176.897 144.113 373.089
177.58 144.113 373.089
178.263 143.43 372.406
178.946 142.747 372.406
179.629 142.064 372.406
180.312 142.064 372.406
180.995 141.381 372.406
181.678 141.381 372.406
182.361 141.381 373.089
183.044 141.381 373.772
183.727 140.698 373.772
184.41 140.698 374.456
184.41 140.698 375.139
185.093 140.698 375.822
185.093 140.698 376.506
185.093 140.698 377.189
185.776 140.015 377.872
185.776 140.015 378.555
185.776 140.015 379.239
185.776 140.015 379.922
185.776 139.332 380.605
185.776 139.332 381.289
185.776 139.332 381.972
185.776 139.332 382.655
185.093 138.649 383.339
185.093 138.649 384.022
185.093 138.649 384.705
185.093 137.966 385.389
184.41 138.649 386.072
184.41 137.966 386.755
184.41 137.966 387.439
183.727 137.966 388.122
183.727 137.966 388.805
183.727 137.966 389.488
183.044 137.283 390.172
183.727 137.966 390.855
183.727 137.966 391.538
183.044 137.966 392.222
183.044 137.966 392.905
183.044 138.649 393.588
183.044 139.332 394.272
183.044 140.015 394.955
182.361 140.698 395.638
182.361 141.381 395.638
181.678 142.064 396.322
180.995 142.747 396.322
180.312 142.747 397.005
179.629 143.43 397.005
178.946 144.113 397.005
178.263 144.796 396.322
177.58 144.796 396.322
176.897 145.479 396.322
176.214 145.479 397.005
175.531 146.162 397.688
174.848 146.162 398.372
174.165 146.162 398.372
173.482 146.162 399.055
173.482 146.162 399.738
173.482 146.845 400.421
173.482 146.845 401.105
173.482 146.845 401.788
173.482 147.528 402.471
173.482 147.528 403.155
173.482 147.528 403.838
172.799 147.528 404.521
172.799 148.211 405.205
172.799 148.211 405.888
172.799 148.211 406.571
172.799 148.211 407.255
172.799 148.894 407.938
172.799 148.894 408.621
172.799 148.894 409.305
173.482 148.894 409.988
173.482 149.577 410.671
173.482 149.577 411.354
173.482 149.577 412.038
173.482 149.577 412.721
173.482 150.26 413.404
173.482 150.26 414.088
173.482 150.26 414.771
173.482 150.26 415.454
173.482 150.943 416.138
173.482 150.943 416.821
174.165 150.943 417.504
174.165 150.943 418.188
174.165 151.626 418.871
174.165 151.626 419.554
174.165 151.626 420.238
174.165 151.626 420.921
174.848 152.309 421.604
174.848 152.309 422.287
174.848 152.309 422.971
174.848 152.992 423.654
174.848 152.992 424.337
175.531 152.992 425.021
175.531 152.992 425.704
175.531 153.675 426.387
175.531 153.675 427.071
176.214 154.358 427.754
176.214 154.358 428.437
176.214 155.041 429.121
176.214 155.041 429.804
176.214 155.041 430.487
176.897 155.724 431.171
176.897 155.724 431.854
176.897 156.407 432.537
176.897 156.407 433.22
177.58 156.407 433.904
177.58 157.09 434.587
177.58 157.09 435.27
177.58 157.773 435.954
177.58 157.773 436.637
178.263 158.456 437.32
178.263 158.456 438.004
178.263 159.139 438.687
178.263 159.139 439.37
178.263 159.139 440.054
178.263 159.822 440.737
178.263 159.822 441.42
178.263 160.505 442.104
178.946 160.505 442.787
178.946 160.505 443.47
178.946 161.188 444.154
179.629 161.871 444.837
179.629 161.871 445.52
179.629 162.554 446.203
180.312 162.554 446.887
180.312 163.237 447.57
180.312 163.237 448.253
180.995 163.92 448.937
180.995 163.92 449.62
180.995 164.603 450.303
180.995 165.286 450.987
181.678 165.969 451.67
182.361 166.652 452.353
182.361 167.335 453.037
181.678 168.018 453.72
180.995 168.701 454.403
180.995 169.384 454.403
180.995 170.067 455.087
180.995 170.75 455.087
180.995 171.433 455.087
180.995 172.116 455.087
180.995 172.799 455.087
180.995 173.482 455.087
180.995 174.165 455.087
180.54 175.303 454.859
