spline_cubic
range_of_knot_vector 1 36.000000010000001
number_of_control_point 38
253.91320318228648 173.30000255990791 425.24039462690547
250.66101032495499 170.75000703334808 431.85386595318306
247.40881746762349 168.20001150678826 438.46733727946065
233.00047212366999 178.79144685310482 446.62726441414412
233.01879831131512 170.66851027234912 428.14611625374295
216.39405615800771 183.00681203870064 431.08770061176324
209.26005390912607 183.86037562283499 448.04622050157371
208.58172772171557 164.64478228559122 430.99062969988569
210.01779226320014 155.83308834500681 423.68008202718437
195.43634468770045 136.71368326565843 425.20382937583554
184.35714367031539 149.42013458241135 435.76364561995678
178.04934036778573 155.12181684976943 448.84230819541949
164.78675395826988 140.74286788944585 428.79533048930102
164.52528822038249 141.51626984751428 421.22742128899955
163.78992904742125 124.42187489512965 400.93264731866134
148.25584479212958 138.08524304524462 407.46063862106979
151.54461730314017 151.32180545708997 401.37992228950765
133.56645342214651 131.28450948044289 381.05446037592696
144.15819589050932 156.58543196988097 393.90976206220455
132.84162339164141 152.2764336141563 379.66660204300069
125.60155315873052 145.15830315750347 366.86348466535276
147.90040256588964 160.56549154155522 385.83820480490846
134.17005354324687 141.52229494764367 357.32886608226841
153.24079590043723 152.27130652127207 370.7647058889923
148.24559718751982 148.72875987020265 386.65022196335428
170.56938647967613 156.35625789250179 401.39250066957248
159.72677209818895 143.83186951731111 388.53519977568095
158.86462651506906 150.57639066955039 375.09544708260171
174.64468425976546 152.04313327789424 394.91177421874528
176.70468578406454 143.19252911498424 363.98507576226905
189.09098348477775 137.67761290160379 383.18950398029364
182.01151097434146 138.92142444170364 396.11267321412055
170.85422187677389 149.74760145174747 399.58632612609892
174.58178954530206 149.43381200997817 420.63489663957273
176.17318900585713 157.54298679512112 431.21139871832975
181.43906422660228 160.51799729747088 450.20243128151958
180.53967410326004 175.30334055423737 454.85873961419128
179.6402839799178 190.08868381100385 459.51504794686298
