spline_cubic
range_of_knot_vector 1 29.000000010000001
number_of_control_point 31
258.26753464887599 170.45391781478239 420.57215716149085
250.66101032495499 170.75000703334808 431.85386595318306
243.05448600103398 171.04609625191378 443.13557474487527
233.06856840379123 175.85383333391158 440.10004661533713
222.75210643824195 177.04987476536695 423.00867295523665
206.10652439726763 185.97138794189613 451.47941770869522
211.51697656356438 162.72034281004136 426.11486939861322
204.70432184901438 143.76874609072661 422.59036345977057
184.83269140448081 142.88640128151474 432.48833966588802
179.12644661736223 156.57710697415919 448.73235571225933
160.99076930385411 141.33948598875679 428.33957797845011
168.41673427643835 132.23661730837645 408.65378741079815
150.99374838240826 130.15474675960061 404.37031855174723
149.5148312007608 152.99966656504492 402.34610150899488
134.1277025329386 131.44924791394598 380.31142603547966
144.19120027769836 164.20944811460529 394.81640413952778
121.60955363102316 140.83235865115725 362.83022504726904
145.91457381192492 160.58148884917836 386.20732002100374
139.25515720876402 142.05579971343224 354.97949810216284
150.18172750875712 151.74354342946432 378.13647103405651
164.96036458428958 154.56905642571436 403.86112074680244
161.45215087755057 144.87702386998174 383.94890124260365
161.39466739223963 151.95861814614307 384.40799300743686
176.68190405873273 149.44564670090853 380.8043010752894
186.44433322045128 136.4486036533182 370.22451719251461
183.49211802205537 139.99279889645166 399.86386686893667
169.16569059774616 149.51813423456491 401.98580542500247
176.15552408097707 153.25719557491681 427.47323886946936
180.05407584321225 158.99755717579617 445.50030462242137
180.53967410326004 175.30334055423737 454.85873961419128
181.02527236330783 191.60912393267856 464.21717460596119
