spline_cubic
range_of_knot_vector 1 35.000000010000001
number_of_control_point 37
254.6371438484652 173.52108429502317 424.98306760293258
250.66101032495499 170.75000703334808 431.85386595318306
246.68487680144477 167.97892977167299 438.72466430343354
233.32423508226168 179.64859532022945 446.75621630940196
231.52591133955764 169.39581803780948 426.02486074870973
215.5462041139871 186.18678371039869 434.19319893544525
207.9632381208111 180.22524931742689 447.30152549911634
209.835445987584 163.58261575155163 427.98458182476833
208.14974692738357 151.73076089086419 423.99306800789009
191.59322453821585 135.83445199290031 425.53115257631134
183.1552838805114 155.03861530495075 442.16558167124128
174.57235092779837 150.11259334186886 444.37024597227349
161.85635557056409 140.64704936359058 425.3971457098362
167.7029283209007 137.47825897450045 415.24678238833263
155.99591386176712 122.35405603569043 398.46497211794679
149.80519084817129 150.97631009634358 411.54304014352186
145.11410888094639 139.84507619163253 388.07134168992849
133.32687617243974 139.07435085153682 386.24083958089545
146.7547870681139 163.06449282821052 392.12823376895813
119.2706586242287 139.98469939820092 366.10161883787265
144.03779705734925 160.4058766481601 381.21487156148902
137.19949533057164 146.23724985477577 370.26665751542282
146.04672248717483 148.32882052441894 359.40960886211639
150.61042840150577 149.9509364189131 383.68222726060674
161.24127909451281 154.2276526369636 396.45320911474806
168.73035166831559 148.88209925982565 397.63967502353387
152.61082174875355 145.47353462747063 371.56359488509696
174.39657676757218 155.1292113591397 395.44153101952298
174.27019702632049 143.60599668586076 368.89675063147757
188.4258798345241 139.29651791536568 376.63449557954823
183.89232541998607 136.90285784674765 397.17231800225932
171.3733640861287 149.61864232005703 397.19780059571593
173.99886562950141 148.97706233402567 419.46569727426942
176.15753206623623 157.22647590845872 430.29085662664028
181.27897160003931 160.24418135918077 449.86483822592993
180.53967410326004 175.30334055423737 454.85873961419128
179.80037660648077 190.36249974929396 459.85264100245263
