#pt2d 361
0 0
0.723553 0.0328945
1.45 0.0649462
2.18341 0.094862
2.93016 0.120665
3.69976 0.139932
4.50538 0.150614
5.36373 0.152057
6.29447 0.145454
7.31919 0.133317
8.46042 0.118427
9.73081 0.0751686
11.1014 0.0498999
12.531 0.0385065
13.978 0.0421114
15.4009 0.059139
16.7599 0.0886761
18.0186 0.135962
19.1476 0.213647
20.1313 0.339731
20.9845 0.501473
21.783 0.408445
22.6348 0.261496
23.5895 0.151579
24.6484 0.0806832
25.7894 0.0372157
26.9814 0.0351691
28.1931 0.0671127
29.3989 0.107796
30.5866 0.152468
31.7661 0.192036
32.9732 0.163094
34.2361 0.135657
35.5652 0.113642
36.9604 0.0977589
38.4152 0.0874772
39.92 0.0819573
41.4646 0.0803207
43.0402 0.0816637
44.6417 0.0850026
46.2687 0.0892037
47.9254 0.0685623
49.6024 0.0537357
51.2743 0.0474832
52.9064 0.0535959
54.4591 0.0746688
55.8924 0.114842
57.1704 0.186245
58.2707 0.311605
59.2049 0.490862
60.058 0.568696
61.0017 0.351301
62.1538 0.20293
63.5364 0.122646
65.1293 0.0777671
66.8949 0.0507042
68.7877 0.033539
70.7586 0.0237345
72.7566 0.0226739
74.7297 0.0309617
76.6258 0.0471525
78.405 0.0438532
80.0734 0.0395692
81.6458 0.036014
83.1348 0.0365252
84.5528 0.0442455
85.9142 0.0586511
87.2381 0.0763536
88.5512 0.0929046
89.8892 0.103777
91.2967 0.10621
92.8137 0.0791014
94.4358 0.0606378
96.1412 0.0486438
97.9041 0.0420092
99.6967 0.0403624
101.491 0.0435356
103.259 0.0513561
104.975 0.0639475
106.618 0.081971
108.172 0.106368
109.637 0.112003
111.04 0.113094
112.415 0.109558
113.788 0.102414
115.184 0.0932495
116.622 0.0835683
118.116 0.0744235
119.675 0.0663741
121.307 0.0596072
123.018 0.0540829
124.806 0.033451
126.644 0.0176459
128.491 0.0123073
130.304 0.0254425
132.038 0.0475669
133.648 0.0806974
135.095 0.134539
136.35 0.228209
137.406 0.383726
138.314 0.538299
139.216 0.398067
140.257 0.244785
141.489 0.149077
142.912 0.0935175
144.498 0.0596686
146.212 0.0376725
148.01 0.0235188
149.847 0.0189147
151.676 0.0266706
153.451 0.0430375
155.137 0.0423859
156.738 0.0414791
158.266 0.0408765
159.734 0.0413422
161.155 0.0435822
162.542 0.0478125
163.91 0.0535175
165.276 0.0596232
166.659 0.0648854
168.081 0.0682672
169.561 0.0476431
171.097 0.0307517
172.674 0.0174803
174.277 0.0117902
175.886 0.0193018
177.484 0.0323044
179.055 0.0478521
180.587 0.0657926
182.078 0.0857542
183.534 0.105983
184.971 0.0993486
186.389 0.0972777
187.781 0.10148
189.135 0.113219
190.44 0.133227
191.691 0.161028
192.892 0.19288
194.065 0.218922
195.256 0.225284
196.53 0.206126
197.96 0.12437
199.553 0.0722296
201.271 0.0386538
203.055 0.0213575
204.837 0.0341008
206.546 0.0670695
208.119 0.121433
209.503 0.216314
210.682 0.370716
211.721 0.492823
212.819 0.312026
214.133 0.174805
215.694 0.0996283
217.466 0.0570384
219.391 0.0303596
221.4 0.0151292
223.417 0.0225561
225.369 0.0456858
227.181 0.0830093
228.784 0.150023
230.136 0.201912
231.258 0.274166
232.192 0.365489
232.989 0.452479
233.711 0.485002
234.427 0.438922
235.2 0.352726
236.079 0.270489
237.096 0.207184
238.279 0.161398
239.636 0.0883907
241.126 0.0469871
242.681 0.0314794
244.231 0.0512803
245.706 0.0961064
247.039 0.175759
248.181 0.327328
249.125 0.578039
249.967 0.677306
250.958 0.444391
252.336 0.190219
254.115 0.0933648
256.209 0.0472644
258.507 0.0198795
260.893 0.0089564
263.246 0.029808
265.446 0.064681
267.37 0.132742
268.902 0.314481
269.937 1.11205
270.48 2.86479
270.983 1.07765
271.81 0.368332
272.962 0.16431
274.365 0.0806625
275.931 0.0369496
277.568 0.0247678
279.185 0.0544411
280.69 0.112051
281.992 0.23156
283.031 0.350984
283.83 0.545204
284.447 0.793231
284.961 0.891229
285.472 0.709606
286.057 0.47788
286.759 0.322339
287.599 0.230946
288.587 0.176508
289.731 0.141964
291.032 0.0802211
292.447 0.0441682
293.918 0.02943
295.385 0.0450872
296.785 0.0830773
298.06 0.150513
299.154 0.286281
300.026 0.602799
300.678 1.2167
301.255 1.12904
302.043 0.459608
303.154 0.216792
304.571 0.118532
306.244 0.0703258
308.116 0.0429412
310.125 0.0262289
312.21 0.0186254
314.307 0.023093
316.353 0.0371624
318.286 0.0601149
320.062 0.0580318
321.696 0.0527827
323.214 0.0453778
324.64 0.0396541
325.993 0.0430845
327.297 0.0581742
328.58 0.0783371
329.876 0.0958112
331.229 0.105011
332.691 0.104274
334.301 0.0638634
336.02 0.0410175
337.783 0.0350413
339.52 0.048912
341.161 0.0816063
342.637 0.143861
343.882 0.277978
344.845 0.626508
345.524 1.42276
346.111 1.1832
346.983 0.406496
348.242 0.176457
349.831 0.0883564
351.66 0.0445503
353.636 0.0198447
355.659 0.0218564
357.631 0.0480462
359.455 0.0931633
361.04 0.182404
362.308 0.399548
363.247 0.633736
363.989 0.7177
364.717 0.520705
365.551 0.316356
366.523 0.194567
367.619 0.128449
368.804 0.0960969
370.036 0.0894081
371.273 0.10528
372.476 0.141765
373.621 0.135371
374.714 0.131809
375.763 0.137375
376.768 0.156894
377.731 0.191077
378.659 0.233691
379.575 0.268578
380.52 0.274942
381.557 0.246996
382.756 0.20064
384.175 0.110097
385.794 0.0592615
387.556 0.0262583
389.39 0.00145165
391.226 0.0260121
392.991 0.0587189
394.617 0.108709
396.046 0.196707
397.247 0.355404
398.26 0.540249
399.253 0.393754
400.408 0.234539
401.782 0.140276
403.363 0.0879983
405.11 0.0580603
406.968 0.0418889
408.875 0.0379245
410.771 0.0465518
412.593 0.0674555
414.282 0.104413
415.801 0.118003
417.178 0.126923
418.456 0.128122
419.674 0.120564
420.867 0.105992
422.063 0.0877065
423.278 0.068737
424.521 0.0509636
425.798 0.0353083
427.105 0.0225774
428.439 0.0132424
429.791 0.0150537
431.15 0.025013
432.509 0.0372691
433.86 0.0506299
435.201 0.0646867
436.534 0.0787471
437.865 0.0915181
439.211 0.101161
440.595 0.105858
442.044 0.0811752
443.57 0.0605262
445.169 0.0438514
446.829 0.0304399
448.535 0.0198059
450.267 0.0129254
452.003 0.0137866
453.722 0.0218104
455.403 0.0334997
457.026 0.048485
458.579 0.0431713
460.076 0.0358178
461.534 0.0268446
462.968 0.0168828
464.391 0.00732808
465.814 0.00776723
467.249 0.0171076
468.706 0.0264152
470.2 0.0345345
471.743 0.0409989
473.346 0.0272277
475 0.0156502
476.688 0.0060404
478.392 0.00683419
480.092 0.0163473
481.772 0.0272731
483.416 0.0397828
485.01 0.0544243
486.548 0.0715849
488.026 0.0910072
489.457 0.0862331
490.863 0.0781457
492.265 0.0680165
493.677 0.0570699
495.108 0.0461774
496.561 0.0358056
498.036 0.0261041
499.53 0.0170205
501.038 0.00839143
502.553 2.1433e-014
