spline_cubic
range_of_knot_vector 1 49.000000010000001
number_of_control_point 51
249.00302408214213 165.64945898876024 425.77209982064801
250.66101032495499 170.75000703334808 431.85386595318306
252.31899656776784 175.85055507793592 437.93563208571811
235.98950413557304 163.4739025617136 440.98334138746185
235.77371267428683 184.57485954229833 444.17581152263131
233.64537306864818 169.89567081168678 430.68159372645249
218.49485552763335 176.51063500907654 428.05865228781573
217.73570438006527 187.56403581639606 439.10024256551941
206.46679876232551 178.68848370036432 444.9279693946462
209.63337342449941 168.81866190135034 433.5361635589237
210.06677595814065 160.13933765666076 427.68915713224214
205.12031784352283 149.18991102406784 422.35193180836512
196.62623607974308 140.22321266581599 427.74479944808343
185.37238836043065 144.00555944079701 430.91686299451669
183.12045398234366 154.99392160124071 444.70943043377946
173.66243167371584 150.09412061660015 442.94933806654655
167.47687920856427 143.76814493244959 431.93572173816125
163.28424264517301 140.16887539961513 422.5356945100732
165.31374973057322 135.68254038657031 414.45334412160776
161.54430003757989 126.55913581268085 401.22334860172703
149.82436091305408 134.49780282343843 406.49755560255869
151.81296950035636 149.08251117847084 404.48392094920496
143.87643234487842 142.62484348048216 395.72316704454562
138.80624256302764 136.55014776021733 381.00547126815104
136.45028367554235 148.78801940936594 394.21434661235531
144.91198910747175 156.804448243672 383.89320498291312
125.75028625415942 150.17155930576394 379.58402460054447
130.28083861058212 144.53805598379739 366.9143501837047
140.26952404126408 160.05769379747821 380.94087366012553
142.53774842714461 148.78259640025527 375.0924669406046
137.65688157106993 145.92471989731837 358.65654361848647
149.47090315720945 149.8448742759972 369.55290401146266
151.6399982317715 149.77078583618359 380.26646199290531
153.82898592989102 152.39968588082624 391.85946917284616
168.94503822839755 152.65044647091793 399.47926592938956
163.77192846525688 149.94934739713173 391.68811314323375
156.34736254079371 142.88638701340324 380.3577919927389
163.99414417815322 154.65734495712348 380.07462723557052
174.24668003195421 149.30487410111189 392.41690034653465
173.64004854704078 146.61345310347573 371.61451700473424
185.2679423182409 140.37787276115046 372.29872675400651
185.31550999972268 138.40016060018905 384.36211894399196
184.23626134145709 137.61706425729662 396.24386711650192
174.06769378119407 147.84081146791658 395.99444993915768
172.2706610210561 147.82146756083387 408.67803315903694
174.13107063065942 152.00406486765618 419.54640089948828
176.86322159654469 154.52274130760537 430.93916554947123
177.83241683776819 160.37451522151542 439.9204370716659
182.26468680054501 163.37612125279293 452.95808578124706
180.53967410326004 175.30334055423737 454.85873961419128
178.81466140597507 187.2305598556818 456.75939344713549
