spline_cubic
range_of_knot_vector 1 34.000000010000001
number_of_control_point 36
255.3313279205438 173.5557577819921 424.63876263213837
250.66101032495499 170.75000703334808 431.85386595318306
245.99069272936617 167.94425628470407 439.06896927422775
233.55301054451937 180.1515438155792 446.67902632812019
230.08764019578933 168.68298609862384 424.05192866374671
214.40719985233457 188.89309002054213 437.71668920588974
207.15407561013956 176.23742276179036 445.52042848805536
210.92081859254981 162.73325714970844 425.43205286694183
205.41500530571003 146.63999236421614 424.44716061121477
188.03026248539391 137.81088312235033 427.02884410511723
182.08491481811203 158.61182260778551 447.85845862824902
169.7250406830839 144.10874550302333 437.02823952329896
162.09341007590189 142.40181903409251 423.781554373066
167.51821750826841 129.00137257472804 406.04669388553373
149.05663537792677 130.61694387412277 403.53303497212988
152.61455343035118 154.82888890057845 406.41478956084057
134.07148006299121 129.74727803712025 379.75510895402903
144.37286521021187 157.1564708597358 394.94088684564161
131.40817286462101 150.67007508085715 377.97636957531921
128.06711333311662 147.69798058406252 368.60396997914052
146.67190457735384 158.07213814518528 384.46099473646166
136.18701091547879 142.07016344754149 354.22646683618331
154.1584822665703 152.45577106477475 377.4304751937683
151.7452634894031 150.56800339188322 390.89631237863313
174.30260544061633 154.11639989573627 403.32748634793529
151.13689710504235 141.97885926154763 373.90257369387928
170.92522813120132 156.08141590120238 390.75396115444988
173.75133058789504 145.23022488106076 377.29779468200053
186.15348588496479 140.55329270060517 369.4315268171552
186.26456948392484 135.54253761244843 397.86729647635326
171.94964664211722 148.95271649859166 395.11770601798236
173.45828971103606 148.78578038946134 417.99470196928615
176.09688133124607 156.7520946049689 429.42584214923863
181.12935329224834 160.01921819391265 449.45484262611177
180.53967410326004 175.30334055423737 454.85873961419128
179.94999491427174 190.58746291456208 460.26263660227079
