#pt2d 311
0 2.62252e-016
1.04068 0.0136873
2.07934 0.0275253
3.11457 0.0415849
4.14625 0.0557677
5.17615 0.0697108
6.20861 0.0827158
7.25109 0.0937675
8.31456 0.101719
9.41355 0.105648
10.5658 0.105229
11.7841 0.0782103
13.05 0.0665519
14.3351 0.0697019
15.6115 0.08599
16.8546 0.113652
18.0478 0.151838
19.188 0.197101
20.2938 0.236829
21.4132 0.249611
22.6237 0.225917
24.0064 0.127501
25.5682 0.0676476
27.2619 0.0279962
29.0208 0.00573622
30.7718 0.0375952
32.4432 0.0805018
33.973 0.146449
35.3254 0.250636
36.5244 0.3684
37.7085 0.373082
39.1066 0.200799
40.8144 0.108622
42.8005 0.0605761
44.9896 0.0332277
47.2898 0.0204591
49.6032 0.0281969
51.8315 0.0516995
53.8803 0.0926968
55.6682 0.169583
57.147 0.319183
58.3685 0.374128
59.5207 0.315183
60.7691 0.216011
62.191 0.141214
63.7978 0.0942706
65.5661 0.0656428
67.4561 0.0488601
69.4204 0.0413265
71.4082 0.0425966
73.3684 0.0523967
75.2645 0.0424537
77.1067 0.0306938
78.9087 0.0187342
80.6773 0.0126094
82.4159 0.021729
84.1285 0.0371609
85.8235 0.0538299
87.5185 0.0693408
89.2437 0.0809726
91.0436 0.0862671
92.9627 0.0652181
94.9907 0.0515706
97.0946 0.0440679
99.236 0.0422274
101.374 0.0459054
103.471 0.0550738
105.489 0.0701277
107.402 0.0919763
109.196 0.120999
110.882 0.153716
112.51 0.136187
114.159 0.108468
115.881 0.0808664
117.691 0.0576964
119.582 0.0392627
121.532 0.0248122
123.507 0.0151833
125.472 0.0167193
127.384 0.0294882
129.204 0.0495881
130.897 0.059874
132.453 0.0762702
133.868 0.10152
135.141 0.139144
136.281 0.191583
137.309 0.252805
138.272 0.296782
139.245 0.291159
140.32 0.241899
141.584 0.183054
143.099 0.111733
144.85 0.0725834
146.798 0.0494492
148.898 0.0353283
151.102 0.0275419
153.36 0.0256165
155.623 0.0293897
157.844 0.03824
159.978 0.052316
161.985 0.0732795
163.846 0.0680854
165.593 0.0575092
167.262 0.0427563
168.875 0.0259901
170.446 0.0152885
171.984 0.0281513
173.5 0.0502058
175.01 0.0725187
176.543 0.0905867
178.142 0.100265
179.85 0.0702231
181.645 0.0530995
183.48 0.0484073
185.3 0.0569227
187.051 0.0789
188.686 0.117282
190.167 0.17926
191.486 0.267307
192.694 0.342187
193.927 0.323014
195.373 0.170727
197.092 0.0877346
199.034 0.041096
201.106 0.0125521
203.203 0.0268942
205.217 0.0646797
207.051 0.127185
208.631 0.241492
209.96 0.407186
211.212 0.425137
212.736 0.204698
214.679 0.100979
216.987 0.0513989
219.548 0.0228977
222.225 0.00803979
224.878 0.0256106
227.359 0.0585765
229.524 0.12414
231.232 0.304604
232.371 1.08648
233.021 1.66106
233.772 0.579551
234.907 0.218218
236.38 0.0949453
238.086 0.0359269
239.904 0.0145234
241.713 0.0542674
243.395 0.12058
244.849 0.25171
246.019 0.521054
246.999 0.511378
248.033 0.32311
249.264 0.182428
250.71 0.10435
252.337 0.0594077
254.084 0.0312875
255.884 0.0194657
257.663 0.0352159
259.346 0.0694099
260.858 0.131525
262.139 0.182597
263.19 0.265993
264.029 0.409458
264.681 0.65944
265.181 1.02537
265.591 1.2289
265.996 0.97173
266.471 0.6169
267.057 0.385812
267.766 0.253343
268.597 0.130204
269.518 0.0619886
270.49 0.0414459
271.472 0.078769
272.426 0.142156
273.322 0.233486
274.148 0.356575
274.92 0.469722
275.708 0.472234
276.623 0.363962
277.768 0.180049
279.134 0.0920588
280.656 0.0423294
282.254 0.0154353
283.843 0.0412336
285.336 0.0948747
286.644 0.200178
287.686 0.480595
288.396 1.57723
288.822 2.87776
289.42 0.763719
290.437 0.284194
291.858 0.139722
293.629 0.078952
295.687 0.0473285
297.968 0.0280995
300.407 0.0148218
302.937 0.00565115
305.493 0.00907672
308.01 0.0198765
310.432 0.0238042
312.738 0.0288942
314.916 0.0355836
316.952 0.0445592
318.835 0.0569252
320.554 0.0745131
322.099 0.100457
323.463 0.140235
324.643 0.203218
325.646 0.30264
326.491 0.394932
327.223 0.47644
327.893 0.502842
328.555 0.458238
329.256 0.376734
330.032 0.296556
330.903 0.232795
331.884 0.185739
332.985 0.151483
334.214 0.126173
335.572 0.0754463
337.021 0.0451868
338.505 0.0359019
339.965 0.0542395
341.34 0.0966958
342.569 0.177623
343.595 0.35764
344.373 0.852916
344.909 1.94075
345.402 1.32224
346.186 0.422877
347.312 0.178959
348.712 0.0865055
350.296 0.0449101
351.974 0.0409729
353.659 0.0684828
355.275 0.116294
356.769 0.188402
358.137 0.275528
359.467 0.311974
360.942 0.182575
362.667 0.100377
364.616 0.0530683
366.715 0.0242411
368.867 0.0199833
370.968 0.0461151
372.915 0.0923831
374.619 0.179434
376.024 0.351908
377.179 0.550524
378.349 0.3504
379.786 0.18785
381.537 0.106031
383.558 0.0642536
385.771 0.0425091
388.086 0.0351379
390.409 0.0419547
392.648 0.0622464
394.716 0.0997199
396.544 0.1675
398.121 0.184223
399.553 0.169429
400.949 0.131102
402.374 0.0877758
403.853 0.0491638
405.378 0.0166476
406.928 0.0174631
408.479 0.0479045
410.011 0.0813877
411.519 0.115817
413.027 0.101463
414.567 0.0848808
416.159 0.0689259
417.81 0.0549337
419.519 0.0432349
421.278 0.0337539
423.075 0.026445
424.893 0.0216339
426.715 0.0201473
428.523 0.0226211
430.3 0.020218
432.054 0.017604
433.792 0.0149722
435.524 0.012595
437.257 0.0108451
438.999 0.0101203
440.758 0.0105632
442.541 0.0118907
444.354 0.0136611
446.205 0.0155335
448.098 0.00896223
450.022 0.00433521
451.96 0.00619592
453.898 0.0117105
455.822 0.0180942
457.719 0.0252302
459.576 0.0333017
461.386 0.0425046
463.143 0.0529268
464.847 0.0643824
466.507 0.060479
468.141 0.0548817
469.766 0.0481883
471.393 0.0409612
473.031 0.0336226
474.682 0.0264286
476.347 0.0194913
478.026 0.012819
479.714 0.00635365
481.407 1.17838e-014
