spline_cubic
range_of_knot_vector 1 32.000000010000001
number_of_control_point 34
256.6123240727145 172.99705470019916 423.61322394980687
250.66101032495499 170.75000703334808 431.85386595318306
244.70969657719544 168.50295936649701 440.09450795655926
233.68770764457301 179.90572332850385 445.6669110142297
227.30508301986404 169.34692244405514 421.06040659150909
211.35703255542006 191.83825924433989 445.363338901389
207.18183097178738 168.35306824790763 438.53523114754438
211.8715705522242 160.12636928899099 423.34077798736257
197.07095002707447 135.77350735496691 423.82643689921071
183.66900206351619 150.91997430214479 437.67886631740305
177.08276025563012 153.02653402854989 447.10972061222253
160.7672292001011 140.44022873889793 426.05208557308003
169.19033065909326 136.31118319740972 413.15037669033956
151.80109733728989 123.14629408615092 399.36630431874346
152.71567095264621 156.84077185156062 410.95231045010468
135.15921717049454 129.31170964107702 379.05254652098671
144.5584176113 157.15518939179876 396.02537730324667
129.54301736339161 149.20796647817394 375.57666357440706
131.70251577404235 150.61588892386627 371.99585878973016
143.44951305426116 154.41511566411927 379.89523404425097
141.33436939977202 144.19583773567015 355.09463662178717
151.30969295978974 151.34693569316769 382.57991241837885
162.55095448863941 154.38690814851168 398.66397274636188
165.6928340040613 146.55569702537878 393.00960748586914
155.74807640907417 149.04881329088801 374.20233737915021
176.39489572009171 152.33414511252067 394.60053374040604
178.45179899532351 141.65981620273524 360.38111419908796
190.94512118486011 135.33900145103357 394.14643493866902
173.88943192388135 145.74297261187218 393.74098108278406
172.36266843719056 149.25002337095779 413.27968405074444
175.89750097107836 155.30537595820809 428.25428842575752
180.83360714180958 159.7174913796467 448.23049729120521
180.53967410326004 175.30334055423737 454.85873961419128
180.2457410647105 190.88918972882803 461.48698193717735
