#pt2d 291
0 0
1.2277 0.0085148
2.44927 0.0172856
3.65889 0.0265646
4.85138 0.0365893
6.0226 0.0475558
7.16989 0.0595639
8.29261 0.0725233
9.39275 0.0860173
10.4756 0.0991635
11.5504 0.110574
12.6277 0.107764
13.7084 0.109336
14.7909 0.114851
15.8753 0.123216
16.9648 0.132688
18.0677 0.140933
19.1982 0.145389
20.3769 0.144095
21.6308 0.136595
22.9915 0.124166
24.4842 0.0713179
26.0884 0.0345014
27.7574 0.00931521
29.4372 0.0271737
31.0732 0.0603533
32.6176 0.105838
34.0392 0.170068
35.3418 0.247357
36.5924 0.292413
37.9393 0.258918
39.5522 0.139448
41.4609 0.0766711
43.6031 0.0416376
45.8875 0.0218325
48.2111 0.0227627
50.4668 0.0445835
52.5486 0.0846379
54.3577 0.163686
55.8176 0.344326
56.9249 0.691639
57.9023 0.530386
59.1022 0.268609
60.6528 0.139967
62.545 0.0788971
64.7238 0.0459111
67.1172 0.0253312
69.6467 0.0105756
72.23 0.00540274
74.7838 0.0183109
77.2242 0.0364778
79.4842 0.0405604
81.5651 0.0455116
83.4865 0.0515217
85.2713 0.0586074
86.9465 0.0663606
88.545 0.0737164
90.106 0.0790532
91.6739 0.0808659
93.2967 0.0786469
95.0225 0.0731375
96.8827 0.0552439
98.8496 0.0463952
100.88 0.0446979
102.934 0.0490013
104.973 0.0584052
106.969 0.0723656
108.903 0.090237
110.778 0.109926
112.619 0.126286
114.489 0.13201
116.47 0.0889493
118.6 0.0558384
120.854 0.0318401
123.174 0.016033
125.485 0.0201025
127.707 0.0423725
129.76 0.0793662
131.573 0.144378
133.108 0.261461
134.403 0.406983
135.652 0.308815
137.075 0.188484
138.753 0.113344
140.674 0.0705743
142.793 0.0455903
145.042 0.0317813
147.35 0.0285191
149.64 0.036467
151.84 0.0547689
153.877 0.0863977
155.713 0.0858136
157.395 0.0760482
158.986 0.0581699
160.534 0.0364588
162.075 0.0208786
163.638 0.0290593
165.249 0.0465382
166.938 0.0610083
168.743 0.0694785
170.713 0.0714609
172.884 0.0422452
175.204 0.0242242
177.593 0.0175095
179.966 0.0267635
182.234 0.0476555
184.314 0.0833406
186.128 0.150491
187.619 0.291797
188.784 0.556867
189.78 0.639073
190.979 0.288153
192.562 0.130868
194.488 0.0616368
196.653 0.0238184
198.933 0.0120318
201.204 0.0393854
203.347 0.0816685
205.264 0.15365
206.908 0.272937
208.363 0.3678
209.918 0.218022
211.793 0.115866
213.993 0.0617673
216.437 0.0305091
219.007 0.0126307
221.57 0.0234566
223.991 0.0541998
226.129 0.113977
227.852 0.268114
229.048 0.861301
229.762 1.48823
230.463 0.670086
231.465 0.258437
232.761 0.110777
234.262 0.0409744
235.862 0.024879
237.45 0.0738998
238.927 0.155893
240.217 0.303956
241.315 0.509109
242.373 0.371968
243.59 0.214778
245.029 0.121826
246.666 0.0694164
248.443 0.0376038
250.287 0.0220063
252.119 0.0341799
253.855 0.0680698
255.411 0.132105
256.703 0.280596
257.675 0.473959
258.364 0.848521
258.845 1.36774
259.228 1.33452
259.632 0.793695
260.112 0.415865
260.671 0.215053
261.289 0.112878
261.939 0.105873
262.595 0.177129
263.238 0.194204
263.873 0.206848
264.51 0.212564
265.162 0.210064
265.841 0.19988
266.562 0.184069
267.339 0.165265
268.183 0.145785
269.106 0.127208
270.12 0.110378
271.226 0.0521363
272.385 0.0109852
273.549 0.0372543
274.668 0.0908262
275.692 0.176099
276.577 0.339597
277.293 0.693457
277.852 1.25827
278.375 1.11585
279.094 0.575425
280.162 0.249111
281.59 0.131004
283.343 0.0774458
285.371 0.0489597
287.626 0.032244
290.056 0.0223417
292.612 0.0178265
295.247 0.0183889
297.917 0.0227595
300.584 0.029553
303.213 0.0293035
305.764 0.0334167
308.186 0.0430702
310.431 0.0606307
312.444 0.0919993
314.177 0.152532
315.584 0.286689
316.636 0.633361
317.374 1.28556
318.053 0.931049
319.061 0.330676
320.477 0.145668
322.225 0.0712873
324.198 0.032248
326.283 0.0130937
328.362 0.0327923
330.315 0.0736746
332.024 0.155576
333.373 0.385256
334.258 1.53308
334.69 3.6715
335.162 1.01475
335.96 0.339095
337.045 0.146636
338.331 0.0686639
339.73 0.0478801
341.153 0.079632
342.522 0.142886
343.783 0.242449
344.927 0.364846
346.044 0.283135
347.264 0.182946
348.641 0.112273
350.168 0.0676628
351.814 0.0402707
353.532 0.0292979
355.274 0.0382696
356.993 0.0601785
358.65 0.0913989
360.222 0.131797
361.716 0.131868
363.161 0.128504
364.577 0.124189
365.975 0.12121
367.359 0.121175
368.73 0.124877
370.087 0.132201
371.434 0.141924
372.779 0.151466
374.142 0.157064
375.555 0.126909
377.051 0.0986056
378.642 0.0755616
380.328 0.0578561
382.094 0.0445938
383.921 0.0349959
385.787 0.028832
387.663 0.0265336
389.521 0.028751
391.333 0.0357331
393.075 0.0306651
394.75 0.0260557
396.368 0.0241658
397.938 0.0274319
399.467 0.0356851
400.967 0.0468175
402.452 0.0586919
403.942 0.0692795
405.463 0.0766965
407.05 0.0796924
408.735 0.0619489
410.525 0.0477097
412.416 0.0363897
414.398 0.0272937
416.455 0.0198166
418.573 0.0134907
420.732 0.00802808
422.913 0.00382842
425.097 0.00478581
427.264 0.00962042
429.395 0.0121028
431.486 0.0149412
433.533 0.0181391
435.532 0.0217147
437.483 0.0256846
439.386 0.0300477
441.242 0.0347657
443.055 0.0397401
444.83 0.0447883
446.576 0.0496279
448.305 0.0452206
450.029 0.0401812
451.757 0.0348333
453.497 0.029422
455.25 0.0241045
457.019 0.0189602
458.802 0.0140096
460.597 0.00923243
462.4 0.00458273
464.208 7.19447e-015
