spline_cubic
range_of_knot_vector 1 31.000000010000001
number_of_control_point 33
257.19961633299238 172.35819947741714 422.85118047679009
250.66101032495499 170.75000703334808 431.85386595318306
244.1224043169176 169.14181458927902 440.85655142957603
233.59477012539932 179.02581829299587 444.50268823910511
225.87328557558183 171.00465545759025 420.51667863081894
209.61484055171394 191.39752494195386 448.70818168864076
208.01776467244292 165.41917231624981 433.9533696946541
211.19514197619378 156.75637298534073 423.44179490061401
191.87399446245465 133.41047137597886 423.92208986071108
183.46493024947316 158.04187881138384 445.2025021070005
170.75847309031982 145.2578599939869 439.89783431317244
162.53301309772587 143.4847170061922 423.90736522750609
165.90257700842281 124.7912143624627 402.77523378698743
148.82297268736929 139.05612802019755 408.0181707893309
149.11621038358456 148.48204864701344 397.12595670587922
132.81282406033259 133.59869350411023 381.82496085450072
146.08267594966486 164.420180025468 394.80614218321017
119.40092900159493 139.68058437979838 362.38910694668914
147.24909588519424 161.80966439026659 387.05460040879507
135.69929500582737 142.22140063629158 357.39422841580716
152.08028791732488 151.19680627471732 372.36502418946145
153.60791123160425 152.07421126539887 393.39474899417434
172.61051041705656 151.61393538906572 401.62796639158256
151.28262251507113 144.40552377692805 371.02417766310299
175.03585096673473 155.15433803817407 396.61031218844067
175.86365831201672 142.76378706761074 362.9223720156939
191.36399301838301 135.87553379182887 387.79989133378706
176.10964502785447 143.62159030098073 395.30425607626466
171.47731795461917 149.60952807893045 409.69217589560952
175.92347924098181 154.49213410019632 428.08780950800377
180.61354276313617 159.56570117412227 447.34694009934736
180.53967410326004 175.30334055423737 454.85873961419128
180.46580544338391 191.04097993435246 462.37053912903519
