spline_cubic
range_of_knot_vector 1 33.000000010000001
number_of_control_point 35
255.9899966774511 173.38796796419143 424.19055206657373
250.66101032495499 170.75000703334808 431.85386595318306
245.33202397245887 168.11204610250473 439.51717983979239
233.67454330996847 180.25647825056063 446.3414203279869
228.69375986213217 168.62657639940326 422.34360325484909
212.98679615665364 190.87701630145904 441.51938661371406
206.89316240813142 172.15006790420148 442.58353044375781
211.66610566570768 161.7877116225475 423.7990315517082
201.71964789839708 140.94223979002709 424.46858377639273
185.20103625958498 143.05865834617632 430.86511475200234
180.49559750345784 158.30700349260374 450.18998864323629
164.22001257654134 139.9878571966276 429.98933076038867
165.75899991784385 142.52297813777912 420.78796710119059
161.07538839730847 121.12880359656218 398.70549985727075
148.81557353668359 146.48843869110968 410.97731285092061
147.4372219205917 143.68023308160912 391.93588905339237
132.66219846821775 136.37783426371189 384.10923384335393
146.89161723183381 163.94203712784122 393.68390021748587
118.61247277372296 139.38552329588998 363.71387405231104
146.7049391333893 161.85806175287192 385.0317047931569
134.81118071255898 143.34973111941883 363.00943707977581
151.10618860146434 150.64435937819749 365.76434634038031
148.48366448338388 149.41176424113476 387.04075023932501
171.90422019329623 156.19702954922701 403.3640860633206
156.19738081867723 142.28268498944811 381.87812148862906
164.05525537109631 153.92736599663414 382.5802598437441
174.92335912974758 148.33170900598083 386.89640759352147
182.52856316824986 141.27286199680458 363.30891795970149
188.84131899431478 135.03903592480256 397.21528524141121
172.6913378920396 147.64512092163159 393.79876744869892
172.9461963881451 148.89569794703456 416.00669249782487
175.99422955546996 156.10136947810375 428.71414786756554
180.98819640385483 159.84905077417136 448.92574877932691
180.53967410326004 175.30334055423737 454.85873961419128
180.09115180266525 190.75763033430337 460.79173044905565
