#pt2d 281
0 0
1.35923 0.00826875
2.70808 0.0169219
4.03645 0.0263708
5.33483 0.0370771
6.59467 0.0495681
7.80891 0.064421
8.97262 0.0821763
10.084 0.103093
11.1454 0.12663
12.1652 0.150653
13.1585 0.153107
14.1438 0.150404
15.1388 0.143177
16.1597 0.132782
17.2211 0.120763
18.3354 0.108423
19.5129 0.0966431
20.7626 0.0858967
22.0918 0.0763644
23.5071 0.0680455
25.0085 0.0360236
26.5703 0.0118132
28.1557 0.0174736
29.727 0.0423358
31.2505 0.0730502
32.7012 0.111931
34.0725 0.158443
35.3871 0.201391
36.711 0.217139
38.1529 0.194591
39.8228 0.111771
41.7229 0.064398
43.7906 0.0364277
45.9425 0.0240422
48.0863 0.033997
50.127 0.0625599
51.9721 0.115634
53.5393 0.22555
54.7781 0.472442
55.7413 0.779356
56.7305 0.446135
58.0454 0.212039
59.7463 0.110943
61.7981 0.0627417
64.1363 0.0360798
66.6861 0.0193548
69.3695 0.00939721
72.1082 0.012109
74.826 0.0233032
77.4514 0.0388056
79.9327 0.0431245
82.2679 0.0480707
84.4672 0.053687
86.5417 0.0599553
88.5041 0.0667469
90.3694 0.0737583
92.1552 0.0804578
93.8821 0.0860877
95.5743 0.0897842
97.2593 0.0908262
98.9644 0.081305
100.706 0.0722007
102.489 0.0643781
104.316 0.0582336
106.18 0.0538934
108.075 0.0513474
109.993 0.0505146
111.925 0.0512634
113.862 0.0534115
115.8 0.0567121
117.734 0.0416493
119.654 0.0298931
121.535 0.0266682
123.344 0.0378692
125.046 0.0626574
126.607 0.103299
128.003 0.167791
129.235 0.259931
130.355 0.341361
131.491 0.328597
132.815 0.200947
134.399 0.124558
136.242 0.0813946
138.313 0.0561078
140.569 0.040906
142.962 0.0322924
145.44 0.0289525
147.954 0.0303494
150.455 0.0359511
152.9 0.0454681
155.261 0.0400196
157.544 0.0338644
159.756 0.0280426
161.892 0.0243869
163.941 0.0259678
165.89 0.0349923
167.722 0.0516391
169.424 0.0764999
170.996 0.110408
172.452 0.150415
173.836 0.142621
175.191 0.129008
176.54 0.115008
177.897 0.104716
179.26 0.100456
180.628 0.10296
181.995 0.111455
183.362 0.123699
184.738 0.135944
186.147 0.143332
187.623 0.0963004
189.177 0.0596473
190.789 0.0348163
192.421 0.0310994
194.032 0.0525706
195.579 0.0887484
197.035 0.138838
198.398 0.19862
199.715 0.242282
201.096 0.2342
202.681 0.13227
204.502 0.0725355
206.501 0.035859
208.592 0.0132196
210.676 0.026848
212.648 0.063735
214.403 0.132026
215.843 0.292594
216.901 0.761582
217.639 1.33333
218.492 0.500876
219.741 0.193506
221.344 0.0837132
223.186 0.0295984
225.136 0.0161596
227.062 0.0576597
228.839 0.126279
230.362 0.262896
231.592 0.514157
232.682 0.580483
234.035 0.255619
235.831 0.118711
238.007 0.0590517
240.441 0.0275548
242.986 0.016312
245.491 0.0359638
247.799 0.0782278
249.752 0.175565
251.196 0.522889
251.996 3.74078
252.349 2.18293
253.185 0.430943
254.526 0.155947
256.237 0.0649104
258.168 0.0209952
260.171 0.0304433
262.101 0.0785573
263.82 0.170178
265.219 0.385254
266.28 0.785284
267.267 0.49084
268.528 0.225131
270.12 0.108969
271.971 0.0522052
273.972 0.0201898
276.001 0.0276375
277.93 0.0693838
279.631 0.153829
280.978 0.39257
281.859 1.57916
282.31 3.00947
282.893 0.812134
283.904 0.296034
285.338 0.144732
287.146 0.0824346
289.274 0.0507876
291.661 0.0322795
294.248 0.020408
296.975 0.0128643
299.785 0.0103254
302.62 0.00990172
305.429 0.0138456
308.16 0.0208388
310.762 0.03097
313.185 0.0459985
315.379 0.0700333
317.296 0.112635
318.89 0.199155
320.127 0.408834
321.001 0.975839
321.628 1.14901
322.296 0.614408
323.167 0.295783
324.251 0.155246
325.501 0.0855803
326.859 0.0490551
328.255 0.0441669
329.622 0.0741573
330.889 0.136987
331.99 0.267499
332.88 0.369933
333.591 0.494353
334.172 0.600818
334.677 0.625291
335.156 0.560392
335.646 0.471057
336.172 0.404492
336.754 0.360733
337.409 0.323313
338.161 0.282412
339.034 0.194054
340.03 0.139494
341.142 0.104932
342.359 0.0825382
343.67 0.0679716
345.063 0.058757
346.526 0.0533921
348.048 0.0508674
349.62 0.050424
351.235 0.0514453
352.883 0.0372405
354.537 0.0331061
356.161 0.0423129
357.717 0.0639309
359.169 0.0994818
360.486 0.156369
361.652 0.245632
362.679 0.361551
363.634 0.427075
364.655 0.363192
365.894 0.20613
367.398 0.123002
369.145 0.0783051
371.09 0.0528055
373.183 0.0383317
375.365 0.0321759
377.579 0.0338216
379.771 0.0425653
381.886 0.0581586
383.88 0.082185
385.733 0.075653
387.479 0.0630427
389.153 0.0464536
390.775 0.0292398
392.352 0.0222935
393.885 0.0386684
395.377 0.0654442
396.842 0.0943632
398.308 0.118436
399.829 0.129643
401.472 0.095296
403.267 0.0688903
405.213 0.0494986
407.298 0.0351593
409.497 0.0242047
411.785 0.0154532
414.132 0.00823693
416.503 0.00399939
418.868 0.00831572
421.192 0.0158326
423.447 0.0176345
425.63 0.0197653
427.743 0.0222365
429.788 0.0250462
431.769 0.0281706
433.693 0.031554
435.564 0.0350964
437.393 0.0386446
439.189 0.0419911
440.965 0.0448885
442.735 0.0404067
444.51 0.0355784
446.296 0.0306458
448.098 0.0257749
449.918 0.0210606
451.755 0.0165406
453.608 0.012212
455.474 0.0080448
457.349 0.00399264
459.229 5.96428e-015
