spline_cubic
range_of_knot_vector 1 48.000000010000001
number_of_control_point 50
249.03996897219415 166.08042353786914 425.86349336307728
250.66101032495499 170.75000703334808 431.85386595318306
252.28205167771583 175.41959052882703 437.84423854328884
235.24251364484712 164.0110288728624 441.52605998206013
236.37252324538255 184.84460413696817 443.5207632214391
232.24606565466783 168.94685975763795 429.97972759959691
218.00566232095144 178.22412476420558 428.24252778316168
216.83477693452824 187.72203504567264 441.25438560203929
205.57330170866854 176.62732743716853 443.60109699980904
210.7567883489215 167.68286928707178 432.18060340314111
209.02353006103425 158.02883330895716 426.43950202272748
204.14563359950427 146.95134815508618 422.49974456120293
193.35311019417173 139.3151977470441 429.0617128563494
184.53374005408671 147.45086541822474 432.72058111724931
181.2511875785886 155.19033380912174 447.95015177843572
171.07724523780684 147.80001876704262 438.37186124711968
166.11622638994078 142.16917117404125 429.82118566751615
162.75879653305566 139.60567004849088 419.09575909972295
166.6921250736624 131.65022021309321 410.36238852996269
154.99197544287944 127.24493846362066 399.86788693789106
151.45199292886329 141.0947287855272 409.15279408014811
147.77493791965082 149.96216453703042 400.24479012554946
143.43741322976993 136.37608137322229 388.61411091519193
133.27403689605936 142.15272812206965 384.82446129416854
145.00908819087533 153.30426539828528 392.86436155540497
134.12638880023002 156.63675772726864 380.28860978661055
126.3550724761067 142.66188680281232 372.30244094559833
134.49363535024162 154.97030450021037 372.3608637772673
145.91350756298363 155.75225299314519 382.51560262082552
135.47755642907853 144.30524886351327 362.80296366197433
146.86190319230653 149.4305520864755 362.55679593447218
150.29059337231951 149.22555946020904 378.43471739846689
153.26461875125307 151.93063863854783 385.80685105525657
162.53722547097695 152.26927079955738 400.72446792737571
170.06613229067963 152.425593480494 392.91568285947341
154.30562916446351 142.38768680094771 385.57291092989215
163.1164427121507 152.65948512830761 375.09673018365987
171.20079918066088 151.02321386534331 394.01815737195392
174.78319548969989 147.44084004858189 375.28572486989208
181.72436133206884 141.01444804150643 370.30246796350133
187.16277222582906 139.21200616418628 382.16865002157562
183.75673134484359 136.36221768602402 395.27088112338828
176.10720049523158 147.3386606228112 395.76703460580018
171.39439767336245 147.62602551073371 406.85296774927144
174.37123752135389 151.72530573051745 418.90397010168488
176.48135076060049 154.23016566821201 430.13787350637631
177.86820628911209 160.20326637393839 439.52759187622473
182.16181174082814 163.1955009686819 452.77136390029108
180.53967410326004 175.30334055423737 454.85873961419128
178.91753646569194 187.41118013979283 456.94611532809148
