#pt2d 321
0 0
0.969768 0.0171347
1.93851 0.0343622
2.90599 0.0516335
3.8736 0.0686135
4.84511 0.0845609
5.82744 0.0983112
6.83117 0.10847
7.87069 0.113851
8.96401 0.113989
10.1319 0.109388
11.3883 0.0752817
12.7098 0.0583293
14.0613 0.0578959
15.4072 0.0726613
16.7148 0.100501
17.9579 0.141977
19.1227 0.19773
20.2175 0.258713
21.2855 0.294709
22.4113 0.27617
23.6959 0.156908
25.1655 0.0846933
26.782 0.0389973
28.4835 0.00487993
30.1986 0.0285562
31.8559 0.0688546
33.3908 0.128494
34.759 0.223742
35.9635 0.348993
37.1051 0.396564
38.39 0.231694
39.9362 0.130159
41.7389 0.0754164
43.7441 0.0443409
45.8787 0.0276097
48.0619 0.0270166
50.2113 0.0425037
52.2475 0.0712016
54.0994 0.119826
55.717 0.204255
57.1077 0.241822
58.3655 0.247345
59.5905 0.218952
60.8558 0.177215
62.2003 0.139583
63.6359 0.111876
65.1576 0.0939603
66.7512 0.0842583
68.3998 0.0811429
70.0875 0.0830507
71.8087 0.0627967
73.5763 0.0437432
75.3931 0.026843
77.2502 0.0121401
79.1322 0.00618874
81.0212 0.0183587
82.9006 0.0328013
84.7586 0.0483771
86.5921 0.064615
88.4121 0.0799255
90.2424 0.0704071
92.0959 0.0618717
93.9726 0.0551741
95.865 0.0508215
97.761 0.0491715
99.6452 0.0505068
101.501 0.0550434
103.314 0.0629539
105.069 0.0743729
106.76 0.0892227
108.39 0.0905873
109.979 0.0898553
111.55 0.0874448
113.121 0.0839448
114.708 0.0799343
116.324 0.0758576
117.981 0.071978
119.689 0.0683929
121.457 0.0650778
123.297 0.0619397
125.213 0.039128
127.179 0.0215936
129.151 0.014681
131.077 0.0283549
132.904 0.0541384
134.58 0.0950719
136.061 0.165057
137.322 0.287012
138.39 0.446987
139.395 0.471857
140.564 0.26545
142.013 0.147798
143.74 0.0871349
145.702 0.0533151
147.838 0.0328853
150.079 0.0214677
152.354 0.0212049
154.589 0.032461
156.711 0.0533113
158.649 0.0888221
160.357 0.0936255
161.875 0.0898171
163.26 0.0755656
164.564 0.053966
165.832 0.0379274
167.107 0.0460173
168.427 0.0651707
169.834 0.0795509
171.373 0.0851704
173.096 0.0829598
175.037 0.0476555
177.146 0.0260266
179.349 0.0147215
181.568 0.0206967
183.728 0.0386468
185.753 0.0670641
187.574 0.115372
189.135 0.206826
190.408 0.38299
191.449 0.586498
192.48 0.383832
193.723 0.202482
195.226 0.107702
196.951 0.056607
198.828 0.0257426
200.777 0.0167084
202.714 0.0386111
204.558 0.0750101
206.238 0.134175
207.705 0.235016
208.977 0.259788
210.165 0.235677
211.373 0.18285
212.661 0.131307
214.051 0.0924374
215.539 0.0664058
217.104 0.0517512
218.723 0.0479977
220.369 0.0538392
222.019 0.0665037
223.656 0.0567726
225.257 0.0558197
226.789 0.0678076
228.218 0.0971482
229.504 0.153421
230.617 0.261266
231.536 0.470056
232.285 0.766157
232.981 0.764764
233.843 0.469465
235.032 0.195522
236.529 0.0897067
238.241 0.0364376
240.057 0.0160848
241.865 0.0498253
243.557 0.108628
245.036 0.221471
246.241 0.457445
247.218 0.71222
248.267 0.501413
249.771 0.195509
251.78 0.0903412
254.183 0.0438672
256.833 0.0178049
259.576 0.0126141
262.249 0.0354518
264.691 0.0772693
266.738 0.174574
268.231 0.536348
269.027 4.52075
269.368 2.03426
270.276 0.394051
271.735 0.144849
273.601 0.0620938
275.717 0.0200235
277.926 0.016679
280.072 0.0555972
281.999 0.126704
283.562 0.311167
284.642 1.03098
285.308 1.43803
286.06 0.571927
287.153 0.229293
288.563 0.104992
290.205 0.0449798
291.975 0.00860931
293.768 0.0337882
295.48 0.0826282
297.013 0.168952
298.288 0.35282
299.299 0.476982
300.165 0.494439
301.022 0.390732
301.957 0.275103
303.001 0.196064
304.151 0.150806
305.388 0.129389
306.691 0.12423
308.042 0.129295
309.434 0.138865
310.88 0.102909
312.413 0.0709424
314.048 0.046376
315.782 0.0295784
317.604 0.0221517
319.498 0.0250863
321.452 0.0333678
323.457 0.0428724
325.516 0.0518356
327.64 0.0590174
329.845 0.0434799
332.101 0.0341476
334.356 0.0324052
336.549 0.0401954
338.615 0.0591756
340.49 0.0952864
342.106 0.168219
343.404 0.343025
344.344 0.857371
344.974 1.69998
345.634 0.734344
346.615 0.290928
347.923 0.138479
349.491 0.0710984
351.233 0.0348785
353.058 0.0220485
354.876 0.0418141
356.594 0.0825225
358.125 0.158754
359.391 0.330776
360.363 0.502275
361.126 0.636489
361.808 0.578408
362.517 0.409066
363.308 0.270329
364.188 0.185704
365.141 0.142154
366.141 0.129836
367.163 0.142332
368.183 0.173316
369.194 0.155311
370.206 0.139448
371.23 0.13008
372.269 0.128549
373.329 0.133342
374.415 0.140942
375.54 0.147044
376.724 0.147872
377.998 0.141576
379.397 0.128929
380.952 0.0740423
382.637 0.0374687
384.395 0.0114403
386.162 0.0220748
387.87 0.0545939
389.453 0.103865
390.857 0.188498
392.049 0.337417
393.065 0.512708
394.064 0.482418
395.298 0.245937
396.857 0.132898
398.71 0.0782798
400.789 0.0496151
403.015 0.0357284
405.302 0.0347271
407.565 0.0459987
409.725 0.0691894
411.708 0.109262
413.46 0.177921
414.991 0.185603
416.409 0.160172
417.813 0.116659
419.253 0.0724945
420.737 0.0336227
422.247 0.0052601
423.756 0.0380558
425.238 0.0772754
426.677 0.121275
428.087 0.162831
429.517 0.132796
431.021 0.10152
432.619 0.0750956
434.316 0.0544635
436.099 0.0387157
437.947 0.0269472
439.837 0.0193731
441.738 0.018158
443.622 0.0242097
445.459 0.0355136
447.228 0.032003
448.939 0.0273397
450.608 0.0218092
452.251 0.0159266
453.882 0.0107851
455.511 0.00902778
457.153 0.012164
458.819 0.0172434
460.521 0.0223382
462.273 0.0267713
464.082 0.0171975
465.939 0.00914216
467.824 0.00413693
469.721 0.0084669
471.612 0.0158523
473.48 0.024222
475.311 0.033745
477.092 0.0447498
478.816 0.0574669
480.481 0.0717652
482.095 0.0679092
483.681 0.0618338
485.256 0.054302
486.834 0.0460642
488.424 0.0376901
490.03 0.029521
491.654 0.0217011
493.292 0.0142358
494.941 0.00704441
496.596 1.41865e-014
