#pt2d 371
0 0
0.67433 0.0380664
1.35216 0.0748797
2.03827 0.108633
2.73984 0.136754
3.46734 0.15637
4.2349 0.165462
5.06007 0.164001
5.96308 0.154099
6.96575 0.139018
8.09054 0.121887
9.34985 0.0768691
10.7146 0.0501855
12.1439 0.0365929
13.5961 0.0373545
15.0295 0.0518233
16.4037 0.0783307
17.6798 0.12131
18.8234 0.194139
19.8091 0.324513
20.6316 0.545331
21.3402 0.534382
22.0478 0.377803
22.8296 0.227287
23.708 0.128683
24.6754 0.0728255
25.7124 0.0582734
26.7979 0.0776837
27.9159 0.108203
29.0616 0.138601
30.2474 0.160925
31.4992 0.128905
32.8218 0.106714
34.2048 0.0934288
35.633 0.0877678
37.0901 0.0885014
38.5618 0.0943582
40.0387 0.103838
41.5192 0.114893
43.0127 0.124602
44.5427 0.129467
46.1425 0.0919123
47.8186 0.0629942
49.5468 0.0434275
51.286 0.0365609
52.9861 0.0478986
54.5939 0.07758
56.057 0.131463
57.3317 0.23078
58.398 0.409805
59.298 0.60698
60.19 0.439338
61.2384 0.261313
62.5001 0.156939
63.9695 0.0993068
65.6152 0.0659681
67.3944 0.0461972
69.2593 0.0360204
71.1602 0.0350279
73.0472 0.0430404
74.8714 0.0595878
76.5983 0.05348
78.2394 0.0447228
79.8109 0.0344174
81.3237 0.0253346
82.7846 0.0247194
84.1991 0.0367855
85.5743 0.055784
86.9223 0.0769754
88.264 0.0963148
89.6315 0.109333
91.0614 0.0887199
92.5629 0.0722343
94.1306 0.0597337
95.7537 0.0508
97.4181 0.0451141
99.1074 0.0425323
100.804 0.0430117
102.491 0.0465225
104.151 0.0530661
105.768 0.0627602
107.333 0.0691559
108.844 0.0765823
110.307 0.0848087
111.729 0.0933268
113.119 0.10128
114.493 0.107502
115.869 0.110764
117.271 0.110202
118.725 0.105715
120.261 0.098034
121.901 0.0668421
123.638 0.0432653
125.446 0.0250089
127.289 0.0118711
129.126 0.015122
130.914 0.0321268
132.609 0.0568243
134.17 0.094126
135.562 0.155212
136.764 0.258947
137.789 0.317628
138.708 0.335435
139.603 0.298098
140.542 0.23421
141.569 0.174435
142.703 0.129062
143.95 0.0971042
145.307 0.0751874
146.764 0.0604754
148.31 0.0510478
149.932 0.0399865
151.614 0.0320335
153.338 0.0268712
155.083 0.0246151
156.829 0.0254932
158.556 0.0294849
160.245 0.0364726
161.873 0.0466884
163.424 0.0609867
164.88 0.0810368
166.233 0.0744678
167.508 0.0621352
168.734 0.0458535
169.936 0.0302739
171.137 0.0260231
172.357 0.0367942
173.616 0.0508319
174.936 0.0621592
176.339 0.0690209
177.855 0.0712673
179.499 0.045406
181.234 0.0313217
183.01 0.0297063
184.774 0.0405474
186.476 0.06146
188.07 0.0946986
189.515 0.148456
190.786 0.236539
191.887 0.362368
192.882 0.450688
193.919 0.302808
195.117 0.179907
196.502 0.106194
198.048 0.0622114
199.71 0.0350064
201.43 0.0241564
203.15 0.0365133
204.81 0.0643598
206.356 0.108776
207.743 0.181967
208.958 0.21535
210.05 0.23587
211.077 0.234853
212.093 0.214503
213.144 0.185443
214.262 0.157143
215.471 0.133765
216.788 0.115642
218.227 0.101589
219.806 0.0902374
221.53 0.0552429
223.361 0.0322614
225.243 0.0208253
227.11 0.0290501
228.897 0.0532968
230.537 0.0956069
231.963 0.177702
233.117 0.371975
233.958 0.936334
234.531 1.78357
235.147 0.753255
236.055 0.299178
237.256 0.140174
238.685 0.067782
240.263 0.0257038
241.909 0.0154583
243.537 0.0495969
245.068 0.101828
246.429 0.194866
247.566 0.382403
248.49 0.495273
249.32 0.471968
250.192 0.343215
251.19 0.225869
252.349 0.148748
253.667 0.100736
255.131 0.0700673
256.718 0.0496437
258.399 0.0356912
260.146 0.026623
261.925 0.0200303
263.685 0.0298219
265.371 0.0517322
266.929 0.0882508
268.302 0.155597
269.437 0.305968
270.285 0.758292
270.816 2.75284
271.139 3.05091
271.717 0.828853
272.757 0.264426
274.201 0.11587
275.941 0.0533156
277.863 0.0169893
279.849 0.0156489
281.784 0.0506363
283.554 0.10854
285.049 0.236365
286.172 0.633388
286.884 1.98789
287.465 1.04214
288.37 0.357594
289.647 0.155713
291.224 0.0746303
293.007 0.0311009
294.893 0.00693559
296.782 0.034254
298.572 0.0776094
300.166 0.15556
301.483 0.329706
302.497 0.497409
303.306 0.609561
304.051 0.531477
304.848 0.371404
305.754 0.249635
306.776 0.176864
307.902 0.137756
309.109 0.120763
310.375 0.118567
311.683 0.125573
313.031 0.0998323
314.438 0.075399
315.914 0.0545235
317.459 0.0373432
319.064 0.0233117
320.717 0.0124255
322.403 0.00912937
324.107 0.0164441
325.816 0.0267031
327.516 0.038033
329.202 0.0361677
330.867 0.035106
332.509 0.0350729
334.121 0.0362952
335.696 0.0389945
337.228 0.0433922
338.71 0.0497366
340.135 0.0583386
341.499 0.0695882
342.797 0.0839151
344.024 0.104152
345.163 0.139151
346.194 0.197965
347.101 0.297726
347.88 0.462697
348.544 0.678416
349.154 0.765275
349.819 0.597499
350.658 0.38522
351.762 0.243849
353.175 0.121518
354.848 0.064239
356.7 0.0316104
358.645 0.0148453
360.593 0.0281687
362.454 0.05931
364.139 0.114191
365.56 0.233629
366.641 0.585509
367.337 1.93405
367.818 1.54874
368.506 0.537803
369.502 0.230085
370.763 0.114294
372.218 0.0583416
373.785 0.0308856
375.386 0.0388044
376.937 0.0749511
378.364 0.139753
379.597 0.267794
380.61 0.35355
381.471 0.396766
382.279 0.354471
383.118 0.265466
384.04 0.184702
385.068 0.128398
386.205 0.0933347
387.446 0.0738534
388.782 0.065348
390.206 0.0638015
391.707 0.0390183
393.254 0.025561
394.806 0.0304484
396.322 0.0508707
397.76 0.0833945
399.085 0.133658
400.27 0.213177
401.313 0.328943
402.252 0.434958
403.197 0.418927
404.297 0.24725
405.615 0.147373
407.14 0.0924348
408.835 0.0609111
410.647 0.0431558
412.523 0.036691
414.404 0.0418294
416.233 0.0579804
417.956 0.0866532
419.524 0.135255
420.912 0.151321
422.164 0.155615
423.336 0.144758
424.476 0.121762
425.617 0.0932737
426.779 0.0648674
427.972 0.03961
429.195 0.0208241
430.445 0.020797
431.717 0.0364003
433.008 0.0382067
434.312 0.0420112
435.624 0.0472562
436.94 0.0534799
438.258 0.0602677
439.58 0.0671686
440.909 0.0736353
442.253 0.0790229
443.622 0.0826702
445.032 0.0840539
446.497 0.0655889
448.022 0.0498788
449.603 0.0367902
451.228 0.0259607
452.885 0.0173593
454.556 0.0124276
456.226 0.0143415
457.876 0.0218533
459.49 0.032448
461.05 0.045856
462.549 0.0401853
463.999 0.0326846
465.413 0.023745
466.807 0.0139256
468.19 0.00469116
469.576 0.00848413
470.973 0.0180745
472.394 0.0270716
473.85 0.0348089
475.354 0.0409216
476.917 0.0270964
478.529 0.0155688
480.173 0.00659003
481.831 0.00833436
483.486 0.0177495
485.12 0.0288206
486.719 0.0415866
488.269 0.0565605
489.764 0.0741049
491.202 0.0939158
492.594 0.0888985
493.963 0.080467
495.329 0.0699552
496.705 0.0586346
498.1 0.0474014
499.518 0.0367289
500.957 0.0267633
502.415 0.0174441
503.887 0.00859848
505.366 2.29015e-014
