0 0.57671 1.24226 2.03403 2.70534 3.37664 4.04795 4.71926 5.39056 6.18233 6.84788 7.4246 7.5205 7.6164 7.7123 7.8082 7.9041 8 
0 0.296636 0.891254 0.990133 1.58475 1.88139 2.17802 2.86424 3.35863 3.85303 4.34742 4.84182 5.33621 5.8306 6.325 6.81939 7.31378 8 
0 0.979592 1.21667 1.69191 1.77093 1.84996 1.92899 2.00801 2.48325 3.03169 3.42683 4.07928 4.63247 5.18566 5.73884 6.5138 7.22504 8 
0 0.558489 1.02795 1.23089 1.43382 1.63676 1.8397 2.04263 2.24557 2.71503 3.05326 3.39148 4.29311 5.07078 5.81488 6.55898 7.33665 8 
0 0.809226 1.23057 1.41271 1.59485 1.77699 1.95913 2.14127 2.56262 3.06387 3.48886 4.08423 4.63065 5.32862 5.99647 6.66431 7.33216 8 
0 0.993167 1.46095 1.79487 2.12879 2.52263 2.85368 2.99679 3.32785 3.56636 3.80487 4.04339 4.43723 4.90501 5.65873 6.37929 7.18906 8 
0 0.985281 1.40178 1.75705 2.01066 2.30977 2.49091 2.67206 2.8532 3.03435 3.21549 3.39664 3.57779 3.8769 4.40147 5.58105 6.80408 8 
0 0.790429 1.31713 1.7664 2.08711 2.46536 2.69444 2.92351 3.15259 3.38166 3.61074 3.83981 4.21807 4.66734 5.07967 5.60637 6.21446 8 
0 0.734613 1.20299 1.6925 2.07571 2.49326 2.79132 3.08938 3.44092 3.65382 4.00536 4.30342 4.60148 4.89954 5.51607 6.08121 6.88195 8 
0 0.592436 1.10558 1.5073 2.02045 2.53359 2.9713 3.28375 3.5962 3.90865 4.2211 4.53356 4.90207 5.27059 5.7083 6.41357 7.0878 8 
0 0.557788 0.994461 1.43113 1.98892 2.52263 3.22516 3.70096 4.13763 4.61342 4.95306 5.29269 5.63232 5.97196 6.44775 7.00554 7.56333 8 
0 0.350388 0.700777 1.19164 1.76708 2.34253 2.79303 3.36848 3.91909 4.49454 4.9854 5.47626 5.96712 6.45798 6.94884 7.29922 7.64961 8 
0 0.227832 0.455663 0.831864 1.49164 1.99287 2.4941 3.09888 3.70367 4.2049 4.72874 5.25258 5.77642 6.30026 6.8241 7.2342 7.68104 8 
0 0.32427 0.64854 1.10281 1.51973 1.93665 2.4692 2.97877 3.48833 4.10318 4.71803 5.33287 5.94772 6.48027 6.89719 7.35146 7.67573 8 
0 0.313327 0.626653 1.06559 1.46844 1.87129 2.57853 3.17263 3.76673 4.34862 4.94271 5.43509 5.92746 6.41983 6.93441 7.37335 7.68667 8 
0 0.345235 0.637944 0.930654 1.53612 1.99609 2.45607 3.01107 3.6427 4.27433 4.81793 5.37294 5.83291 6.29288 6.75285 7.23358 7.79092 8 
0 0.211685 0.423369 0.987664 1.65661 2.20699 2.75737 3.30775 3.85813 4.40851 4.95889 5.52081 5.98651 6.47323 6.85426 7.23529 7.65046 8 
0 0.265748 0.815445 1.31933 1.89278 2.46623 2.95976 3.45329 4.02674 4.60019 5.09372 5.59761 6.10149 6.60537 7.15507 7.42082 7.68657 8 
0 0.349504 0.699009 1.3126 1.89919 2.48169 3.06828 3.65487 4.24146 4.82805 5.41463 5.93006 6.3765 6.72601 7.07551 7.45633 7.72816 8 
0 0.351596 0.80071 1.31922 1.82708 2.33494 2.8428 3.4329 4.01889 4.69289 5.2114 5.72991 6.15964 6.60875 6.96035 7.34344 7.61691 8 
0 0.381887 0.869694 1.33645 1.89963 2.45124 3.09218 3.72866 4.3696 4.92121 5.4844 6.09878 6.39581 6.69283 6.98985 7.28688 7.5839 8 
0 0.362534 0.82562 1.26872 1.80336 2.41181 3.01604 3.62449 4.23295 4.8414 5.47787 5.8404 6.20294 6.56547 6.96048 7.24245 7.63747 8 
0 0.423013 0.846025 1.25078 1.73916 2.43113 3.05575 3.61155 4.0899 4.56824 5.04658 5.53496 5.93972 6.36273 6.78574 7.19049 7.59525 8 
0 0.332135 0.66427 0.996404 1.5795 2.13694 2.6905 3.24405 3.80149 4.28124 4.76099 5.24074 5.72049 6.20024 6.67999 7.1698 7.57575 8 
0 0.43119 0.768753 1.10632 1.44388 1.87507 2.37289 2.87071 3.28328 3.7811 4.34765 4.91026 5.47286 6.03547 6.60201 7.08961 7.58742 8 
0 0.324475 0.648951 0.973426 1.2979 1.62238 1.94685 2.5165 2.98519 3.45387 3.99846 4.54304 5.08762 5.62841 6.24042 6.85332 7.53131 8 
0 0.280859 0.561719 0.842578 1.12344 1.4822 1.84095 2.19971 2.54298 2.95718 3.54404 4.13298 4.78172 5.43706 6.14605 6.89087 7.52862 8 
0 0.335077 0.670154 0.990768 1.32585 1.66092 1.98154 2.30215 2.80501 3.24221 3.73698 4.28705 4.89296 5.55516 6.21735 6.86231 7.3578 8 
0 0.349956 0.699913 1.03476 1.36961 1.70446 2.03931 2.37417 2.7782 3.23801 3.86012 4.4385 5.07132 5.71058 6.34984 7.02344 7.54019 8 
0 0.474626 0.819959 1.15039 1.48081 1.81124 2.20993 2.60863 3.00732 3.57222 4.13912 4.76358 5.3944 6.01886 6.58576 7.09568 7.54626 8 
0 0.382498 0.713801 1.04511 1.36211 1.67911 1.99611 2.31312 2.69561 3.23757 3.87526 4.53 5.19282 5.85565 6.54347 7.13242 7.5647 8 
0 0.352433 0.657695 0.962958 1.25504 1.54713 1.85239 2.15766 2.51009 2.91118 3.56886 4.24981 4.95643 5.67337 6.40233 7.09956 7.59891 8 
0 0.511841 0.852904 1.11991 1.38692 1.65392 1.92093 2.21186 2.41953 2.8491 3.17544 4.14138 5.01416 5.88694 6.50368 7.10998 7.55499 8 
0 0.700566 1.32395 1.8717 2.32567 2.80011 3.17154 3.57624 3.91697 4.12331 4.32966 4.67039 5.07509 5.54953 6.02398 6.67605 7.29943 8 
0 0.668818 1.34232 2.01582 2.68933 3.28113 3.79372 4.19501 4.5963 5.1906 5.41354 5.63648 5.85942 6.08236 6.45048 6.76259 7.4082 8 
0 0.551079 1.04144 1.5318 2.02217 2.45304 2.82625 3.1446 3.37184 3.63986 3.80218 3.9645 4.23252 4.55086 5.57749 6.48034 7.3832 8 
0 0.42084 0.841679 1.33066 1.81965 2.24932 2.60541 2.97757 3.29502 3.56229 3.82956 4.05617 4.37362 4.66497 5.17647 6.43811 7.33842 8 
0 0.480783 1.0609 1.6291 2.20921 2.78933 3.35752 3.92572 4.50584 4.98662 5.61948 5.98033 6.28366 6.58699 6.80553 7.02407 7.60663 8 
0 0.469301 1.01112 1.77881 2.5465 3.07719 3.69381 4.31043 4.85225 5.30129 5.7706 6.17091 6.45667 6.74242 7.02818 7.31393 7.59969 8 
0 0.447273 0.894546 1.43423 1.96282 2.57701 3.1912 3.7198 4.24839 4.78807 5.23535 5.7028 6.06875 6.4347 6.80065 7.1666 7.53255 8 
0 0.450058 0.900117 1.35017 1.89322 2.4251 2.95699 3.48888 4.03192 4.50228 4.97264 5.44301 5.81124 6.17946 6.64983 7.09988 7.54994 8 
0 0.438638 0.967902 1.49716 1.9358 2.46507 2.99433 3.52359 4.05286 4.49149 4.94992 5.40835 5.86677 6.22566 6.68409 7.12272 7.56136 8 
0 0.412377 0.824754 1.27408 1.59481 2.04413 2.57089 3.0749 3.57892 4.08294 4.58695 5.09097 5.61772 6.0301 6.55685 7.06087 7.58762 8 
0 0.443165 0.886329 1.34949 1.71208 2.17523 2.70996 3.2337 3.76842 4.21159 4.65475 5.18948 5.7242 6.16737 6.61053 7.07369 7.53684 8 
0 0.365239 1.00645 1.53402 2.07265 2.5392 3.00574 3.45214 3.99077 4.63199 4.99723 5.36247 5.82901 6.27541 6.72182 7.16822 7.63476 8 
0 0.495481 0.990963 1.48644 1.98193 2.47741 2.97289 3.46837 3.96385 4.48169 4.9234 5.36511 5.7705 6.1759 6.58129 6.98669 7.50452 8 
0 0.476867 0.953734 1.4306 1.90747 2.38434 2.8612 3.33807 3.81494 4.2918 4.79018 5.18035 5.57051 5.96068 6.35084 6.84922 7.42461 8 
0 0.576601 1.14136 1.70611 2.28271 2.76058 3.23845 3.71632 4.21575 4.60674 4.99772 5.42374 5.72783 6.15385 6.54483 7.04426 7.52213 8 
0 0.600927 1.20185 1.80278 2.30081 2.79884 3.29688 3.81738 4.22486 4.63234 5.07632 5.39325 5.71018 6.02711 6.47109 6.87857 7.39907 8 
0 0.603057 1.20611 1.80917 2.42488 3.04058 3.77355 4.22846 4.55318 4.8779 5.20262 5.52735 5.85207 6.17679 6.50152 6.95642 7.48972 8 
0 0.609092 1.20567 1.80225 2.39883 3.00792 3.51272 4.04029 4.4533 4.90332 5.22456 5.54579 5.86703 6.18826 6.5095 6.83073 7.4952 8 
0 0.511181 1.02236 1.63916 2.25595 2.76713 3.27831 3.78949 4.32373 4.74197 5.19768 5.52298 5.84828 6.17357 6.49887 6.95458 7.48882 8 
0 0.51211 1.00212 1.51423 2.02634 2.51634 3.00635 3.49635 3.98636 4.49847 4.89938 5.30029 5.70121 6.21332 6.72543 7.16226 7.59909 8 
0 0.519648 1.01687 1.51408 2.0113 2.53095 3.0506 3.54781 4.04503 4.54225 5.03947 5.55912 5.96593 6.37274 6.77956 7.18637 7.59319 8 
0 0.376829 0.753658 1.235 1.71635 2.09318 2.57453 3.0351 3.49566 3.95623 4.51196 5.06768 5.62341 6.17913 6.66048 7.14183 7.62317 8 
0 0.399666 0.835138 1.14599 1.58146 2.09198 2.58046 3.06894 3.55742 4.0459 4.63531 5.22471 5.71319 6.20167 6.69015 7.20067 7.60033 8 
0 0.434233 0.774179 1.11412 1.45407 1.79402 2.13396 2.56819 2.98368 3.48501 3.98635 4.63801 5.20459 5.77513 6.34568 6.99734 7.49867 8 
0 0.432295 0.770724 1.10915 1.44758 1.78601 2.2183 2.63194 3.13103 3.61988 4.10872 4.67672 5.24076 5.80481 6.36886 6.93291 7.50091 8 
0 0.389392 0.778784 1.18574 1.5927 1.99966 2.31825 2.87758 3.33777 3.80761 4.27745 4.81216 5.34315 5.94407 6.60978 7.06997 7.53016 8 
0 0.481007 0.879652 1.2783 1.67694 2.09357 2.41973 2.83636 3.23501 3.71601 4.26343 4.80703 5.35064 5.89425 6.43785 6.98146 7.52888 8 
0 0.401066 0.715047 1.11611 1.49987 1.90093 2.302 2.68575 3.06951 3.53255 4.05952 4.58282 5.10612 5.69833 6.29141 6.88448 7.4767 8 
0 0.482262 0.974639 1.38271 1.79077 2.19884 2.60691 3.01498 3.42305 3.83111 4.23918 4.73156 5.21382 5.77418 6.33063 6.88709 7.44354 8 
0 0.486432 0.972865 1.4493 1.93574 2.33888 2.76021 3.09005 3.51138 3.91452 4.33585 4.75718 5.24361 5.7972 6.34694 6.89667 7.44641 8 
0 0.531217 1.06243 1.59365 2.05084 2.51761 2.92191 3.23843 3.64273 4.1095 4.57628 4.96312 5.4299 5.88708 6.34427 6.87549 7.40301 8 
0 0.387484 0.774969 1.2252 1.73118 2.29171 2.68732 3.01519 3.34306 3.73867 4.1889 4.79805 5.41768 6.03731 6.59983 7.10581 7.5529 8 
0 0.432827 0.805334 1.23816 1.66798 2.09779 2.59216 2.90735 3.22255 3.60287 4.14174 4.7758 5.42681 6.27472 6.70453 7.13736 7.57019 8 
0 0.448071 0.830277 1.39462 1.82335 2.25208 2.68081 3.12888 3.47966 3.92773 4.35646 4.78519 5.3025 5.80918 6.31586 6.82255 7.41127 8 
0 0.592708 0.87925 1.16579 1.7585 2.20878 2.67937 3.04778 3.41619 3.7846 4.2552 4.70548 5.15576 5.60604 6.14935 6.76766 7.38168 8 
0 0.430896 0.861792 1.29269 1.72358 2.15448 2.62398 2.95912 3.29426 3.76376 4.31417 4.86458 5.29547 5.84588 6.39629 6.9467 7.47335 8 
0 0.552048 0.984228 1.41641 1.8873 2.3582 2.79038 3.22256 3.65474 4.08692 4.5191 4.95128 5.38346 5.81564 6.36769 6.8959 7.44795 8 
0 0.426074 0.970323 1.49108 2.01184 2.53259 3.07684 3.50291 3.92899 4.35506 4.78114 5.20721 5.63328 6.05936 6.48543 6.9115 7.45575 8 
0 0.406452 0.925637 1.52505 2.12446 2.62123 3.11801 3.61478 4.13397 4.57683 4.89296 5.33582 5.74228 6.14873 6.55518 6.96163 7.48082 8 
0 0.500021 1.00004 1.50006 2.00009 2.50011 3.00013 3.50015 4.02273 4.43184 4.84095 5.25005 5.65916 6.06827 6.47738 6.99996 7.49998 8 
0 0.290346 0.580691 0.871037 1.16138 1.45173 1.74207 2.03242 2.32277 2.61311 2.90346 3.25379 3.65249 4.43354 5.36436 6.18261 7.64967 8 
0 0.366421 0.740528 1.05058 1.36063 1.67067 1.98072 2.35483 2.72125 3.08767 3.45409 3.82051 4.35058 4.97429 5.69711 6.44719 7.57425 8 
0 0.420466 0.840932 1.1894 1.60987 2.03033 2.4508 2.86263 3.27446 3.69492 4.04339 4.46386 4.94237 5.72701 6.38557 7.03299 7.57954 8 
0 0.480316 0.960631 1.44095 1.99904 2.55325 3.11134 3.59166 4.07197 4.56236 4.96878 5.3752 5.78162 6.27201 6.7624 7.16882 7.57525 8 
0 0.486202 0.972403 1.4586 1.94481 2.43101 2.92741 3.57266 4.13759 4.62379 5.12019 5.53159 5.94299 6.3544 6.7658 7.1772 7.5886 8 
0 0.407472 0.89913 1.38069 1.86225 2.3438 2.90334 3.46288 4.02241 4.58195 5.06351 5.55517 5.96264 6.37011 6.77758 7.18506 7.59253 8 
0 0.399424 0.881371 1.35342 1.9019 2.45039 2.92243 3.39448 3.86653 4.33857 4.81062 5.29257 5.69199 6.10943 6.52688 6.94432 7.51805 8 
0 0.420688 0.928292 1.42547 1.93307 2.44068 2.93785 3.44546 3.95306 4.46067 4.88135 5.38896 5.89656 6.31725 6.73794 7.15863 7.57931 8 
0 0.417782 0.921881 1.41562 1.90937 2.40311 2.90721 3.41131 3.90505 4.39879 4.90289 5.40699 5.91109 6.32887 6.74665 7.16444 7.58222 8 
0 0.473478 0.956888 1.4403 1.99045 2.54059 3.024 3.65237 4.20252 4.676 5.14947 5.63288 6.03352 6.45223 6.78002 7.19873 7.59937 8 
0 0.485792 0.971584 1.4474 1.92321 2.39902 2.95188 3.5009 4.05376 4.52957 5.01536 5.41797 5.82058 6.2232 6.70899 7.19478 7.59739 8 
0 0.418448 0.836897 1.25534 1.76025 2.25478 2.82939 3.4 3.97461 4.47951 4.89796 5.40286 5.90776 6.32621 6.74466 7.1631 7.58155 8 
0 0.488216 0.976431 1.47489 1.88799 2.38645 2.95372 3.52099 4.00921 4.49742 4.98564 5.48409 5.8972 6.31031 6.72341 7.13652 7.56826 8 
0 0.438713 0.877425 1.31614 1.84549 2.36397 2.88245 3.40093 3.93028 4.36899 4.80771 5.33706 5.85554 6.38489 6.8236 7.28211 7.64105 8 
0 0.425309 0.850617 1.27593 1.70123 2.12654 2.63972 3.1529 3.57821 4.09139 4.60457 5.02988 5.45519 5.96837 6.471 6.97364 7.48682 8 
0 0.441003 0.882005 1.32301 1.76401 2.20501 2.64602 3.08702 3.52802 3.96902 4.50114 5.02232 5.54351 6.06469 6.58588 7.118 7.559 8 
0 0.510061 1.00964 1.5197 2.02977 2.53983 2.98162 3.32749 3.76928 4.192 4.61473 5.03745 5.54751 6.05757 6.4803 6.99036 7.48994 8 
0 0.476866 0.953732 1.4306 1.90746 2.39433 2.79783 3.20134 3.6882 4.16507 4.64194 5.1188 5.59567 6.08254 6.5694 7.04627 7.52313 8 
0 0.546911 1.02748 1.42575 1.82403 2.3046 2.78516 3.18344 3.58172 4.06228 4.53297 5.00367 5.48423 5.96479 6.51171 7.05862 7.52931 8 
0 0.469898 0.939795 1.40969 1.87959 2.34949 2.81939 3.39051 3.71582 4.13136 4.52897 5.00872 5.47862 6.02461 6.5706 7.05035 7.5301 8 
0 0.45642 0.912839 1.44317 1.97349 2.42991 2.88633 3.34275 3.79917 4.25559 4.71201 5.178 5.5642 6.0302 6.48662 6.94304 7.47336 8 
0 0.468277 0.936555 1.40483 1.87311 2.35121 2.82931 3.30741 3.7855 4.25378 4.72206 5.19034 5.65861 6.12689 6.59517 7.06345 7.53172 8 
0 0.476636 0.953273 1.43991 1.92654 2.40318 2.87981 3.36645 3.76975 4.17306 4.57637 5.063 5.53964 6.01627 6.49291 6.96955 7.44618 8 
0 0.555205 1.03304 1.51087 1.9887 2.46653 2.94436 3.42219 3.90002 4.37785 4.85568 5.34353 5.74785 6.15217 6.55649 7.04434 7.52217 8 
0 0.521296 1.04259 1.56389 2.08518 2.61013 3.06192 3.51371 3.9655 4.41729 4.86908 5.33034 5.79161 6.25287 6.63516 7.09642 7.54821 8 
0 0.452242 0.977714 1.49953 2.02135 2.54682 2.99906 3.4513 3.90355 4.35579 4.80803 5.3335 5.85897 6.3207 6.70337 7.08603 7.54776 8 
0 0.448342 0.969284 1.4866 2.00392 2.52486 2.9732 3.42155 3.86989 4.31823 4.76657 5.28752 5.80846 6.2568 6.71455 7.09391 7.55166 8 
0 0.520942 1.04188 1.49023 1.93857 2.38691 2.90785 3.42517 3.94249 4.46343 4.91177 5.36012 5.80846 6.2568 6.71455 7.09391 7.55166 8 
0 0.517553 1.03511 1.55266 2.07021 2.58776 3.10532 3.62649 4.14767 4.66885 5.1174 5.57535 5.95489 6.33443 6.71396 7.0935 7.55146 8 
0 0.46012 0.92024 1.38036 1.84048 2.37511 2.90973 3.3795 3.84927 4.30939 4.76951 5.22963 5.68975 6.14987 6.60999 7.07011 7.53023 8 
0 0.448139 0.896279 1.41698 1.93407 2.45477 2.91231 3.29151 3.74905 4.19719 4.64533 5.09346 5.5416 5.98974 6.51045 7.03116 7.47929 8 
0 0.368631 0.813423 1.31962 1.8223 2.3285 2.76416 3.20895 3.65374 4.0894 4.5956 5.09827 5.60448 6.11068 6.61335 7.11955 7.55521 8 
0 0.457208 0.914417 1.37162 1.81944 2.26726 2.71507 3.16289 3.6107 4.05852 4.50634 4.95415 5.47448 5.99481 6.44263 6.96296 7.47967 8 
0 0.445548 0.963244 1.47734 1.99143 2.50913 2.95468 3.40022 3.91792 4.43562 4.88116 5.32671 5.77226 6.21781 6.66336 7.1089 7.55445 8 
0 0.515563 1.03113 1.47484 1.91855 2.36226 2.81528 3.2683 3.71202 4.15573 4.59944 5.04315 5.55872 6.07069 6.65956 7.11258 7.55629 8 
0 0.423219 0.846438 1.26966 1.76141 2.25316 2.74491 3.23324 3.72499 4.14821 4.63996 5.12829 5.61662 6.10837 6.53159 7.02334 7.51167 8 
0 0.419803 0.839605 1.32739 1.81177 2.29955 2.78734 3.27172 3.7595 4.17931 4.66709 5.15487 5.57467 6.06245 6.54684 7.03123 7.51561 8 
0 0.415615 0.839947 1.26428 1.74719 2.23011 2.71302 3.19258 3.67214 4.15169 4.6944 5.23711 5.72003 6.20294 6.68586 7.10147 7.51709 8 
0 0.483468 0.966935 1.38303 1.86649 2.3466 2.83007 3.24616 3.72962 4.20973 4.68983 5.1733 5.65677 6.13687 6.61698 7.10044 7.51653 8 
0 0.452281 0.904562 1.35684 1.86869 2.38053 2.89237 3.40496 3.9168 4.36908 4.82453 5.27998 5.73226 6.18454 6.63999 7.09544 7.54772 8 
0 0.495572 0.991144 1.41765 1.91322 2.4088 2.90437 3.39649 3.89207 4.38764 4.87976 5.37189 5.86746 6.29397 6.72048 7.14698 7.57349 8 
0 0.498979 0.997958 1.4274 1.92638 2.42189 2.91739 3.4129 3.91188 4.41086 4.90637 5.40187 5.90085 6.33029 6.75973 7.19818 7.56155 8 
0 0.440742 0.881484 1.3936 1.90214 2.41069 2.91924 3.42779 3.9399 4.38064 4.89276 5.4013 5.91342 6.35416 6.80414 7.17708 7.55001 8 
0 0.617487 1.17488 1.6674 2.16338 2.59024 3.01709 3.44395 3.87081 4.36678 4.85931 5.35184 5.84781 6.27467 6.70153 7.13734 7.57314 8 
0 0.48397 0.964573 1.44854 1.93251 2.47641 3.02109 3.56499 4.04896 4.53293 5.0169 5.43342 5.84994 6.26646 6.68299 7.09951 7.51603 8 
0 0.507807 1.01208 1.51636 2.02063 2.52844 3.03625 3.54052 4.04833 4.48536 4.9224 5.35944 5.79648 6.24268 6.68889 7.12593 7.56296 8 
0 0.541863 1.08373 1.62559 2.16824 2.7101 3.18891 3.73962 4.16329 4.57826 4.99323 5.40819 5.83186 6.25553 6.6792 7.10287 7.51784 8 
0 0.516116 1.03298 1.60677 2.22812 2.68418 3.14343 3.60268 4.06193 4.45718 4.91644 5.37569 5.77094 6.16619 6.62544 7.08469 7.54394 8 
0 0.540249 1.08128 1.62232 2.16335 2.7036 3.18098 3.66171 4.07544 4.48917 4.9029 5.31663 5.73036 6.14409 6.55782 7.03855 7.51927 8 
0 0.54208 1.08495 1.62781 2.17068 2.71355 3.31407 3.73791 4.16175 4.58559 5.00943 5.42457 5.84841 6.27225 6.68738 7.10251 7.51765 8 
0 0.501103 1.05739 1.61369 2.11479 2.61589 3.11627 3.55842 4.00366 4.38686 4.77809 5.16933 5.61457 6.05672 6.5571 7.05747 7.49962 8 
0 0.469518 1.00087 1.53222 2.00174 2.47125 2.94077 3.41358 3.88639 4.35919 4.76611 5.17303 5.64583 6.11535 6.58487 7.05439 7.52719 8 
0 0.473614 0.947227 1.42084 1.89777 2.30824 2.7187 3.12917 3.53963 4.01657 4.49018 4.96379 5.43741 5.97339 6.51015 7.04614 7.52307 8 
0 0.389009 0.778019 1.16703 1.5642 1.89336 2.29053 2.74253 3.19139 3.69935 4.26408 4.83264 5.40119 5.96974 6.53447 7.04318 7.55114 8 
0 0.421241 0.842482 1.20502 1.57516 1.88192 2.18868 2.55882 2.92136 3.4458 4.06289 4.64853 5.28211 5.94771 6.474 7.0003 7.5266 8 
0 0.412264 0.774516 1.07474 1.37496 1.67519 2.03744 2.39969 2.76194 3.17421 3.85021 4.42337 4.99652 5.69645 6.36952 7.02094 7.53602 8 
0 0.287346 0.580718 0.834825 1.03376 1.28786 1.58124 1.87461 2.16798 2.50186 2.87707 3.36618 3.93302 4.95047 5.79971 7.20764 7.62479 8 
0 0.275018 0.513227 0.699712 0.886198 1.12441 1.39942 1.66879 1.98178 2.29477 2.99071 3.5017 4.01972 4.62653 5.73698 7.18975 7.64826 8 
0 0.25519 0.510381 0.765571 1.02076 1.34673 1.72307 2.15137 2.57967 3.00796 3.84699 4.54624 5.33482 5.87356 6.463 7.09044 7.62366 8 
0 0.385683 0.687621 1.0733 1.44234 1.81137 2.25665 2.69279 3.19954 3.7063 4.14243 4.77333 5.34283 5.91234 6.48266 7.05216 7.63097 8 
0 0.38645 0.790335 1.10652 1.51041 1.9767 2.43341 2.96408 3.49475 4.02542 4.55609 5.02238 5.48868 6.01935 6.54632 7.07699 7.53371 8 
0 0.489662 0.89548 1.38514 1.8748 2.36447 2.84407 3.32367 3.80327 4.29294 4.69875 5.10457 5.51039 5.91621 6.40587 6.96313 7.5204 8 
0 0.554302 1.1078 1.59689 2.08598 2.57507 3.06416 3.55668 4.04919 4.61173 5.0445 5.47727 5.85211 6.22696 6.65973 7.08361 7.50748 8 
0 0.710865 1.3787 2.03522 2.51709 2.99897 3.48084 3.96272 4.44797 4.86559 5.37318 5.7425 6.09587 6.44924 6.80262 7.15599 7.58238 8 
0 0.810233 1.57119 2.64193 3.10478 3.57087 3.97201 4.37315 4.77429 5.17543 5.58498 5.92441 6.26384 6.61857 6.89628 7.25102 7.59045 8 
0 0.623708 1.23739 1.91725 2.38721 2.85718 3.32715 3.79712 4.26709 4.74692 5.16252 5.57813 5.97579 6.3914 6.807 7.20467 7.60234 8 
0 0.474386 1.02559 1.57679 2.05118 2.60238 3.15358 3.62797 4.10236 4.58669 4.9881 5.40761 5.82712 6.22852 6.62993 7.03133 7.51567 8 
0 0.479004 0.948168 1.41733 1.89634 2.37534 2.8445 3.38964 3.93477 4.40394 4.8731 5.35211 5.767 6.0918 6.5067 6.9857 7.45487 8 
0 0.516025 1.03205 1.54808 1.99219 2.4363 2.88041 3.39643 3.91246 4.35657 4.80068 5.24479 5.6889 6.14233 6.59575 7.03986 7.48398 8 
0 0.527559 1.05512 1.50915 1.97271 2.43627 2.96383 3.48772 4.01528 4.46932 4.92335 5.38691 5.7711 6.23466 6.69822 7.0824 7.54596 8 
0 0.503889 0.937555 1.37122 1.81398 2.18093 2.75646 3.25684 3.75723 4.25761 4.7615 5.19517 5.62883 6.0625 6.49617 6.92983 7.43372 8 
0 0.436882 0.873764 1.31065 1.74753 2.18441 2.62129 3.12892 3.63654 4.07342 4.51031 5.01793 5.59773 6.04377 6.48066 6.98828 7.49238 8 
0 0.467082 0.924569 1.39165 1.77876 2.24584 2.70332 3.23489 3.76646 4.29803 4.82959 5.28708 5.75416 6.22125 6.68833 7.07543 7.54251 8 
0 0.433242 0.866484 1.29973 1.73297 2.16621 2.66961 3.1695 3.6729 4.17629 4.67619 5.17958 5.61283 6.04607 6.47931 6.92164 7.4966 8 
0 0.507359 1.01472 1.45137 1.88802 2.39538 2.89921 3.40304 3.90687 4.4107 4.91806 5.35471 5.80052 6.17 6.53947 6.98528 7.49264 8 
0 0.433105 0.86621 1.3084 1.88318 2.38292 2.88266 3.3824 3.94794 4.51349 5.01673 5.44983 5.89202 6.2585 6.70069 7.13379 7.5669 8 
0 0.456729 0.913458 1.37019 1.82692 2.28364 2.74037 3.27106 3.86746 4.46385 4.99085 5.52153 5.98784 6.3743 6.76077 7.14723 7.53369 8 
0 0.436423 0.872847 1.31842 1.764 2.27109 2.77466 3.27822 3.78179 4.28535 4.78892 5.29248 5.79958 6.236 6.67242 7.10885 7.55442 8 
0 0.412733 0.834123 1.25551 1.66825 2.08098 2.49371 2.97328 3.44951 3.98845 4.52818 5.06791 5.60764 6.14737 6.68631 7.16588 7.57861 8 
0 0.278346 0.556692 0.840876 1.12506 1.40341 1.72682 2.05024 2.37366 2.73712 3.1412 3.83289 5.05979 6.56098 7.03477 7.39824 7.72166 8 
0 0.294695 0.583337 0.878032 1.12227 1.3665 1.6612 1.94984 2.28522 2.61827 3.1682 4.13267 5.0963 6.53135 7.08128 7.41666 7.70531 8 
0 0.452823 0.905647 1.29536 1.69325 2.02301 2.42091 2.81062 3.20034 3.59006 4.04288 4.92996 5.64546 6.25811 6.70779 7.15746 7.61028 8 
0 0.485776 0.971551 1.45733 1.95329 2.36433 2.8603 3.35626 3.7673 4.17834 4.58938 5.08535 5.57112 6.0569 6.54267 7.02845 7.51423 8 
0 0.50454 1.01261 1.44988 1.88715 2.32442 2.76169 3.19895 3.63622 4.07349 4.51076 4.9572 5.53751 6.04558 6.48285 6.99092 7.49546 8 
0 0.496313 0.992626 1.48894 1.98525 2.48156 2.98829 3.40824 3.8282 4.24816 4.66811 5.08807 5.50803 6.01475 6.51106 7.00738 7.50369 8 
0 0.448342 0.896685 1.34503 1.79337 2.24171 2.69005 3.1384 3.58674 4.10768 4.62862 5.07697 5.53471 5.99246 6.4408 6.96174 7.47906 8 
0 0.541631 1.00778 1.47393 1.94008 2.40622 2.87237 3.33852 3.80467 4.27082 4.73696 5.20311 5.66926 6.13541 6.60156 7.0677 7.53385 8 
0 0.453425 0.906851 1.42288 1.9389 2.38301 2.82712 3.27123 3.71535 4.15946 4.60357 5.04768 5.5637 6.07973 6.52384 7.03986 7.55589 8 
0 0.437654 0.875309 1.31296 1.75062 2.18827 2.62593 3.06358 3.5721 4.08063 4.58915 5.09414 5.59912 6.10765 6.5453 7.05382 7.56235 8 
0 0.462539 0.925077 1.39732 1.86956 2.3321 2.79463 3.25717 3.72941 4.12079 4.59303 5.05557 5.52781 6.00005 6.46259 7.00003 7.53746 8 
0 0.464227 0.928455 1.39268 1.85691 2.32114 2.78536 3.25933 3.65214 4.1261 4.59033 5.05456 5.51878 5.98301 6.44724 6.98664 7.52604 8 
0 0.457746 0.837112 1.21648 1.67422 2.12257 2.57091 3.01925 3.46759 3.98854 4.50585 5.02317 5.54049 6.06143 6.50977 7.03072 7.55166 8 
0 0.515288 0.958764 1.41154 1.86432 2.3078 2.75127 3.20405 3.65683 4.1003 4.54378 4.98725 5.50254 6.01783 6.46131 6.97659 7.4883 8 
0 0.454245 0.908491 1.37226 1.83604 2.29028 2.75405 3.21783 3.67207 4.12632 4.65412 5.17825 5.70605 6.16982 6.55418 7.01795 7.4722 8 
0 0.434371 0.868742 1.30311 1.72856 2.2229 2.71724 3.21158 3.70248 4.19338 4.68428 5.17518 5.66952 6.16386 6.65477 7.14911 7.57455 8 
0 0.438042 0.876084 1.31413 1.8231 2.32853 2.83396 3.3394 3.84483 4.3538 4.79185 5.22989 5.66793 6.10597 6.54401 7.05299 7.56196 8 
0 0.483874 0.967749 1.45162 1.9355 2.41601 2.89651 3.37702 3.85753 4.33804 4.81855 5.29906 5.78293 6.2668 6.75068 7.16712 7.58356 8 
0 0.488748 0.977496 1.46624 1.95499 2.44374 2.93591 3.42808 3.91683 4.40558 4.89775 5.32133 5.8135 6.30568 6.72926 7.15284 7.57642 8 
0 0.426857 0.853713 1.34969 1.84222 2.33474 2.83072 3.3267 3.88409 4.44228 5.05977 5.48663 5.92244 6.28362 6.71943 7.14629 7.57314 8 
0 0.467854 0.935707 1.40031 1.8649 2.39069 2.91647 3.44225 3.9688 4.49534 5.02113 5.48898 5.90008 6.24078 6.65188 7.05453 7.46563 8 
0 0.466986 0.930724 1.39446 1.8582 2.38301 2.90858 3.49203 4.07943 4.71124 5.17498 5.64197 6.04387 6.44578 6.84769 7.24959 7.65993 8 
0 0.390651 0.844559 1.35467 1.86552 2.43263 3.05733 3.72228 4.23313 4.74324 5.194 5.6479 6.03855 6.4292 6.81986 7.21051 7.60116 8 
0 0.306733 0.613466 1.09455 1.51283 2.62783 3.44817 4.06521 4.53857 4.95684 5.37804 5.79924 6.22045 6.58295 6.95306 7.25979 7.6299 8 
0 0.394741 0.871037 1.34733 1.74207 2.21837 2.68488 3.16118 3.7803 4.32235 4.86441 5.40646 5.87297 6.33948 6.81578 7.21052 7.60526 8 
0 0.451407 0.883329 1.31525 1.74717 2.1791 2.61102 3.13218 3.64263 4.23574 4.82885 5.33931 5.86047 6.29239 6.7438 7.1952 7.64661 8 
0 0.517218 1.02381 1.5304 2.03699 2.62562 3.21424 3.72084 4.23805 4.66671 5.18393 5.70114 6.14914 6.49985 6.85057 7.20129 7.55201 8 
0 0.549755 1.08822 1.62668 2.16514 2.7036 3.24206 3.79182 4.26799 4.74417 5.19979 5.67597 6.08214 6.37209 6.77826 7.15104 7.52383 8 
0 0.534817 1.05865 1.6673 2.27172 2.87614 3.4848 4.01961 4.46286 4.9061 5.34934 5.93278 6.21484 6.49691 6.77897 7.17411 7.53676 8 
0 0.461851 1.01912 1.56495 2.11077 2.65659 3.20242 3.75969 4.22154 4.68339 5.16608 5.54395 5.92183 6.29971 6.67759 7.05546 7.53815 8 
0 0.440059 0.971037 1.49111 2.01118 2.61546 3.21975 3.73982 4.25989 4.79086 5.23092 5.69083 6.08314 6.36318 6.75548 7.14779 7.54009 8 
0 0.479162 0.958323 1.53648 2.10276 2.66905 3.2472 3.72637 4.20553 4.68469 5.18547 5.57751 5.96955 6.36159 6.78875 7.21592 7.60796 8 
0 0.375808 0.855851 1.31517 2.03558 2.66632 3.20915 3.76337 4.22269 4.77691 5.33113 5.81117 6.22065 6.51294 6.92242 7.29823 7.70771 8 
0 0.390164 0.780328 1.17049 1.66887 2.24426 2.80783 3.3714 3.93497 4.51036 4.98723 5.4641 5.94097 6.43934 6.82951 7.21967 7.60984 8 
0 0.372694 0.714744 1.05679 1.39884 1.83577 2.3402 2.84464 3.50033 4.07441 4.57884 5.08328 5.57735 6.07142 6.57586 7.01278 7.4497 8 
0 0.373585 0.780639 1.07121 1.47826 1.95546 2.41207 2.96301 3.50263 4.04225 4.58187 5.13282 5.58942 6.04602 6.59696 7.25283 7.62642 8 
0 0.377149 0.788087 1.08143 1.37476 1.6681 2.07904 2.56079 3.11699 3.66176 4.21796 4.77416 5.40714 6.04013 6.5849 7.1411 7.62285 8 
0 0.476842 0.883589 1.22604 1.43343 1.77588 2.06622 2.47297 2.94981 3.40607 3.86233 4.41286 5.03939 5.66156 6.28373 6.91026 7.44948 8 
0 0.575064 1.07316 1.49804 1.80133 2.10462 2.4079 2.71119 3.01448 3.31777 3.62106 4.24841 4.82347 5.47793 6.13239 6.69564 7.3501 8 
0 0.593613 1.10778 1.5103 1.94888 2.26195 2.6312 2.85483 3.07845 3.4477 3.88628 4.2888 4.80297 5.39658 6.07215 6.74301 7.41858 8 
0 0.564434 1.14071 1.63985 2.03061 2.45638 2.76031 3.06423 3.36816 3.67208 4.09785 4.48862 4.98776 5.46536 6.04163 6.69746 7.34873 8 
0 0.607922 1.11175 1.63831 2.08746 2.40808 2.7287 3.10685 3.33586 3.71401 4.03463 4.48379 5.01034 5.61827 6.2137 6.80913 7.40457 8 
0 0.606975 1.11002 1.63575 2.08421 2.40433 2.78189 3.01055 3.38811 3.70823 4.15668 4.68242 5.18546 5.6885 6.19155 6.79852 7.39303 8 
0 0.511862 1.04682 1.58177 2.11672 2.73694 2.96961 3.20227 3.43494 3.81912 4.14485 4.60116 5.13612 5.75373 6.35866 6.97628 7.48814 8 
0 0.5853 1.29668 1.81428 2.33188 2.77339 3.08855 3.40371 3.71887 4.09059 4.4623 4.77746 5.21897 5.73657 6.23182 6.8294 7.4147 8 
0 0.650971 1.19048 1.72998 2.44014 2.84507 3.0903 3.33553 3.58076 3.98569 4.32901 4.67233 5.15329 5.59471 6.15855 6.80952 7.46049 8 
0 0.687747 1.28345 1.7498 2.25793 2.68573 2.94482 3.2039 3.63171 3.99443 4.35715 4.86528 5.33163 5.79798 6.26433 6.86003 7.43002 8 
0 0.551833 0.983843 1.45456 1.79057 2.12657 2.46258 2.85889 3.25519 3.5912 4.06191 4.61374 5.14176 5.66977 6.30687 6.94398 7.47199 8 
0 0.347084 0.694169 1.04125 1.38834 1.73542 2.08251 2.42959 2.77667 3.26291 3.83293 4.37835 5.03645 5.68104 6.33914 6.88456 7.42998 8 
0 0.391604 0.628764 0.865924 1.10308 1.49469 1.95982 2.38671 2.932 3.45375 4.0833 4.69991 5.31653 5.94608 6.46783 6.98958 7.53487 8 
0 0.212111 0.562354 0.85931 1.15627 1.45322 1.86923 2.35692 2.91998 3.47147 4.11226 4.74859 5.46873 6.26651 6.9368 7.3528 7.64976 8 
0 0.204229 0.408459 0.745687 1.03161 1.43215 2.07754 2.69452 3.3072 3.91989 4.53687 5.15385 5.77083 6.30183 6.84396 7.31353 7.71408 8 
0 0.342448 0.749195 1.1225 1.4958 1.97264 2.52317 3.06238 3.6016 4.22813 4.8503 5.47683 6.02736 6.48362 6.96046 7.36721 7.65755 8 
0 0.29112 0.58224 0.99007 1.46818 2.02017 2.64837 3.2722 3.89603 4.51986 5.14806 5.70005 6.15752 6.63563 7.00993 7.41776 7.70888 8 
0 0.391546 0.850568 1.38052 1.89958 2.5027 3.10162 3.70054 4.29946 4.90258 5.42164 5.95159 6.41061 6.76997 7.16151 7.44101 7.7205 8 
0 0.470879 1.01452 1.63321 2.32852 3.09879 3.63126 4.24995 4.95661 5.42749 5.79613 6.16476 6.56642 6.85314 7.13985 7.42657 7.71329 8 
0 0.588796 1.17759 1.86173 2.54587 3.13467 3.72346 4.4391 4.88324 5.20029 5.57422 5.80068 6.02714 6.2536 6.62754 7.07169 7.47931 8 
0 0.575287 1.24373 1.90752 2.57132 3.3348 3.82158 4.33032 4.76428 5.07405 5.4394 5.66067 5.88193 6.1032 6.46855 6.90251 7.30079 8 
0 0.715198 1.42542 2.13564 2.85084 3.47928 4.16485 4.55576 4.88436 5.0264 5.16845 5.49704 5.73378 6.1247 6.45613 6.78757 7.25188 8 
0 0.743514 1.48811 2.23162 2.98728 3.49081 3.92032 4.28194 4.50093 4.8049 5.10887 5.32787 5.68948 5.99608 6.30268 6.93687 7.41866 8 
0 0.759754 1.52465 2.2844 3.04148 3.56483 4.35931 4.69168 4.89297 5.09426 5.29555 5.49684 5.69813 5.89941 6.1007 6.85758 7.39191 8 
0 0.870098 1.69584 2.56594 3.23342 3.91181 4.48116 4.75641 5.08104 5.27765 5.47425 5.67086 5.86746 6.06407 6.26067 6.78477 7.40606 8 
0 0.786904 1.57913 2.36604 3.07385 3.70367 4.36249 4.77138 5.28823 5.41332 5.53841 5.6635 5.78859 5.91368 6.20305 6.5473 7.37018 8 
0 0.874284 1.68711 2.49447 3.29899 3.8668 4.35861 4.92882 5.22571 5.35405 5.61132 5.6541 5.91136 6.0397 6.3366 6.6898 7.10932 8 
0 0.827978 1.65889 2.4898 3.23719 3.90224 4.5979 5.18474 5.40488 5.62502 5.84516 6.15072 6.45627 6.67641 6.89655 7.26005 7.56825 8 
0 0.590655 1.27695 2.04823 2.81951 3.50103 4.2849 4.80724 5.21615 5.82174 6.04891 6.36423 6.50054 6.63684 6.95216 7.17934 7.55445 8 
0 0.51647 1.11275 1.79134 2.55396 3.31659 3.99518 4.59146 5.08563 5.73612 6.0506 6.42151 6.73329 6.86806 7.00284 7.31462 7.68553 8 
0 0.47332 0.926209 1.47267 2.0079 2.6298 3.24738 3.86928 4.49118 5.11308 5.76361 6.13416 6.5379 6.8261 7.16602 7.37188 7.7118 8 
0 0.283373 0.680351 1.04469 1.51008 2.04738 2.65886 3.34606 4.03425 4.72244 5.40964 6.10806 6.69421 6.97759 7.26096 7.59518 7.79759 8 
0 0.188179 0.376359 0.687085 1.05615 1.48883 2.13814 2.70268 3.47183 4.18691 4.89719 5.53607 6.10061 7.04946 7.31292 7.62364 7.81182 8 
0 0.181533 0.481286 0.83732 1.16408 1.58147 2.20786 2.82418 3.50937 4.19919 4.88902 5.57421 6.25698 6.73887 7.26457 7.51872 7.81847 8 
0 0.183213 0.366426 0.668952 1.02828 1.44953 1.93588 2.48937 3.11139 3.73432 4.42585 5.11738 5.7403 6.42939 7.00836 7.33815 7.69748 8 
0 0.183732 0.367465 0.670848 0.928074 1.28842 1.71087 2.19859 2.88963 3.51342 4.26439 4.96257 5.65606 6.27985 6.91382 7.33627 7.69662 8 
0 0.189644 0.379287 0.568931 0.758575 1.07172 1.62091 2.12432 2.69724 3.34109 4.05689 4.7727 5.41748 6.06134 6.63426 7.13767 7.68686 8 
0 0.310182 0.498032 0.808214 1.1184 1.42858 1.797 2.22892 2.8771 3.44065 4.07841 4.7171 5.35579 5.99448 6.70101 7.19966 7.63158 8 
0 0.368766 0.632001 0.895237 1.15847 1.42171 1.79047 2.22279 2.72191 3.28994 3.85401 4.62253 5.39105 5.95512 6.52315 7.01202 7.50088 8 
0 0.318407 0.636815 0.929042 1.24745 1.47474 1.79314 2.16642 2.72661 3.2778 3.89057 4.5075 5.12442 5.7372 6.34781 6.95843 7.56904 8 
0 0.549615 0.863004 1.0528 1.36618 1.63189 2.00412 2.34575 2.68738 3.28713 3.8605 4.42987 4.99925 5.56863 6.138 6.78236 7.49619 8 
0 0.739211 0.935801 1.13239 1.32898 1.6536 1.92882 2.31439 2.66825 3.12026 3.55276 4.07461 4.81401 5.48145 6.14889 6.81633 7.4061 8 
0 0.668119 1.23172 1.44314 1.65457 1.86599 2.07742 2.28884 2.50026 2.84937 3.46163 4.02287 4.57257 5.21128 5.92909 6.64793 7.36573 8 
0 0.573576 1.1993 1.50181 1.85859 2.07467 2.29074 2.64753 2.95003 3.25254 3.87826 4.35363 4.82899 5.40257 6.05533 6.70355 7.35178 8 
0 0.461272 0.943352 1.35457 1.6481 1.99431 2.34052 2.63406 2.9276 3.53477 3.99605 4.45732 4.91859 5.47516 6.10857 6.73758 7.36659 8 
0 0.46162 0.944064 1.32175 1.69944 2.07713 2.48866 2.78241 3.07617 3.4877 3.97014 4.52713 5.07268 5.61823 6.17523 6.73222 7.36611 8 
0 0.397369 0.794737 1.19211 1.58947 2.02244 2.33151 2.76448 3.16185 3.66943 4.25544 4.84146 5.32713 5.8128 6.32039 6.82797 7.41399 8 
0 0.443631 0.887261 1.33089 1.77452 2.21815 2.66178 3.10541 3.6407 4.17599 4.61962 5.06325 5.50688 6.04217 6.57745 7.02108 7.46471 8 
0 0.502833 1.00567 1.5085 2.001 2.50383 2.92057 3.4234 3.92623 4.34297 4.7785 5.21403 5.64957 6.0851 6.58793 7.08043 7.58327 8 
0 0.410638 0.821276 1.31675 1.80205 2.28735 2.77265 3.25795 3.82183 4.38572 4.87102 5.36649 5.77713 6.27261 6.76809 7.17873 7.58936 8 
0 0.406002 0.895885 1.37571 1.85553 2.33535 2.89286 3.4465 4.00014 4.55766 5.03748 5.5173 5.99712 6.487 6.91132 7.2435 7.57568 8 
0 0.370306 0.817118 1.25475 1.76325 2.26821 2.83968 3.41197 3.98426 4.61733 5.12583 5.63433 6.07197 6.51878 6.88908 7.25939 7.6297 8 
0 0.353357 0.77972 1.26495 1.92144 2.53178 3.13803 3.68412 4.23022 4.77553 5.25738 5.7426 6.16021 6.58657 6.93993 7.29329 7.64664 8 
0 0.416332 0.890143 1.42262 1.95587 2.48912 3.02237 3.61435 4.21034 4.85139 5.3219 5.79571 6.20349 6.61982 6.96487 7.30991 7.65496 8 
0 0.435347 0.924598 1.46852 2.06767 2.66682 3.21443 3.76203 4.30595 4.79591 5.28516 5.72051 6.10305 6.48558 6.86811 7.25065 7.62533 8 
0 0.413691 0.97732 1.50133 2.02534 2.59867 3.17784 3.75118 4.27166 4.74051 5.20868 5.62238 6.03607 6.45266 6.81119 7.16972 7.58631 8 
0 0.47887 1.00636 1.53922 2.07208 2.60494 3.18142 3.78704 4.26915 4.75126 5.23013 5.66149 6.09223 6.47551 6.80537 7.18865 7.56926 8 
0 0.501669 1.00844 1.5567 2.11174 2.66677 3.22181 3.77007 4.27684 4.77851 5.23702 5.7302 6.09218 6.45669 6.77041 7.13492 7.54457 8 
0 0.411997 0.857723 1.30896 1.79278 2.31486 2.92578 3.74406 4.56234 5.31711 5.75124 6.08428 6.37856 6.67491 6.92995 7.2263 7.62724 8 
0 0.40897 0.822993 1.23702 1.7312 2.29173 3.04253 3.8083 4.62046 5.49495 5.89328 6.19886 6.46887 6.74078 7.01269 7.31826 7.65798 8 
0 0.436781 0.910892 1.39152 1.87215 2.38376 2.93299 3.49052 4.04805 4.69706 5.12247 5.44883 5.77518 6.36949 6.90417 7.26945 7.63472 8 
0 0.337916 0.680479 1.02304 1.36096 1.69887 2.04144 2.42252 2.68287 2.94146 3.17407 3.37961 3.71899 4.98473 5.84484 7.29699 7.73965 8 
0 0.358967 0.704888 1.05081 1.39251 1.7342 2.0759 2.44842 2.7079 2.90752 3.10304 3.29856 3.80371 5.03769 5.86057 7.20453 7.74432 8 
0 0.630931 1.42349 2.17793 2.86825 3.55857 4.29338 4.91786 5.44254 5.76818 6.04234 6.2728 6.37242 6.60287 6.76891 6.93494 7.55926 8 
0 0.712787 1.5515 2.34746 3.14342 3.93136 4.64667 5.4818 5.91754 6.25866 6.63034 6.94327 7.13279 7.39583 7.50954 7.62325 7.73696 8 
0 0.631399 1.23501 1.91336 2.66751 3.60081 4.1203 4.6398 5.17018 5.62958 6.02145 6.30118 6.5809 6.91082 7.11063 7.44055 7.72027 8 
0 0.467192 0.934384 1.47377 2.08762 2.70147 3.22977 3.75807 4.28638 4.82576 5.27279 5.71981 6.187 6.55275 6.95127 7.23574 7.63425 8 
0 0.456247 0.813426 1.17061 1.62685 2.06341 2.49996 2.93651 3.46326 3.99 4.42656 4.9533 5.46923 5.98516 6.50108 7.01701 7.54375 8 
0 0.550353 0.816418 1.08248 1.34855 1.72128 2.06336 2.50032 3.00481 3.49893 3.99305 4.56718 5.13732 5.70746 6.2776 6.85173 7.42587 8 
0 0.376516 0.693512 0.885488 1.07746 1.39446 1.77098 2.11653 2.7232 3.22234 3.8023 4.37823 5.03 5.68272 6.3345 6.91043 7.49039 8 
0 0.360713 0.664404 0.848323 1.15201 1.4095 1.66699 1.92447 2.6504 3.20602 3.83044 4.45577 5.08109 5.70642 6.33174 6.95616 7.51178 8 
0 0.383945 0.658015 0.932085 1.25534 1.4511 1.77435 2.1583 2.60841 3.12807 3.71948 4.38411 5.04971 5.71434 6.30164 6.88893 7.48034 8 
0 0.396708 0.735099 1.02 1.3049 1.54645 1.88484 2.28155 2.73956 3.2608 3.84658 4.43321 5.08444 5.78966 6.30727 6.89305 7.54199 8 
0 0.449968 0.839712 1.17216 1.45206 1.73196 2.22284 2.61258 3.14825 3.66034 4.16887 4.74436 5.31986 5.89536 6.47169 7.04719 7.55928 8 
0 0.438504 0.818319 1.1423 1.37357 1.85194 2.21536 2.57878 3.14878 3.64435 4.13992 4.70076 5.26241 5.82324 6.31882 6.87965 7.50096 8 
0 0.578099 0.946685 1.43186 1.66641 2.15159 2.52017 2.88876 3.3335 3.83964 4.34225 4.84487 5.35101 5.85715 6.35977 6.92858 7.49738 8 
0 0.588656 0.963974 1.45801 1.69685 2.03144 2.42368 2.799 3.25186 3.76724 4.27904 4.85824 5.43743 5.94923 6.46103 6.97282 7.48462 8 
0 0.524363 0.777864 1.07685 1.25793 1.55692 1.91204 2.48425 3.03127 3.64602 4.26166 4.87731 5.49206 6.03528 6.57849 7.20329 7.60164 8 
0 0.128723 0.386753 0.429661 0.68769 0.816413 1.34828 1.76905 2.89092 3.62035 4.34978 5.07815 5.72177 6.36989 7.21667 7.57092 7.78546 8 
0 0.265449 0.30959 0.353732 0.619181 0.751605 1.29877 1.73163 2.65066 3.39997 4.15038 4.90078 5.6501 6.31686 7.18799 7.73515 7.86758 8 
0 0.2547 0.297054 0.339408 0.594108 0.72117 1.24618 1.85944 2.59016 3.22547 3.94444 4.66446 5.38448 6.18097 6.74312 7.35639 7.70606 8 
0 0.215189 0.430378 0.645568 0.860757 1.07595 1.64958 2.14436 2.71558 3.36567 4.01124 4.65681 5.30238 5.95247 6.51196 7.08319 7.57796 8 
0 0.365989 0.731978 1.13076 1.52953 1.89552 2.26151 2.72901 3.26875 3.7974 4.32605 4.8547 5.38335 5.92309 6.46283 6.99148 7.63401 8 
0 0.457053 0.914106 1.37116 1.84883 2.22278 2.59674 2.97069 3.44836 3.90541 4.36247 4.81952 5.27657 5.82806 6.36821 6.90836 7.44852 8 
0 0.510717 1.02143 1.54286 1.97501 2.40715 2.8393 3.27144 3.72308 4.17472 4.60687 5.05851 5.51015 5.94229 6.37444 6.89587 7.40658 8 
0 0.592909 1.18582 1.77873 2.37579 2.90042 3.33522 3.78963 4.17725 4.45394 4.73063 5.00732 5.39494 5.75068 6.37523 6.88908 7.40294 8 
0 0.606959 1.21392 1.82088 2.4923 2.95645 3.42059 3.98472 4.30605 4.65617 4.9061 5.25621 5.57755 5.988 6.38074 6.85462 7.39392 8 
0 0.646766 1.29791 1.94468 2.52643 3.04409 3.49896 3.87593 4.25291 4.6469 4.95533 5.26377 5.65775 6.05174 6.44572 6.90058 7.41824 8 
0 0.686735 1.37347 1.9969 2.55767 3.05319 3.55217 3.98162 4.41106 4.84951 5.21289 5.59266 5.88997 6.26974 6.63312 7.07157 7.50102 8 
0 0.553506 1.51253 2.47156 3.10347 3.51199 3.92051 4.37307 4.73659 5.15178 5.4165 5.73591 6.04876 6.41227 6.77325 7.18178 7.59089 8 
0 0.581923 1.21358 1.87044 2.40832 2.9751 3.45849 4.05671 4.38969 4.72266 5.05564 5.38862 5.7216 6.10849 6.54329 7.02668 7.51334 8 
0 0.623676 1.23167 1.83967 2.44766 3.07134 3.57691 4.07392 4.44128 4.75744 5.07359 5.38975 5.70591 6.07326 6.57027 7.03235 7.49443 8 
0 0.581976 1.17245 1.79723 2.43145 3.07191 3.68013 4.12707 4.45741 4.74171 5.02601 5.31032 5.59462 5.92496 6.3719 6.78463 7.46068 8 
0 0.573278 1.14656 1.76517 2.42929 3.11007 3.75659 4.29951 4.60171 4.90392 5.20612 5.50832 5.81053 6.11273 6.54989 6.9886 7.47186 8 
0 0.654198 1.3084 1.91853 2.52867 3.16181 3.70395 4.16162 4.51371 4.86581 5.2179 5.56999 5.8618 6.1536 6.50569 6.9064 7.44853 8 
0 0.605576 1.21115 1.81673 2.42231 2.96701 3.45171 3.8776 4.23057 4.59946 4.91413 5.37875 5.73172 6.08469 6.43766 6.79062 7.34423 8 
0 0.59408 1.18403 1.85167 2.52027 3.2599 3.77119 4.39261 4.77829 5.0536 5.43928 5.82496 6.10027 6.48595 6.83992 7.19389 7.54786 8 
0 0.563954 1.21923 1.86994 2.52066 3.2691 3.74629 4.24501 4.67042 4.97408 5.27775 5.58142 5.88508 6.18875 6.49242 6.79609 7.42422 8 
0 0.467748 0.935497 1.49988 2.05268 2.61707 3.10592 3.48862 3.97747 4.46632 4.95517 5.42292 5.91177 6.29447 6.67717 7.09416 7.51115 8 
0 0.505256 0.988702 1.47215 1.95559 2.53892 3.12225 3.6057 4.11095 4.61621 5.12146 5.51701 5.91256 6.3081 6.70365 7.0992 7.49475 8 
0 0.421014 0.807412 1.19381 1.68738 2.15964 2.63191 3.10417 3.57643 4.0487 4.54227 4.92866 5.42223 5.99207 6.5619 7.03417 7.50643 8 
0 0.360186 0.752641 1.03279 1.61226 2.05249 2.51258 2.87276 3.33285 3.77308 4.21331 4.74449 5.26476 5.78503 6.30529 6.83648 7.36766 8 
0 0.450475 0.772036 1.22251 1.63595 2.04938 2.46282 2.87625 3.40436 3.90967 4.41498 5.02469 5.62188 6.23159 6.75969 7.17313 7.58657 8 
0 0.323432 0.646865 0.970297 1.29373 1.74683 2.27801 2.78626 3.31744 3.84861 4.46187 5.06253 5.67579 6.18404 6.71522 7.13106 7.5469 8 
0 0.319372 0.638744 0.958116 1.40552 1.81615 2.34066 2.84253 3.3444 3.84627 4.34814 4.85001 5.45557 6.06113 6.563 7.06487 7.58938 8 
0 0.434273 0.744269 1.10989 1.47552 1.90979 2.4189 2.90604 3.41515 3.92426 4.43337 4.94249 5.42962 6.0174 6.60519 7.09232 7.60143 8 
0 0.378152 0.607164 0.985316 1.30593 1.62655 2.07571 2.48793 2.90015 3.42671 4.03463 4.63007 5.2255 5.82093 6.41637 7.02429 7.55085 8 
0 0.407408 0.851314 1.16819 1.48506 1.80193 2.24584 2.65325 3.06065 3.46806 3.98847 4.48641 5.08723 5.68805 6.28887 6.87735 7.59259 8 
0 0.532858 0.950013 1.40454 1.729 2.18352 2.60068 3.01783 3.55069 4.06055 4.5704 5.08026 5.59012 6.09997 6.63283 7.04999 7.46714 8 
0 0.330571 0.793668 1.21869 1.64371 2.1068 2.43738 2.90047 3.32549 3.75051 4.29342 4.81288 5.33235 5.85182 6.37129 6.91419 7.4571 8 
0 0.396391 0.792781 1.18917 1.58556 2.01746 2.44937 2.9557 3.46203 3.96837 4.4747 4.87109 5.37742 5.962 6.54657 7.03105 7.51552 8 
0 0.539104 0.961151 1.3832 1.80524 2.34435 2.88345 3.3055 3.72754 4.14959 4.60945 4.9377 5.39756 5.93666 6.4525 6.96833 7.48417 8 
0 0.415342 0.830683 1.24602 1.66137 2.07671 2.49205 2.90739 3.32273 3.73807 4.26862 4.93683 5.25987 5.71242 6.24296 6.85548 7.58466 8 
0 0.560074 0.998537 1.55861 2.11869 2.55715 3.03489 3.51264 3.9511 4.38956 4.82802 5.26649 5.74423 6.08526 6.563 7.00146 7.43993 8 
0 0.48572 0.97144 1.55751 2.2552 2.65261 3.16024 3.64596 4.13168 4.63931 5.07232 5.38142 5.69051 6.12352 6.52093 7.02856 7.51428 8 
0 0.559842 1.09552 1.65536 2.09364 2.53192 2.9702 3.40849 3.84677 4.28505 4.72333 5.20087 5.54176 5.88264 6.22353 6.92865 7.46432 8 
0 0.57047 1.11632 1.66216 2.20801 2.77848 3.22508 3.67168 4.15829 4.50565 4.99226 5.47887 5.82623 6.17359 6.6602 7.1068 7.5534 8 
0 0.47419 0.990863 1.50754 1.98173 2.45592 2.97259 3.48926 3.96345 4.43764 4.95431 5.32313 5.69194 6.06076 6.57743 7.05162 7.52581 8 
0 0.452061 1.0295 1.58202 2.15947 2.73691 3.28943 4.01672 4.36832 4.71992 5.07153 5.42313 5.77473 6.12633 6.47794 6.9705 7.42256 8 
0 0.506624 1.01325 1.51987 2.0265 2.67364 3.32078 3.87279 4.26683 4.66087 5.12562 5.40708 5.87183 6.26587 6.65991 7.05395 7.44799 8 
0 0.468195 0.936391 1.40459 1.87278 2.34098 2.80917 3.27737 3.74556 4.2557 4.61986 4.98401 5.34816 5.71231 6.07646 6.82971 7.40195 8 
0 0.467225 1.06404 1.66085 2.12808 2.5953 3.06253 3.52976 3.99698 4.50606 4.86946 5.23286 5.59626 5.95965 6.46874 6.93596 7.40319 8 
0 0.460325 0.920649 1.38097 1.8413 2.30162 2.88962 3.47762 3.93795 4.39827 4.8586 5.31892 5.82049 6.17852 6.53655 7.03811 7.49844 8 
0 0.364571 0.875299 1.34403 1.81277 2.41151 2.98441 3.58315 4.05189 4.52062 4.98936 5.45809 5.92682 6.39556 6.90629 7.27086 7.63543 8 
0 0.34568 0.829943 1.27439 1.71883 2.2031 2.91813 3.48585 3.93029 4.41456 4.89882 5.34327 5.91098 6.4787 6.96296 7.30864 7.65432 8 
0 0.370327 0.740654 1.25945 1.77824 2.14856 2.66735 3.14349 3.61962 4.09576 4.70396 5.2859 5.89409 6.37023 6.88902 7.25935 7.62967 8 
0 0.325678 0.651355 0.977033 1.43327 1.96814 2.50301 3.03788 3.54965 4.06143 4.67895 5.28378 5.9013 6.43616 6.8924 7.21808 7.54376 8 
0 0.456266 0.781962 1.10766 1.43335 1.88962 2.30837 2.72712 3.26202 3.77382 4.39137 4.99624 5.6011 6.21865 6.89234 7.21804 7.54373 8 
0 0.275465 0.60036 0.925255 1.31115 1.76355 2.19643 2.6293 3.15161 3.66318 4.2576 4.84788 5.43816 6.11709 6.6394 7.1617 7.6141 8 
0 0.316761 0.585329 0.853897 1.12246 1.39103 1.76727 2.56607 3.21736 3.86959 4.52089 5.09639 5.67189 6.25142 6.76065 7.18269 7.62376 8 
0 0.19134 0.38268 0.698624 0.9665 1.23438 1.78847 2.4487 3.09831 3.74887 4.39942 5.04903 5.62305 6.20109 6.70901 7.12996 7.68406 8 
0 0.325364 0.522407 0.847771 1.12363 1.51009 1.96314 2.4862 3.08147 3.75045 4.41943 5.01056 5.60169 6.19697 6.72003 7.15352 7.72414 8 
0 0.266206 0.532413 0.798619 1.06483 1.43775 1.87495 2.53106 3.17662 3.82313 4.46869 5.03913 5.60958 6.18401 6.6784 7.18315 7.73379 8 
0 0.19543 0.390861 0.71356 0.987163 1.26077 1.82671 2.34549 3.08053 3.74403 4.40753 5.07199 5.73549 6.32589 6.84467 7.29401 7.6773 8 
0 0.113248 0.226497 0.488477 0.800141 1.17032 1.76678 2.33699 2.90323 3.6747 4.39194 5.16341 5.72965 6.29986 6.80089 7.23487 7.73802 8 
0 0.119566 0.239131 0.358697 0.635291 0.96434 1.54142 2.0704 2.81991 3.57207 4.32423 5.00176 5.67832 6.28034 6.80932 7.3864 7.88044 8 
0 0.121942 0.243884 0.365826 0.647917 1.18969 1.65698 2.35826 3.04826 3.73926 4.50637 5.27348 5.96348 6.80976 7.35153 7.63362 7.75556 8 
0 0.129121 0.42782 0.643021 0.998367 1.62157 2.36412 3.00973 3.65533 4.38596 5.11658 5.76219 6.50475 7.31394 7.61264 7.74176 7.87088 8 
0 0.395392 0.790783 1.29584 1.7791 2.3622 3.0258 3.68478 4.34377 5.00737 5.70152 6.13234 6.43986 6.74739 7.1101 7.32976 7.69247 8 
0 0.482518 1.06473 1.63498 2.20523 2.77547 3.43806 4.10065 4.68286 5.18715 5.6173 5.92436 6.28652 6.64867 6.95573 7.26279 7.56984 8 
0 0.596365 1.19273 1.78909 2.38546 2.99433 3.49895 4.02633 4.47618 4.7973 5.17605 5.55479 5.87591 6.19703 6.51815 6.968 7.49538 8 
0 0.601924 1.30132 2.10015 2.60947 3.11879 3.65109 4.10514 4.48741 4.71892 4.95043 5.18194 5.56421 5.88832 6.21244 6.66649 7.39808 8 
0 0.693586 1.39203 2.00575 2.53732 2.95347 3.40691 3.73058 4.05425 4.37793 4.7016 5.08335 5.31455 5.54574 6.16205 6.69363 7.20226 8 
0 0.723837 1.35986 1.91076 2.34205 2.77333 3.24325 3.57869 3.97432 4.21392 4.60955 4.94499 5.28044 5.61588 6.30973 6.83685 7.36397 8 
0 0.699015 1.39803 2.01225 2.54426 2.99806 3.322 3.70406 4.08613 4.41007 4.73401 5.05794 5.38188 5.83569 6.25218 6.78419 7.3984 8 
0 0.573727 1.14745 1.84477 2.24197 2.63916 3.03636 3.46914 3.77807 4.14243 4.5068 4.81573 5.24851 5.6457 6.34302 6.92878 7.41424 8 
0 0.539241 1.19464 1.56796 1.94128 2.3146 2.68792 3.06125 3.43457 3.84133 4.2481 4.62142 5.27682 5.82737 6.28365 6.8342 7.37344 8 
0 0.632739 0.99315 1.35356 1.81394 2.25444 2.71481 3.07522 3.43563 3.79604 4.15646 4.61683 5.14834 5.75324 6.35392 6.95881 7.47941 8 
0 0.584258 0.917054 1.24985 1.67495 2.0817 2.5068 2.8396 3.17239 3.75665 4.23736 4.72814 5.21893 5.77748 6.33214 6.8868 7.44146 8 
0 0.571844 0.897569 1.22329 1.54902 1.87474 2.29081 2.68892 3.08703 3.56739 4.03788 4.58456 5.13123 5.67791 6.29228 6.90665 7.45332 8 
0 0.463995 0.927989 1.32988 1.64451 1.95914 2.36103 2.74558 3.13012 3.59412 4.12217 4.64655 5.17093 5.69531 6.21969 6.81313 7.40656 8 
0 0.475544 1.0225 1.38697 1.67229 1.95762 2.24295 2.60741 2.95614 3.37692 3.8558 4.39397 4.99227 5.59463 6.19698 6.79934 7.40169 8 
0 0.792123 1.163 1.47037 1.7916 2.04309 2.29457 2.61581 2.92318 3.40526 3.8796 4.35463 4.88197 5.41288 6.0798 6.72248 7.36516 8 
0 0.67275 1.14136 1.45362 1.69807 2.01033 2.30911 2.60789 2.90667 3.37528 3.7827 4.3378 4.85387 5.41852 6.03561 6.66033 7.33017 8 
0 0.482835 0.973556 1.30055 1.55654 1.81253 2.13952 2.45239 2.82991 3.25955 3.6862 4.26748 4.85877 5.45608 6.05339 6.6996 7.35379 8 
0 0.47568 0.89895 1.34171 1.6165 1.81265 2.08744 2.40958 2.71782 3.20127 3.6216 4.19427 4.86307 5.4997 6.13634 6.78084 7.41747 8 
0 0.483291 0.974476 1.30177 1.55801 1.81424 2.07047 2.3267 2.654 3.03187 3.46191 4.04375 4.58468 5.26419 5.96629 6.67804 7.40815 8 
0 0.443936 0.95454 1.28009 1.62033 1.88669 2.15305 2.41942 2.75965 3.08521 3.59581 4.03975 4.64458 5.35096 6.03166 6.71236 7.38475 8 
0 0.46108 0.868506 1.27879 1.63189 1.98499 2.3455 2.64428 2.94306 3.30356 3.65667 4.06695 4.62204 5.27032 6.01598 6.73879 7.43535 8 
0 0.403812 0.807623 1.25591 1.70419 2.10801 2.51123 2.87003 3.17883 3.48763 3.8029 4.06419 4.58756 5.21128 5.94936 6.63821 7.37628 8 
0 0.404236 0.808472 1.21544 1.62242 2.02939 2.43636 2.8741 3.23771 3.60131 3.97086 4.20647 4.49077 5.32555 6.02733 6.69134 7.59576 8 
0 0.626153 1.20829 1.84523 2.48217 3.0643 3.64644 4.22858 4.80681 5.32691 5.85551 6.20774 6.48349 6.75924 7.03499 7.31074 7.66297 8 
0 0.489751 1.04014 1.65204 2.26807 2.9421 3.62298 4.29701 4.9089 5.45929 6.01867 6.39142 6.68322 7.00117 7.22813 7.45509 7.68205 8 
0 0.557692 1.10642 1.65595 2.26599 2.88017 3.49434 4.10852 4.71857 5.2673 5.75217 6.30986 6.77791 7.00419 7.23046 7.45674 7.68301 8 
0 0.420443 0.898933 1.37409 1.91183 2.50965 3.10748 3.7053 4.30717 4.905 5.44273 5.98925 6.58481 6.84635 7.15698 7.46762 7.68936 8 
0 0.30805 0.848864 1.36588 1.8793 2.39271 3.09221 3.74254 4.3885 4.97037 5.5514 6.14192 6.63752 6.87711 7.11671 7.3563 7.69195 8 
0 0.46051 0.91156 1.43565 1.95974 2.48382 3.0728 3.66264 4.25162 4.77206 5.2925 5.8911 6.39348 6.63636 6.87923 7.21947 7.61834 8 
0 0.456115 0.921796 1.38748 1.91745 2.44374 3.03933 3.63493 4.1649 4.62101 5.15099 5.88147 6.19724 6.5413 6.7869 7.13097 7.53432 8 
0 0.489469 0.978937 1.46841 2.03713 2.60191 3.16668 3.73145 4.30018 4.79991 5.21408 5.62824 6.04241 6.47526 6.81412 7.15299 7.58584 8 
0 0.503972 1.00794 1.51192 2.01589 2.60147 3.18298 3.76856 4.27253 4.78707 5.21351 5.65919 6.03935 6.31072 6.69088 7.03978 7.48546 8 
0 0.529329 1.14437 1.75941 2.28874 2.81807 3.3474 3.88783 4.33572 4.78362 5.25172 5.61818 5.98463 6.35109 6.71755 7.08401 7.55211 8 
0 0.50318 0.996023 1.56867 2.13734 2.706 3.27467 3.84731 4.35049 4.78633 5.12753 5.46873 5.80992 6.15112 6.58696 7.00398 7.50716 8 
0 0.575093 1.22139 1.86769 2.44279 3.01788 3.67474 4.09354 4.51234 4.95003 5.29269 5.66604 6.03939 6.38205 6.7247 7.1624 7.5812 8 
0 0.575201 1.15443 1.65294 2.15145 2.64995 3.14846 3.64697 4.15593 4.59677 4.94189 5.28701 5.63213 5.97725 6.32238 6.76322 7.4248 8 
0 0.53741 1.07482 1.61223 2.1534 2.62893 3.10445 3.57021 4.04573 4.45761 4.78006 5.19194 5.58604 6.06156 6.52732 6.99307 7.45883 8 
0 0.488099 0.976198 1.46772 1.95923 2.45075 2.87377 3.29679 3.71981 4.1517 4.50964 4.94153 5.36455 5.97649 6.52887 7.02038 7.5119 8 
0 0.420684 0.909488 1.39829 1.81898 2.23966 2.66034 3.08103 3.50171 3.92239 4.34308 4.83188 5.38121 5.93054 6.41594 6.96527 7.5146 8 
0 0.46555 0.931101 1.39665 1.80573 2.2148 2.68035 3.14266 3.60821 4.00888 4.47443 4.93674 5.39906 5.92225 6.50391 7.13378 7.59933 8 
0 0.386904 0.773808 1.16071 1.54762 1.93452 2.32143 2.77098 3.21741 3.72263 4.22858 4.73453 5.24048 5.80216 6.36763 6.93311 7.49478 8 
0 0.368386 0.796424 1.22446 1.59285 1.96123 2.32962 2.698 3.23091 3.71264 4.19438 4.72917 5.31826 5.91335 6.50244 7.03723 7.51896 8 
0 0.363157 0.726314 1.08947 1.51143 1.93046 2.34949 2.76852 3.18754 3.66175 4.18895 4.71972 5.30045 5.88709 6.46782 6.99859 7.52579 8 
0 0.42276 0.794235 1.1021 1.58497 2.00479 2.42461 2.84443 3.26424 3.68406 4.15917 4.63496 5.25429 5.84203 6.42978 7.0491 7.5249 8 
0 0.422283 0.785717 1.14915 1.57143 1.99078 2.41306 2.83535 3.25469 3.72926 4.20452 4.73212 5.26329 5.84447 6.43155 7.05017 7.52543 8 
0 0.430869 0.864756 1.23818 1.61159 1.98501 2.35843 2.79232 3.22319 3.65406 4.14167 4.68377 5.22953 5.7753 6.37244 6.96958 7.51168 8 
0 0.375396 0.750791 1.13406 1.51733 1.89273 2.32891 2.8191 3.30929 3.79948 4.29038 4.83535 5.38401 5.92897 6.47394 7.01891 7.50981 8 
0 0.433629 0.814655 1.13044 1.51146 1.88466 2.25786 2.69149 3.17881 3.66613 4.25281 4.79826 5.3437 5.94049 6.53727 7.07905 7.56637 8 
0 0.329121 0.658243 0.987364 1.31649 1.63885 1.96121 2.33577 2.70772 3.21448 3.80632 4.37665 4.98817 5.71436 6.44056 7.20711 7.62805 8 
0 0.297718 0.595437 0.893155 1.19087 1.5501 1.90933 2.26856 2.67738 3.13683 3.73573 4.3041 4.87247 5.56656 6.24319 7.18235 7.59118 8 
0 0.42003 0.840061 1.2689 1.69774 2.11777 2.5378 2.95783 3.37786 3.79789 4.28594 4.77059 5.31906 5.86833 6.41761 6.96688 7.51535 8 
0 0.492952 0.985904 1.48231 1.90953 2.33676 2.76398 3.20017 3.56167 3.92317 4.28466 4.72085 5.14807 5.76609 6.32477 6.88345 7.44213 8 
0 0.534834 1.00743 1.48334 1.95924 2.43515 2.85333 3.1999 3.54647 3.96464 4.44055 4.91315 5.38574 5.85834 6.39317 6.92878 7.46439 8 
0 0.465825 0.992994 1.52016 1.98599 2.45181 2.91764 3.38673 3.79891 4.21109 4.6148 5.01852 5.42223 5.89132 6.41849 6.94566 7.47283 8 
0 0.532223 1.06368 1.59513 2.12658 2.59619 3.06909 3.47608 3.88308 4.29007 4.69706 5.10406 5.51959 6.05972 6.52933 6.99894 7.46855 8 
0 0.508835 1.01841 1.5841 2.19669 2.64631 3.09908 3.48876 3.94153 4.39115 4.84393 5.2336 5.68637 6.13915 6.52882 6.98159 7.49043 8 
0 0.505492 1.11405 1.67603 2.18152 2.62819 3.07486 3.52153 3.97133 4.42112 4.86779 5.31759 5.7047 6.1545 6.60117 7.04784 7.49451 8 
0 0.476809 0.95431 1.43181 1.90931 2.38681 2.86431 3.34181 3.81862 4.23995 4.66127 5.08555 5.50982 5.9341 6.46232 6.99241 7.5225 8 
0 0.516351 1.0327 1.54905 2.06541 2.58176 3.09811 3.56323 4.02836 4.49348 4.95861 5.42306 5.83634 6.24962 6.66002 7.07043 7.53488 8 
0 0.520501 1.041 1.5615 2.0873 2.6078 3.08032 3.50597 3.97849 4.45421 4.92673 5.35238 5.8249 6.29742 6.72307 7.14871 7.57436 8 
0 0.476184 0.957212 1.43824 1.91927 2.4003 2.87648 3.3117 3.74691 4.18213 4.61734 5.05256 5.48777 6.12482 6.83292 7.22232 7.61116 8 
0 0.47185 0.9485 1.46417 1.98622 2.50826 3.03031 3.55235 4.06802 4.53988 5.01173 5.48358 5.91483 6.38668 6.88894 7.27424 7.6147 8 
0 0.452332 0.971657 1.466 1.96034 2.46079 2.99738 3.53397 4.03442 4.53487 5.03532 5.52967 5.982 6.39541 6.80883 7.21947 7.58936 8 
0 0.410507 0.821013 1.27016 1.76103 2.25795 2.75488 3.2877 3.82784 4.36065 4.85758 5.35451 5.87018 6.31933 6.76848 7.17899 7.58949 8 
0 0.378758 0.757516 1.2333 1.72491 2.22328 2.75376 3.292 3.83023 4.36847 4.9067 5.45397 5.90686 6.32549 6.74412 7.16275 7.58137 8 
0 0.366795 0.768118 1.20671 1.65073 2.12681 2.60943 3.12317 3.6444 4.19592 4.75576 5.30728 5.82101 6.31608 6.72149 7.16008 7.59868 8 
0 0.408398 0.816796 1.22935 1.67568 2.12752 2.61199 3.13478 3.65757 4.18036 4.71078 5.23357 5.7247 6.20918 6.66102 7.10735 7.55367 8 
0 0.408546 0.817092 1.22564 1.63418 2.08067 2.53268 3.07219 3.60281 4.13343 4.69487 5.25631 5.79583 6.24783 6.69432 7.14081 7.5873 8 
0 0.455332 0.817805 1.17784 1.53788 1.93447 2.3351 2.76853 3.29226 4.0251 4.7165 5.30928 5.74807 6.18685 6.62563 7.0961 7.56657 8 
0 0.365318 0.694393 1.02347 1.35254 1.68162 2.04694 2.41473 2.95308 3.84412 4.73517 5.2191 5.70304 6.18697 6.66434 7.10956 7.55478 8 
0 0.430825 0.818908 1.20643 1.54886 1.89128 2.2788 2.66632 3.05385 3.48467 4.11956 4.69027 5.26098 5.82395 6.34901 6.91198 7.47495 8 
0 0.474808 0.825748 1.12778 1.47872 1.82966 2.13803 2.44639 2.79734 3.37278 3.90063 4.53844 5.15671 5.73754 6.31837 6.8992 7.47216 8 
0 0.540623 0.940208 1.29132 1.59544 1.83352 2.13764 2.44176 2.85974 3.25932 3.91453 4.47006 5.07107 5.6795 6.28794 6.88895 7.44447 8 
0 0.503888 1.15697 1.49772 1.76449 2.03125 2.29802 2.58868 2.87934 3.2201 3.61351 4.17092 4.7303 5.43774 6.14519 6.76137 7.38382 8 
0 0.570246 1.07766 1.52353 1.89304 2.27923 2.60865 2.8438 3.07895 3.40836 3.7107 4.09689 4.83704 5.40729 6.09381 6.73206 7.36603 8 
0 0.533857 1.06771 1.60157 2.13917 2.60184 3.06452 3.62686 3.94718 4.26749 4.5878 4.99696 5.46934 5.93202 6.39469 6.93229 7.46614 8 
0 0.462053 0.920892 1.44016 2.01745 2.86817 3.7189 4.34404 4.87179 5.22345 5.49875 5.77405 6.12572 6.4622 6.79868 7.20468 7.60234 8 
0 0.479747 1.49404 2.32546 2.91297 3.5875 4.26203 4.92208 5.28948 5.73602 6.01316 6.2903 6.54465 6.799 7.05335 7.37825 7.68913 8 
0 0.535713 1.28371 1.93091 2.52311 3.20302 3.85021 4.44241 5.10773 5.48583 5.79918 6.12667 6.38305 6.71054 7.03803 7.29441 7.62191 8 
0 0.333621 0.667241 1.04217 1.459 2.74482 3.59341 4.71961 5.40237 5.7773 6.11092 6.39805 6.6912 6.94511 7.19903 7.45294 7.70685 8 
0 0.383054 0.763443 1.19393 1.75508 2.50112 3.2256 4.01356 4.58971 5.15086 5.58197 6.05887 6.39545 6.6744 7.01099 7.34066 7.67033 8 
0 0.34699 0.750169 1.15054 1.69603 2.25091 2.85732 3.46373 4.01861 4.52575 5.03289 5.53662 5.98972 6.39009 6.79327 7.19645 7.59682 8 
0 0.412868 0.825735 1.2386 1.70584 2.22529 2.74826 3.27122 3.79067 4.31013 4.83309 5.35254 5.82046 6.28837 6.75561 7.17137 7.58713 8 
0 0.458265 0.917196 1.37546 1.7804 2.23866 2.74814 3.26106 3.77054 4.28001 4.78948 5.24841 5.70734 6.16627 6.6252 7.08347 7.54174 8 
0 0.416196 0.832391 1.3034 1.7744 2.19351 2.55422 3.076 3.54769 4.01938 4.54302 5.06666 5.53834 6.01003 6.53367 7.05731 7.529 8 
0 0.467996 0.935992 1.40331 1.81914 2.23497 2.64791 3.11523 3.58322 4.10276 4.6223 5.0903 5.55829 6.02629 6.54583 7.06536 7.53268 8 
0 0.475558 0.950428 1.37004 1.78965 2.20926 2.62887 3.04848 3.46809 3.94296 4.41852 4.94645 5.51815 5.99302 6.46857 6.99651 7.52444 8 
0 0.504627 0.950532 1.39956 1.78601 2.23504 2.68095 3.12685 3.57588 3.96233 4.41136 4.85726 5.36189 5.86725 6.37261 6.93363 7.49464 8 
0 0.439738 0.882556 1.32537 1.76511 2.20793 2.65075 3.09048 3.5333 3.97612 4.47377 4.97214 5.46978 5.90952 6.34926 6.94837 7.50163 8 
0 0.487199 0.917704 1.34821 1.78173 2.21525 2.64576 3.07626 3.50978 4.04951 4.53671 4.96722 5.45441 5.94161 6.42881 6.97045 7.5121 8 
0 0.554952 0.93858 1.38433 1.82698 2.27272 2.71847 3.16112 3.60377 4.04641 4.48906 4.99 5.49167 5.99333 6.495 6.99667 7.49833 8 
0 0.481094 0.961491 1.44189 1.92228 2.34975 2.88195 3.36234 3.78684 4.21133 4.63583 5.11623 5.59662 6.07702 6.55742 7.03781 7.51891 8 
0 0.443006 0.886011 1.32902 1.77202 2.21503 2.71637 3.21772 3.71907 4.22041 4.66342 5.10642 5.54943 5.99244 6.49378 6.99585 7.49793 8 
0 0.51573 1.03221 1.54794 2.00685 2.46576 2.92147 3.37719 3.8329 4.28862 4.74753 5.14248 5.60139 6.05711 6.57284 7.08857 7.54428 8 
0 0.501094 0.943877 1.44497 1.94606 2.44716 2.94825 3.39104 3.83382 4.33491 4.83601 5.27879 5.72467 6.17056 6.61334 7.05612 7.49891 8 
0 0.427557 0.911419 1.39598 1.87985 2.36371 2.84757 3.33143 3.8153 4.24285 4.72672 5.21128 5.69514 6.179 6.66287 7.09342 7.46397 8 
0 0.452281 0.904562 1.4164 1.92825 2.38053 2.89237 3.40496 3.9168 4.36908 4.82136 5.27364 5.72592 6.1782 6.63365 7.0891 7.54455 8 
0 0.465522 0.927805 1.39009 1.85237 2.31465 2.78018 3.2457 3.70798 4.17026 4.69343 5.21659 5.67887 6.14115 6.60667 7.0722 7.53448 8 
0 0.508413 1.01756 1.52598 2.03439 2.54354 3.05195 3.5012 3.95045 4.3997 4.84895 5.30135 5.75375 6.203 6.65225 7.1015 7.55075 8 
0 0.459204 0.918408 1.37761 1.89729 2.41697 2.93664 3.45632 3.91553 4.37473 4.83393 5.29314 5.75556 6.21798 6.67718 7.1396 7.53758 8 
0 0.452501 0.964593 1.5319 2.09921 2.6113 3.06697 3.52264 3.97514 4.42764 4.88015 5.33582 5.79149 6.24716 6.63933 7.095 7.5475 8 
0 0.465899 0.928556 1.39121 1.85387 2.31653 2.77919 3.24184 3.7045 4.16716 4.69075 5.21433 5.67699 6.14289 6.60879 7.07144 7.5341 8 
0 0.462448 1.03819 1.5579 2.01713 2.47636 2.93559 3.39482 3.85405 4.31329 4.77252 5.23496 5.69741 6.15664 6.61587 7.07832 7.54077 8 
0 0.465333 0.927429 1.38953 1.85162 2.31372 2.77905 3.24438 3.70972 4.17505 4.698 5.22171 5.74466 6.20676 6.66885 7.13418 7.53467 8 
0 0.466277 0.932553 1.39559 1.85862 2.32165 2.78468 3.24772 3.71075 4.17378 4.63682 5.09985 5.62386 6.14787 6.6109 7.07394 7.53697 8 
0 0.461997 0.92723 1.39246 1.8577 2.25809 2.72333 3.18856 3.65379 4.11579 4.57779 5.10062 5.62346 6.1463 6.66914 7.13437 7.53477 8 
0 0.434002 0.938281 1.44256 1.87656 2.31056 2.74456 3.24884 3.75312 4.18712 4.6914 5.19217 5.69295 6.19372 6.698 7.132 7.566 8 
0 0.476246 0.886122 1.36237 1.8353 2.30824 2.78117 3.2541 3.73035 4.20659 4.67953 5.15577 5.63202 6.10495 6.57789 7.05082 7.52375 8 
0 0.420243 0.908535 1.39343 1.88172 2.30196 2.72221 3.14245 3.63074 4.11564 4.60053 5.14928 5.69804 6.18293 6.67122 7.09147 7.51171 8 
0 0.44035 0.889936 1.33952 1.77987 2.22022 2.66057 3.10092 3.55051 3.92311 4.50751 5.01561 5.52371 6.0318 6.5399 7.048 7.55965 8 
0 0.499196 0.928822 1.35845 1.78808 2.2177 2.7169 3.21262 3.71182 4.15045 4.58909 5.01872 5.51791 6.01364 6.50936 7.00508 7.50081 8 
0 0.484395 0.96542 1.51868 1.94432 2.3612 2.77809 3.19498 3.61187 4.02876 4.44565 5.04871 5.59309 6.13746 6.68183 7.16622 7.58311 8 
0 0.483062 0.962763 1.44582 1.92889 2.40859 2.89165 3.30739 3.72313 4.13887 4.56333 5.11507 5.59477 6.07448 6.55418 7.03388 7.51694 8 
0 0.433395 0.866791 1.30019 1.73358 2.23716 2.73723 3.2408 3.6742 4.11668 4.55917 5.06274 5.56282 6.06289 6.56296 7.06303 7.56661 8 
0 0.438536 0.801983 1.24052 1.67005 2.09957 2.5291 2.95863 3.45771 3.95332 4.4524 4.88193 5.38101 5.94188 6.50276 7.00184 7.50092 8 
0 0.473166 0.865313 1.33848 1.80193 2.26537 2.72882 3.19226 3.65571 4.11916 4.59232 4.98447 5.45763 5.99613 6.53462 6.99806 7.46151 8 
0 0.429068 0.858136 1.2872 1.71627 2.21482 2.71336 3.21191 3.71046 4.13952 4.57759 5.01566 5.51421 6.00928 6.50783 7.00638 7.50145 8 
0 0.416874 0.833747 1.25062 1.735 2.27935 2.8237 3.30471 3.78572 4.2701 4.68697 5.10384 5.58822 6.0726 6.55698 7.03799 7.51899 8 
0 0.430872 0.861744 1.29262 1.79326 2.29042 2.85305 3.41568 3.91632 4.3472 4.77807 5.20894 5.70958 6.20674 6.70739 7.13826 7.56913 8 
0 0.416967 0.833934 1.31842 1.79954 2.28065 2.76177 3.24288 3.724 4.20848 4.69297 5.17409 5.6552 6.13632 6.61743 7.09855 7.58303 8 
0 0.420064 0.840128 1.32821 1.87673 2.42605 2.97457 3.45926 3.94734 4.3674 4.78747 5.20753 5.69562 6.1837 6.67179 7.15987 7.57994 8 
0 0.434383 0.794387 1.22877 1.72312 2.21404 2.7696 3.32517 3.81608 4.38072 4.8151 5.24056 5.66602 6.09148 6.51694 7.01129 7.50565 8 
0 0.419496 0.906921 1.39096 1.93873 2.48731 3.03508 3.51912 4.00315 4.49058 4.91887 5.27383 5.70212 6.12162 6.54112 7.02854 7.51258 8 
0 0.48336 0.899357 1.31536 1.79871 2.34192 2.88592 3.42913 3.91249 4.39585 4.87585 5.42793 5.85265 6.26865 6.68465 7.10064 7.51664 8 
0 0.41205 0.8241 1.29304 1.82004 2.40593 2.99579 3.63024 4.09592 4.56485 4.96844 5.38049 5.72199 6.13404 6.60297 7.06865 7.53433 8 
0 0.424188 0.775743 1.1273 1.67868 2.22121 2.76452 3.30783 3.85036 4.40174 4.82593 5.24141 5.65688 6.07235 6.55511 7.03786 7.52061 8 
0 0.402804 0.805607 1.20841 1.732 2.35222 2.92496 3.44088 3.95681 4.52753 4.92206 5.38047 5.83889 6.23342 6.62795 7.08636 7.54159 8 
0 0.453198 0.843237 1.23328 1.7975 2.30755 2.87378 3.44384 4.057 4.51019 4.90023 5.35343 5.80663 6.19667 6.64987 7.09991 7.54996 8 
0 0.432398 0.812341 1.19228 1.62468 2.3337 2.93485 3.52994 4.07018 4.60851 4.98064 5.36059 5.67547 6.16935 6.59874 7.08467 7.57061 8 
0 0.488782 0.800421 1.17645 1.60439 2.18337 2.77233 3.36129 3.89595 4.37688 4.80482 5.17312 5.54142 6.0742 6.55583 7.03745 7.51907 8 
0 0.391088 0.727673 1.11876 1.55827 2.13119 2.67491 3.26314 3.94298 4.38313 4.82264 5.21101 5.59938 6.03889 6.52751 7.01944 7.51138 8 
0 1.06236 2.11065 3.14413 5.09415 5.32848 5.58284 5.8372 6.07153 6.28595 6.4806 6.67526 6.86991 7.09814 7.31474 7.54907 7.7834 8 
0 1.00952 2.01738 2.98821 4.09512 4.83104 5.09908 5.36711 5.61679 5.85739 6.07055 6.2837 6.48073 6.69388 6.92526 7.17493 7.4246 8 
0 0.966483 1.93297 2.92391 4.01057 4.62775 4.90114 5.17454 5.4438 5.69575 5.93387 6.16856 6.38904 6.64732 6.90308 7.15883 7.4281 8 
0 0.918114 1.84309 2.8499 3.81542 4.36152 4.64086 4.90828 5.17571 5.45504 5.75038 6.05848 6.32184 6.60118 6.88051 7.14794 7.47061 8 
0 0.80587 1.60389 2.49057 3.23458 3.68039 3.95834 4.20163 4.45812 4.76064 5.22639 5.75205 6.39514 6.71791 7.01479 7.28449 7.55419 8 
0 0.643888 1.28451 2.04725 2.64733 2.94672 3.17834 3.38875 3.64197 3.99104 4.66334 5.44096 6.26754 6.88068 7.20872 7.45012 7.69152 8 
0 0.603425 1.16321 1.8268 2.30032 2.57683 2.78394 2.97 3.19912 3.60627 4.50755 5.30522 6.22804 6.95176 7.27498 7.52003 7.73223 8 
