1 1 1 1 1 1 1 1 1 1 1 1 1 1 1 1 1 1 
1.30938 1.29987 1.32202 1.36096 1.32516 1.3196 1.31662 1.28863 1.28761 1.28064 1.28422 1.30198 1.30303 1.30575 1.30552 1.31999 1.33202 1.30982 
1.60253 1.54556 1.56818 1.60063 1.57399 1.56464 1.55968 1.55546 1.52014 1.49875 1.50116 1.52893 1.53772 1.54902 1.5538 1.61114 1.6354 1.60619 
1.83191 1.75926 1.756 1.79832 1.76892 1.75426 1.74624 1.74114 1.68599 1.65462 1.66183 1.70801 1.73253 1.79197 1.80958 1.86993 1.89073 1.84481 
2.06299 1.93385 1.90451 1.9373 1.89743 1.87234 1.85801 1.85113 1.80586 1.76599 1.78632 1.88671 1.8895 1.99436 2.04253 2.13392 2.16718 2.1299 
2.39389 2.15283 2.09118 2.11003 2.05722 1.97247 1.93793 1.92957 1.85981 1.85436 1.89032 2.05304 2.04837 2.20357 2.30791 2.46977 2.56401 2.51407 
2.71011 2.34579 2.23911 2.21175 2.13073 2.04622 2.04273 2.03401 1.93056 1.93846 1.9907 2.17228 2.20577 2.39717 2.56302 2.87254 3.15472 3.20404 
2.99436 2.53095 2.38967 2.34532 2.24755 2.16435 2.15572 2.14732 2.04849 2.06453 2.12515 2.31706 2.37811 2.59265 2.78435 3.30305 3.78935 3.66565 
3.22303 2.7297 2.57953 2.52811 2.42212 2.33921 2.32792 2.32045 2.21392 2.23374 2.30747 2.50348 2.56346 2.80068 3.00503 3.5463 4.07787 3.95791 
3.46404 2.94554 2.79348 2.72866 2.62894 2.54627 2.52449 2.51885 2.42847 2.44964 2.51042 2.70737 2.77983 3.01335 3.23504 3.78543 4.33905 4.24815 
3.70982 3.18516 3.01622 2.95364 2.85206 2.7807 2.75393 2.76037 2.67191 2.68375 2.74016 2.93402 3.01458 3.2417 3.46421 4.03525 4.65833 4.66901 
3.98715 3.43341 3.26023 3.19296 3.09447 3.03631 3.01447 3.02537 2.93951 2.94899 2.9883 3.18577 3.25455 3.48919 3.70711 4.30993 4.9132 4.92279 
4.24016 3.68505 3.50954 3.44796 3.34574 3.30373 3.28874 3.30879 3.21629 3.23115 3.25712 3.44918 3.50948 3.74089 3.95007 4.55765 5.15688 5.16539 
4.48516 3.92991 3.75393 3.6998 3.60754 3.57465 3.56217 3.60218 3.50323 3.52735 3.53583 3.72012 3.7669 3.98914 4.1786 4.79773 5.39161 5.39854 
4.70323 4.14941 3.97587 3.93153 3.85499 3.83393 3.84886 3.88951 3.80756 3.82533 3.81202 3.99102 4.01383 4.22988 4.3966 5.01801 5.61253 5.6172 
4.92169 4.35404 4.18501 4.16466 4.10419 4.09942 4.13571 4.19137 4.12567 4.1277 4.10087 4.24934 4.25508 4.45309 4.61051 5.23175 5.83307 5.83581 
5.12183 4.56268 4.39791 4.38834 4.34594 4.36442 4.42232 4.49193 4.44774 4.43309 4.38786 4.50535 4.49119 4.67702 4.81425 5.41932 6.04121 6.0359 
5.32045 4.76442 4.67302 4.63093 4.583 4.61972 4.70369 4.79335 4.77187 4.73983 4.67532 4.7599 4.73499 4.89649 5.01576 5.61476 6.22538 6.22888 
5.50662 4.95489 4.86285 4.82452 4.80799 4.88498 4.98377 5.10688 5.09497 5.05942 4.96228 5.01417 5.0003 5.11596 5.21722 5.80266 6.4094 6.4273 
5.67987 5.13263 5.05707 5.02119 5.04462 5.14909 5.26143 5.41418 5.41433 5.39178 5.24811 5.26937 5.24208 5.32979 5.41189 5.99607 6.59955 6.62006 
5.86298 5.31866 5.24165 5.23574 5.27179 5.39996 5.54632 5.71475 5.72819 5.69358 5.53514 5.54945 5.50922 5.5581 5.62499 6.19785 6.79892 6.8049 
6.0547 5.51125 5.43055 5.4426 5.49624 5.65528 5.8166 6.01019 6.03375 5.98768 5.81146 5.80463 5.7541 5.792 5.83649 6.40759 7.01452 6.99964 
6.25767 5.70492 5.61777 5.64445 5.71154 5.89836 6.07243 6.28119 6.32817 6.27366 6.11046 6.06601 6.00558 6.02181 6.08642 6.65697 7.23032 7.20776 
6.45718 5.89182 5.81126 5.84858 5.90917 6.12081 6.3071 6.54524 6.59542 6.54816 6.38048 6.33122 6.26227 6.28859 6.31519 6.86922 7.43433 7.41489 
6.64568 6.06339 5.97838 6.02281 6.13535 6.35379 6.52495 6.81303 6.84958 6.80762 6.6532 6.5996 6.52456 6.53974 6.53715 7.09041 7.63422 7.6146 
6.81716 6.21211 6.11916 6.16721 6.28818 6.52889 6.74951 7.02287 7.08059 7.04931 6.91216 6.86314 6.78367 6.78878 6.79865 7.34116 7.83772 7.79781 
6.95635 6.3334 6.22795 6.27523 6.40238 6.66714 6.89368 7.20055 7.28569 7.27191 7.17619 7.19166 7.1259 7.12381 7.12113 7.57742 8.03693 7.95216 
7.0917 6.42878 6.32317 6.36603 6.47583 6.73653 7.01487 7.32826 7.49982 7.48974 7.4318 7.4871 7.45291 7.46092 7.42848 7.83005 8.2437 8.11423 
7.19878 6.51058 6.36198 6.38915 6.55126 6.76976 7.07387 7.42354 7.65145 7.67948 7.6927 7.78652 7.79763 7.82532 7.75259 8.0914 8.46538 8.27951 
7.33635 6.60135 6.40784 6.41435 6.56913 6.79483 7.15242 7.50339 7.76735 7.86268 7.92998 8.08556 8.13456 8.17107 8.09154 8.36743 8.69011 8.44717 
7.48442 6.73639 6.51665 6.47379 6.61779 6.84449 7.24012 7.5915 7.88124 8.01857 8.15322 8.36505 8.45295 8.51859 8.39178 8.62913 8.92819 8.6377 
7.66728 6.88866 6.64911 6.58073 6.71296 6.93548 7.36427 7.70371 8.00815 8.18652 8.34793 8.61929 8.77037 8.86085 8.71342 8.90277 9.18076 8.86555 
7.895 7.0787 6.82005 6.75138 6.8745 7.09037 7.50875 7.90786 8.26735 8.40096 8.72424 8.87333 9.03602 9.20171 9.01985 9.17579 9.44395 9.10871 
8.15454 7.34204 7.0647 6.95814 7.07244 7.26957 7.68421 8.09269 8.47053 8.67937 9.00049 9.36405 9.65018 9.59938 9.41733 9.44199 9.71329 9.38354 
8.43701 7.59884 7.29968 7.22214 7.29716 7.48639 7.88527 8.30621 8.71723 8.89043 9.20858 9.58077 9.89819 9.89196 9.65325 9.75896 10.0161 9.69398 
8.73702 7.87872 7.55947 7.47581 7.53682 7.71277 8.10548 8.53417 8.9413 9.11115 9.42422 9.79459 10.1237 10.1485 10.0983 10.4054 10.4078 10.052 
9.0676 8.17963 7.83738 7.75174 7.79698 7.95613 8.3473 8.77172 9.1649 9.33694 9.64964 10.0172 10.3466 10.3702 10.399 10.682 10.7023 10.3847 
9.37129 8.48276 8.12732 8.04847 8.0784 8.22049 8.59523 9.03651 9.4244 9.63335 9.8613 10.2386 10.634 10.6244 10.7378 11.3856 11.1421 10.7391 
9.66893 8.77834 8.42435 8.38019 8.3683 8.48412 8.84789 9.2613 9.63864 9.83595 10.0763 10.4568 10.8829 10.8508 10.9698 11.6358 11.4134 11.017 
9.96558 9.07507 8.72812 8.71728 8.65766 8.76347 9.10486 9.48833 9.86033 10.036 10.2795 10.6631 11.0921 11.0676 11.1949 11.8821 11.6806 11.3034 
10.2559 9.37113 9.02072 9.02326 8.95031 9.04619 9.35491 9.71636 10.081 10.2484 10.4633 10.8502 11.2823 11.2663 11.4113 12.1228 11.946 11.5805 
10.5436 9.66566 9.3253 9.31736 9.24886 9.31975 9.61474 9.94437 10.2923 10.4583 10.6593 11.0395 11.4678 11.46 11.6112 12.3489 12.1992 11.8538 
10.8329 9.96153 9.64584 9.63285 9.56037 9.62223 9.86406 10.183 10.502 10.6508 10.8528 11.21 11.65 11.6502 11.8073 12.5713 12.4569 12.1299 
11.1207 10.256 9.93832 9.91907 9.84255 9.89635 10.1223 10.4204 10.7102 10.8415 11.0284 11.3856 11.8368 11.8454 12.0013 12.8017 12.7126 12.3927 
11.4079 10.5497 10.2398 10.2411 10.131 10.1691 10.379 10.6561 10.9251 11.0463 11.2188 11.5958 12.0071 12.0256 12.1946 13.0314 12.9678 12.6549 
11.6955 10.8436 10.5412 10.5444 10.4137 10.4405 10.6238 10.8808 11.1383 11.2423 11.4173 11.7721 12.1926 12.2201 12.4003 13.2618 13.2237 12.9293 
11.981 11.1358 10.8305 10.8348 10.6957 10.7041 10.8672 11.1041 11.3419 11.4452 11.6158 11.9488 12.3724 12.4088 12.6 13.4943 13.4846 13.2002 
12.2692 11.4426 11.1334 11.138 10.9774 10.967 11.11 11.327 11.5601 11.6491 11.8003 12.1434 12.5699 12.601 12.8034 13.7214 13.7496 13.4747 
12.573 11.7512 11.434 11.4409 11.2587 11.2296 11.3532 11.5637 11.7733 11.8497 12.0049 12.3373 12.7668 12.8122 13.0131 13.9638 14.0101 13.7654 
12.8762 12.0608 11.7338 11.7426 11.5394 11.5024 11.608 11.8076 12.0055 12.0719 12.211 12.5391 12.9719 13.0248 13.2412 14.2052 14.2778 14.0613 
13.1854 12.3669 12.0315 12.0371 11.8291 11.7748 11.8649 12.0562 12.2443 12.2961 12.4264 12.7509 13.1874 13.2475 13.4708 14.4633 14.5534 14.3511 
13.4847 12.6756 12.3304 12.3273 12.1162 12.0367 12.113 12.3048 12.4768 12.5352 12.6515 12.9731 13.4134 13.4806 13.7099 14.7301 14.8366 14.6455 
13.7889 12.9707 12.6148 12.641 12.3894 12.2964 12.3612 12.5444 12.7222 12.7693 12.8918 13.2114 13.6565 13.7539 13.9659 15.0042 15.1314 14.9479 
14.0807 13.2611 12.8929 12.9233 12.6562 12.5621 12.6072 12.7848 12.9588 13.0164 13.1351 13.4477 13.8989 14.0127 14.2222 15.2837 15.4194 15.2404 
14.3682 13.5507 13.1698 13.1879 12.9242 12.8134 12.848 13.0231 13.1966 13.2556 13.3811 13.698 14.1793 14.2786 14.4835 15.5708 15.7083 15.5312 
14.6486 13.8213 13.4361 13.4772 13.1732 13.062 13.0802 13.2558 13.4322 13.4957 13.6213 13.9444 14.4434 14.543 14.7572 15.8588 15.9955 15.8175 
14.9295 14.0802 13.6903 13.7287 13.4082 13.2981 13.3148 13.48 13.6625 13.7418 13.8722 14.2257 14.7349 14.8204 15.0612 16.1459 16.3152 16.1077 
15.1915 14.3257 13.9198 13.9527 13.627 13.5121 13.5362 13.6928 13.893 13.9729 14.122 14.4807 15.005 15.106 15.3464 16.4625 16.6061 16.3834 
15.441 14.566 14.1416 14.1597 13.8358 13.7099 13.7436 13.9008 14.1007 14.2089 14.3606 14.7369 15.2777 15.4018 15.6352 16.7599 16.8914 16.6498 
15.6886 14.7809 14.3341 14.3577 14.0097 13.8915 13.929 14.0963 14.3125 14.4387 14.6063 14.9934 15.5522 15.7 15.9244 17.0555 17.1711 16.9184 
15.9257 14.9956 14.5278 14.5231 14.1673 14.0591 14.1096 14.2718 14.5064 14.6517 14.8422 15.2502 15.8281 16.0004 16.2246 17.3596 17.4581 17.1841 
16.1545 15.2311 14.7112 14.6765 14.3127 14.2245 14.2609 14.4389 14.6939 14.8717 15.1073 15.5111 16.107 16.3021 16.5251 17.6623 17.7373 17.4366 
16.3669 15.4263 14.8805 14.8324 14.4508 14.3614 14.4275 14.6196 14.8779 15.0789 15.3397 15.7641 16.3733 16.5913 16.8125 17.9506 18.0134 17.6913 
16.5876 15.6188 15.0391 14.9633 14.597 14.4962 14.5837 14.79 15.0613 15.2965 15.5718 16.0047 16.6396 16.881 17.0999 18.2376 18.2875 17.9722 
16.8086 15.7974 15.1991 15.1079 14.7747 14.6439 14.751 14.9718 15.2466 15.505 15.8371 16.3671 17.023 17.2312 17.412 18.5237 18.5609 18.2288 
17.0332 15.9811 15.355 15.2369 14.9066 14.7868 14.904 15.1412 15.4366 15.7167 16.0848 16.652 17.3427 17.5561 17.7094 18.8114 18.8348 18.4758 
17.2928 16.2203 15.6237 15.4419 15.1069 14.9859 15.0672 15.3359 15.647 15.9436 16.3928 17.0646 17.7719 17.843 17.9942 19.0865 19.1102 18.7339 
17.5209 16.4427 15.8226 15.6725 15.2772 15.1548 15.2601 15.5317 15.8561 16.1762 16.6273 17.31 18.0405 18.1191 18.2661 19.3744 19.3878 18.986 
17.7671 16.6745 16.0398 15.8861 15.479 15.3547 15.4726 15.7522 16.0859 16.4051 16.8657 17.563 18.3022 18.3832 18.5576 19.6809 19.6935 19.2511 
18.0211 16.9042 16.2543 16.0961 15.7012 15.5593 15.6956 15.9818 16.3231 16.64 17.1153 17.8076 18.554 18.6516 18.8247 19.9516 19.97 19.5113 
18.2818 17.1423 16.4864 16.3246 15.9604 15.7822 15.9135 16.2062 16.5553 16.88 17.3584 18.0542 18.807 18.9094 19.0927 20.2281 20.2495 19.7835 
18.5382 17.3874 16.7153 16.5574 16.1819 16.0004 16.1474 16.4457 16.7932 17.1337 17.6119 18.3021 19.0603 19.1673 19.35 20.4945 20.525 20.049 
18.8079 17.6464 16.9512 16.7982 16.4121 16.2272 16.3753 16.6788 17.0355 17.3903 17.8669 18.5501 19.3131 19.4243 19.6065 20.7709 20.8009 20.3267 
19.0711 17.8995 17.1921 17.0376 16.6493 16.461 16.6097 16.9172 17.2895 17.6477 18.1231 18.8302 19.632 19.943 20.3518 21.4877 21.0856 20.5976 
19.3441 18.1636 17.4368 17.282 16.8926 16.7009 16.8498 17.1686 17.5444 17.9057 18.3796 19.0795 19.8975 20.2232 20.6934 21.8124 21.3704 20.8769 
19.6163 18.4198 17.6843 17.5308 17.1495 16.9464 17.1036 17.4138 17.7922 18.165 18.6355 19.3262 20.1582 20.4862 21.0187 22.2922 21.6733 21.1457 
19.8867 18.6763 17.9425 17.7919 17.41 17.2317 17.3522 17.664 18.0433 18.4167 18.882 19.578 20.4346 20.8432 21.3728 22.5812 21.9368 21.4432 
20.146 18.9325 18.1932 18.0468 17.6759 17.4953 17.6162 17.9279 18.2976 18.678 19.1274 19.8183 20.6747 21.0927 21.6122 22.8308 22.1949 21.7115 
20.4111 19.1968 18.4453 18.3052 17.9376 17.7556 17.9107 18.1964 18.5637 18.9308 19.3798 20.0552 20.9099 21.3277 21.8454 23.074 22.4471 21.9666 
20.6639 19.4507 18.6982 18.5662 18.213 18.0205 18.1843 18.4593 18.832 19.1836 19.6215 20.2887 21.1401 21.566 22.0721 23.3201 22.7018 22.2167 
20.9135 19.703 18.9515 18.8293 18.5162 18.2893 18.4522 18.7332 19.0925 19.4449 19.87 20.5268 21.3655 21.7988 22.2927 23.5604 22.9507 22.4621 
21.1599 19.9537 19.2048 19.0938 18.7953 18.5609 18.7301 19.0088 19.3538 19.7054 20.1075 20.7521 21.5864 22.0168 22.5076 23.7849 23.1855 22.7031 
21.4128 20.2121 19.466 19.359 19.0786 18.8343 18.9989 19.2878 19.6152 19.9561 20.3516 20.9836 21.8033 22.2409 22.7287 24.0047 23.416 22.9405 
21.6534 20.4692 19.7266 19.6245 19.3627 19.1085 19.3051 19.5599 19.8761 20.2055 20.5936 21.2041 22.017 22.4617 22.9704 24.2207 23.6429 23.1749 
21.9025 20.7157 19.9866 19.8972 19.6365 19.3829 19.5819 19.8319 20.1361 20.4621 20.8248 21.4306 22.228 22.6687 23.1819 24.434 23.8672 23.4071 
22.1507 20.9711 20.2463 20.1592 19.917 19.6571 19.8583 20.1103 20.395 20.7174 21.0634 21.6554 22.4372 22.8739 23.3838 24.6455 24.1017 23.638 
22.3986 21.2263 20.5057 20.421 20.1971 19.9307 20.1407 20.3774 20.6608 20.9716 21.3008 21.8791 22.6534 23.0781 23.585 24.8681 24.3272 23.8796 
22.6375 21.472 20.7553 20.6826 20.4769 20.2104 20.4116 20.6508 20.9156 21.2248 21.5286 22.1023 22.8692 23.2901 23.7939 25.1166 24.5615 24.1482 
22.8774 21.7185 21.0054 20.9443 20.7457 20.4787 20.6886 20.9129 21.1696 21.4774 21.7649 22.3252 23.0852 23.491 23.992 25.3366 24.785 24.3892 
23.1186 21.9759 21.2662 21.2065 21.0253 20.7469 20.9615 21.1821 21.4231 21.7201 22.0009 22.5483 23.2906 23.7041 24.2026 25.558 25.0187 24.6226 
23.3709 22.226 21.5204 21.48 21.2985 21.0152 21.2345 21.4511 21.6862 21.9719 22.2368 22.7715 23.4964 23.9101 24.4144 25.7693 25.2427 24.8667 
23.6247 22.4777 21.7836 21.7546 21.5794 21.2947 21.5004 21.7125 21.9492 22.2144 22.4629 22.9845 23.7138 24.1249 24.6239 25.982 25.4684 25.102 
23.88 22.731 22.0482 22.0304 21.8613 21.5681 21.7775 21.9821 22.2112 22.4663 22.699 23.1977 23.9315 24.3367 24.8341 26.2071 25.6954 25.3388 
24.1272 22.9858 22.3068 22.3111 22.1379 21.843 22.0486 22.2791 22.5002 22.7186 22.9353 23.4215 24.1492 24.5487 25.0366 26.4327 25.9318 25.5857 
24.3751 23.2416 22.5668 22.5934 22.4163 22.1262 22.3213 22.5533 22.7565 22.9622 23.1619 23.6452 24.3668 24.7523 25.2388 26.6467 26.1683 25.8329 
24.6232 23.4981 22.8279 22.8736 22.6966 22.4113 22.596 22.8187 23.0226 23.2159 23.3989 23.8584 24.5728 24.9552 25.4402 26.8598 26.3954 26.0798 
24.8802 23.7548 23.0898 23.1551 22.9787 22.692 22.8729 23.0964 23.2903 23.4708 23.6365 24.0822 24.7896 25.169 25.652 27.0717 26.6212 26.3257 
25.1264 24.0206 23.3618 23.4414 23.2731 22.9748 23.1521 23.369 23.5518 23.7181 23.865 24.2983 25.0061 25.3744 25.8553 27.2819 26.8454 26.5611 
25.3805 24.2853 23.6263 23.7218 23.563 23.2594 23.4335 23.644 23.8155 23.9672 24.0948 24.5474 25.211 25.579 26.0572 27.5023 27.0673 26.7945 
25.6231 24.5387 23.8897 24.002 23.8537 23.5455 23.7169 23.9214 24.0816 24.2182 24.3259 24.7595 25.4157 25.7902 26.2577 27.7131 27.2866 27.0252 
25.8627 24.7992 24.1587 24.2879 24.1505 23.8326 24.0131 24.2116 24.3601 24.4713 24.5585 24.9829 25.6203 25.9884 26.4567 27.9217 27.503 27.2529 
26.108 25.0475 24.4254 24.5723 24.4469 24.1314 24.3053 24.5038 24.634 24.7264 24.7926 25.2092 25.8362 26.1979 26.6542 28.128 27.7162 27.477 
26.3493 25.3014 24.6893 24.8547 24.7422 24.425 24.6038 24.7925 24.9167 24.9833 25.0281 25.4361 26.0521 26.4065 26.8572 28.3395 27.9259 27.7097 
26.5775 25.542 24.9402 25.1347 25.0361 24.7234 24.8968 25.0708 25.1904 25.2416 25.2647 25.6535 26.2563 26.6015 27.053 28.5346 28.1317 27.9655 
26.8129 25.7886 25.1877 25.4051 25.3226 25.0099 25.1897 25.3494 25.4651 25.5009 25.5111 25.8793 26.4597 26.8027 27.2329 28.7262 28.3334 28.2176 
27.0355 26.0316 25.4405 25.6801 25.6134 25.2957 25.4776 25.6398 25.7404 25.7605 25.7576 26.1045 26.6698 27.0018 27.4232 28.922 28.539 28.4381 
27.2632 26.2607 25.7172 25.9531 25.9031 25.5808 25.7653 25.925 26.0269 26.02 25.994 26.3198 26.8781 27.1902 27.6026 29.1142 28.7406 28.6408 
27.4754 26.4967 25.9666 26.2248 26.1919 25.8656 26.0575 26.2101 26.3132 26.2788 26.2293 26.5335 27.0842 27.384 27.7927 29.2948 28.93 28.8401 
27.6857 26.7314 26.2054 26.4855 26.4808 26.1503 26.3767 26.5067 26.5876 26.5366 26.4728 26.7541 27.2763 27.5754 27.9804 29.4809 29.1255 29.046 
27.8961 26.9571 26.4448 26.7577 26.7649 26.4354 26.672 26.7984 26.8611 26.7929 26.7061 26.9728 27.4782 27.7648 28.1604 29.6501 29.3044 29.2367 
28.1085 27.185 26.6948 27.0319 27.0506 26.7213 26.9673 27.0892 27.1446 27.0581 26.9468 27.1897 27.6703 27.9395 28.34 29.8352 29.4999 29.4292 
28.3252 27.4267 26.9483 27.2983 27.3386 27.0203 27.267 27.3839 27.4207 27.3141 27.1855 27.4054 27.8701 28.1144 28.5208 30.0143 29.6901 29.6261 
28.5573 27.6647 27.2088 27.5797 27.6409 27.316 27.593 27.704 27.6948 27.5681 27.4224 27.6205 28.058 28.2911 28.7045 30.206 29.8944 29.8296 
28.7976 27.9107 27.4755 27.8659 27.9463 27.6177 27.8992 28.0022 27.9738 27.8204 27.6587 27.8252 28.2604 28.485 28.8856 30.404 30.1062 30.0548 
29.0384 28.166 27.739 28.1465 28.2435 27.9206 28.1935 28.2878 28.2413 28.0716 27.8855 28.0317 28.4585 28.6768 29.0738 30.6161 30.3323 30.2815 
29.2899 28.4387 28.0096 28.4427 28.5434 28.2193 28.4869 28.5718 28.5083 28.3313 28.1135 28.2414 28.6622 28.876 29.2832 30.8304 30.561 30.5198 
29.5523 28.7453 28.2967 28.7375 28.8506 28.5234 28.7851 28.8612 28.7751 28.5917 28.3441 28.4559 28.8729 29.0842 29.5024 31.0556 30.8094 30.7701 
29.8248 29.0373 28.5829 29.0409 29.1583 28.8511 29.1061 29.1489 29.0419 28.8438 28.5881 28.687 29.0917 29.3023 29.7213 31.2998 31.0596 31.0411 
30.1062 29.3264 28.8725 29.3451 29.4586 29.1764 29.4016 29.4261 29.3082 29.1066 28.8282 28.9169 29.3187 29.5406 29.9514 31.5456 31.3218 31.3228 
30.4031 29.6285 29.163 29.6508 29.7642 29.4726 29.6826 29.7329 29.573 29.3622 29.0716 29.1523 29.563 29.7876 30.2003 31.802 31.5941 31.6133 
30.6965 29.9244 29.4599 29.953 30.0628 29.754 29.9654 30.035 29.8349 29.6174 29.3244 29.3922 29.8133 30.0328 30.479 32.0667 31.8828 31.9026 
30.9893 30.2163 29.743 30.2452 30.3505 30.0245 30.2389 30.3043 30.0918 29.8702 29.5778 29.6348 30.0589 30.2837 30.7411 32.3454 32.1757 32.1942 
31.2768 30.4991 30.014 30.5137 30.6134 30.2885 30.5001 30.5662 30.3411 30.1287 29.8218 29.878 30.3146 30.5377 30.9984 32.6266 32.4598 32.484 
31.5637 30.7675 30.2762 30.762 30.8548 30.5214 30.7447 30.8405 30.5793 30.3797 30.0708 30.1193 30.5931 30.8012 31.2879 32.9073 32.7502 32.7772 
31.8359 31.0252 30.5155 30.996 31.0822 30.7418 30.9549 31.0676 30.8116 30.6097 30.313 30.3567 30.8414 31.0581 31.5572 33.1789 33.0339 33.0601 
32.0784 31.2488 30.7287 31.1898 31.2842 30.939 31.1534 31.2637 31.027 30.8363 30.5472 30.5992 31.0884 31.3248 31.8259 33.4458 33.2971 33.3185 
32.307 31.4552 30.9134 31.3639 31.4598 31.1117 31.3115 31.444 31.223 31.0489 30.8037 30.869 31.3726 31.6014 32.0911 33.72 33.5609 33.5596 
32.4988 31.6302 31.0507 31.4864 31.5865 31.2378 31.4579 31.598 31.3995 31.2383 31.0367 31.1293 31.6811 31.8852 32.3615 34.0028 33.8223 33.7826 
32.6784 31.7753 31.1761 31.5988 31.6746 31.3276 31.5754 31.7361 31.5457 31.4319 31.2688 31.4001 31.9945 32.2595 32.717 34.289 34.0731 34.0022 
32.8403 31.8816 31.2611 31.7015 31.7732 31.3919 31.641 31.8437 31.6818 31.6105 31.5368 31.6871 32.3533 32.825 33.3606 34.5814 34.3205 34.2102 
32.9814 32.0059 31.37 31.7813 31.8482 31.453 31.7052 31.9678 31.8348 31.8042 31.8508 32.0201 32.7129 33.3369 33.8693 34.8865 34.5638 34.3985 
33.1865 32.1484 31.4778 31.8785 31.9423 31.5354 31.7916 32.1004 32.0014 32.007 32.1115 32.3349 33.088 33.8074 34.6617 35.1968 34.8317 34.6312 
33.3722 32.3016 31.6133 32.019 32.0819 31.6538 31.9138 32.2599 32.1895 32.2236 32.5192 32.7144 33.3921 34.1019 34.971 35.4616 35.0649 34.828 
33.5667 32.4928 31.7804 32.1919 32.2356 31.8221 32.0747 32.4508 32.4014 32.456 32.7532 33.0274 33.656 34.3774 35.2382 35.7185 35.3069 35.0416 
33.7943 32.6968 31.9861 32.4267 32.4262 32.0084 32.2705 32.6701 32.626 32.7301 33.0046 33.271 33.915 34.6631 35.4987 35.9801 35.5532 35.2836 
34.067 33.0004 32.2388 32.6487 32.6831 32.2345 32.5035 32.9044 32.8798 32.9814 33.266 33.5226 34.1744 34.9175 35.753 36.2483 35.8107 35.5414 
34.3174 33.2741 32.5041 32.8815 32.9183 32.4714 32.7461 33.1656 33.1477 33.2533 33.5573 33.7804 34.4391 35.1766 36.0173 36.5193 36.0771 35.8111 
34.579 33.5324 32.8171 33.1313 33.1709 32.7352 33.0135 33.4386 33.4164 33.5241 33.8297 34.0418 34.7007 35.4447 36.2819 36.7853 36.3572 36.0799 
34.9179 33.9102 33.1854 33.4012 33.4441 33.0004 33.281 33.7099 33.69 33.8061 34.1043 34.3042 34.9627 35.7049 36.5474 37.0527 36.631 36.3613 
35.1979 34.1855 33.4536 33.6677 33.714 33.2781 33.5521 33.9838 33.965 34.0797 34.3783 34.5724 35.2228 35.9719 36.8045 37.3191 36.9131 36.635 
35.4768 34.4524 33.7234 33.9348 33.994 33.5565 33.8232 34.2655 34.2385 34.3596 34.6504 34.8377 35.4869 36.2359 37.0584 37.5908 37.1845 36.9395 
35.7769 34.7163 33.9908 34.1995 34.2715 33.824 34.0916 34.5354 34.5085 34.6275 34.9107 35.0996 35.7694 36.4956 37.316 37.8503 37.4516 37.2073 
36.0472 34.9839 34.2535 34.4594 34.5444 34.0868 34.3641 34.8007 34.7737 34.8906 35.1662 35.3569 36.0254 36.7513 37.569 38.1128 37.7136 37.4788 
36.3116 35.2454 34.5016 34.713 34.8024 34.353 34.6214 35.0603 35.0427 35.1577 35.417 35.6099 36.277 36.9949 37.8174 38.3704 37.9788 37.7698 
36.5693 35.491 34.7424 34.959 35.0621 34.6125 34.8818 35.3138 35.3063 35.42 35.6635 35.8598 36.5246 37.2343 38.0537 38.6237 38.2297 38.0553 
36.821 35.729 34.9754 35.2075 35.3143 34.8545 35.126 35.5611 35.5554 35.6781 35.9061 36.1065 36.7599 37.4702 38.294 38.897 38.4842 38.2996 
37.0659 35.9592 35.2003 35.4481 35.5587 35.0888 35.3728 35.8023 35.7995 35.9237 36.1551 36.3415 37.0016 37.7035 38.5311 39.1318 38.7338 38.5377 
37.2939 36.1914 35.4174 35.6695 35.7839 35.3251 35.6023 36.0377 36.0488 36.1659 36.4015 36.5744 37.2411 37.9421 38.7655 39.3727 38.9698 38.7702 
37.5164 36.4175 35.6276 35.8958 36.0113 35.5426 35.825 36.2674 36.2943 36.4047 36.6356 36.8053 37.469 38.1691 38.998 39.6023 39.2118 38.9982 
37.7349 36.6292 35.8325 36.1164 36.2326 35.766 36.0534 36.4918 36.5256 36.6401 36.8772 37.0343 37.6952 38.3946 39.229 39.8387 39.4508 39.223 
37.951 36.838 36.0337 36.3332 36.4393 35.9845 36.2769 36.7112 36.7625 36.8719 37.1082 37.2713 37.9299 38.6289 39.459 40.074 39.6782 39.4461 
38.1666 37.0457 36.2458 36.5477 36.6431 36.1996 36.4967 36.9262 36.9848 37.1102 37.3461 37.5087 38.1915 38.8907 39.6909 40.3006 39.9158 39.6792 
38.3832 37.2543 36.4582 36.7619 36.8456 36.4027 36.7137 37.1496 37.2032 37.3348 37.5822 37.9038 39.0527 39.1568 39.925 40.5377 40.1445 39.913 
38.6127 37.4651 36.6602 36.9673 37.062 36.6184 36.9292 37.3601 37.4179 37.565 37.8148 38.2079 39.3201 39.3912 40.1582 40.7749 40.3743 40.1483 
38.8449 37.6897 36.8654 37.1852 37.27 36.8247 37.1339 37.5686 37.6406 37.7911 38.1075 38.5994 40.0569 39.6873 40.3799 41.0121 40.6053 40.3857 
39.0703 37.9184 37.0747 37.3942 37.4802 37.0322 37.3386 37.7881 37.8621 38.0142 38.3557 38.9833 40.3453 39.9148 40.6073 41.2489 40.8374 40.616 
39.31 38.1513 37.2881 37.607 37.7033 37.2513 37.5436 38.0065 38.0814 38.234 38.5727 39.1994 40.5655 40.1294 40.823 41.4853 41.0814 40.8596 
39.5531 38.3884 37.5058 37.824 37.9175 37.4601 37.7621 38.2245 38.2991 38.4515 38.7867 39.4026 40.8085 40.3414 41.0371 41.7213 41.3265 41.1056 
39.7886 38.6187 37.7277 38.0451 38.1356 37.6719 37.9823 38.4431 38.5162 38.6965 38.9988 39.6134 41.0131 40.5514 41.2499 41.9571 41.5725 41.3429 
40.038 38.853 37.954 38.2711 38.3583 37.8878 38.1933 38.6514 38.7221 38.9104 39.199 39.8127 41.2261 40.7601 41.462 42.1927 41.8194 41.5821 
40.2902 39.0998 38.185 38.513 38.5868 38.1094 38.4096 38.864 38.9314 39.1169 39.4004 40.0123 41.4384 40.9682 41.6736 42.4279 42.0562 41.8231 
40.5339 39.3501 38.4209 38.7609 38.8224 38.3383 38.6332 39.0835 39.1563 39.3279 39.6143 40.2228 41.6411 41.1765 41.8849 42.654 42.2933 42.0653 
40.7798 39.5955 38.662 39.014 39.066 38.5761 38.8658 39.3118 39.4183 39.5567 39.8329 40.4365 41.8829 41.3855 42.0963 42.8792 42.5305 42.3084 
41.0276 39.8445 38.9082 39.2738 39.3184 38.8236 39.1087 39.5601 39.6516 39.793 40.0485 40.6456 42.1015 41.5958 42.308 43.1035 42.7676 42.5612 
41.277 40.105 39.1675 39.5402 39.5795 39.0811 39.3621 39.8182 39.9034 40.036 40.2794 40.8677 42.3209 41.8073 42.5198 43.3265 43.0043 42.8145 
41.5367 40.3683 39.4311 39.8026 39.8489 39.3481 39.6256 40.0855 40.1546 40.2867 40.5159 41.0934 42.5318 42.0194 42.7311 43.5475 43.2488 43.0673 
41.796 40.6247 39.6904 40.0702 40.1257 39.6235 39.9053 40.3609 40.4138 40.5347 40.7569 41.3215 42.7536 42.2415 42.9512 43.7763 43.4906 43.308 
42.0538 40.881 39.9592 40.3517 40.4082 39.9163 40.1917 40.646 40.6889 40.7966 40.9911 41.5401 42.9664 42.4855 43.1921 43.9925 43.7195 43.5554 
42.3077 41.1352 40.228 40.6283 40.7053 40.2088 40.4878 40.9301 40.9611 41.0611 41.2353 41.7673 43.1756 42.6966 43.3991 44.2095 43.9416 43.7881 
42.5536 41.3848 40.497 40.9051 40.9994 40.5055 40.7829 41.2186 41.2363 41.3262 41.4777 41.9904 43.3786 42.8996 43.5896 44.4169 44.1538 44.0121 
42.7784 41.6367 40.7545 41.191 41.2947 40.8053 41.0858 41.51 41.5128 41.5821 41.7162 42.2071 43.5805 43.0919 43.7679 44.6033 44.3529 44.2242 
43.0026 41.8796 41.0135 41.4683 41.5904 41.1071 41.3785 41.8035 41.8008 41.8459 41.9396 42.4065 43.8028 43.2774 43.9311 44.7733 44.5357 44.4214 
43.2127 42.1018 41.2658 41.7423 41.8858 41.4237 41.6853 42.1114 42.0841 42.0997 42.1658 42.5959 43.978 43.4407 44.0772 44.925 44.7179 44.6111 
43.409 42.3234 41.5032 42.0128 42.181 41.741 42.0056 42.4325 42.3811 42.3581 42.376 42.7753 44.1497 43.5979 44.2062 45.0582 44.874 44.8245 
43.582 42.5354 41.7342 42.2929 42.4899 42.0756 42.3693 42.7581 42.6805 42.6035 42.5811 42.9466 44.295 43.7241 44.3201 45.175 45.0248 44.9815 
43.7622 42.7415 41.9944 42.571 42.7992 42.5342 42.7251 43.0742 42.9731 42.8489 42.7937 43.1232 44.4334 43.8413 44.4468 45.3049 45.1421 45.1285 
43.9284 42.9336 42.223 42.8615 43.1148 43.1293 43.1545 43.4374 43.2548 43.1022 43.0072 43.3 44.5709 43.9567 44.5608 45.4207 45.2798 45.2719 
44.1139 43.1276 42.4524 43.1095 43.3861 43.4267 43.4552 43.7317 43.5418 43.3589 43.2252 43.4718 44.7309 44.0984 44.7011 45.542 45.4332 45.4388 
44.3068 43.3377 42.6848 43.3717 43.6717 43.7525 43.7558 44.0253 43.8218 43.6432 43.4401 43.6656 44.9072 44.26 44.8443 45.6963 45.5885 45.6152 
44.495 43.5431 42.9128 43.6298 43.9538 44.0601 44.0547 44.323 44.0973 43.8943 43.6735 43.8731 45.1014 44.4432 45.0026 45.8578 45.7585 45.7864 
44.6949 43.7568 43.1454 43.9007 44.2476 44.366 44.3535 44.61 44.3785 44.1537 43.9077 44.0939 45.3012 44.6338 45.1916 46.0357 45.9441 45.9724 
44.9053 43.989 43.3813 44.1718 44.5398 44.6697 44.6516 44.8997 44.6605 44.4214 44.1601 44.3266 45.5221 44.8456 45.395 46.2292 46.1519 46.1719 
45.1236 44.2172 43.6181 44.4306 44.8174 44.9691 44.9474 45.2022 44.9578 44.6959 44.4216 44.5615 45.7544 45.0694 45.5986 46.4494 46.3718 46.3824 
45.3464 44.4467 43.8631 44.6846 45.0888 45.262 45.2439 45.5031 45.2563 44.975 44.69 44.8051 45.996 45.3034 45.8238 46.6793 46.5939 46.614 
45.5831 44.6863 44.0946 44.9403 45.3595 45.5344 45.5329 45.7879 45.5419 45.2663 44.9625 45.0545 46.2439 45.5442 46.0562 46.9042 46.8341 46.8547 
45.8099 44.913 44.3296 45.1876 45.6438 45.7929 45.803 46.0746 45.8327 45.5555 45.2304 45.3168 46.5199 45.7896 46.2839 47.1337 47.0767 47.0956 
46.0446 45.1315 44.5461 45.4134 45.8881 46.0437 46.0563 46.3485 46.1182 45.8393 45.4964 45.585 46.7814 46.0645 46.5239 47.3655 47.3166 47.334 
46.2726 45.3399 44.7638 45.6379 46.1064 46.2656 46.2999 46.6058 46.3902 46.1086 45.769 45.8525 47.0449 46.3216 46.7694 47.5981 47.556 47.5686 
46.4802 45.5376 44.9614 45.8394 46.3213 46.5143 46.5256 46.8442 46.6347 46.3661 46.0349 46.1177 47.3348 46.5819 47.0131 47.8419 47.7851 47.7872 
46.6912 45.7257 45.1469 46.0431 46.5285 46.7083 46.7367 47.0646 46.8701 46.6165 46.2803 46.3747 47.6044 46.8528 47.2731 48.0924 48.0534 48.0132 
46.8965 45.9163 45.3306 46.2351 46.7219 46.8859 46.9219 47.2709 47.1192 46.8764 46.5441 46.6298 47.8762 47.1243 47.5381 48.3422 48.3036 48.2697 
47.09 46.0879 45.4901 46.4079 46.8849 47.05 47.1111 47.4691 47.3272 47.0833 46.7703 46.8705 48.136 47.4002 47.8086 48.6112 48.5606 48.5025 
47.2882 46.2712 45.657 46.5552 47.0493 47.2051 47.2914 47.658 47.5263 47.2813 46.9815 47.0928 48.38 47.6656 48.0831 48.8842 48.8254 48.7425 
47.4931 46.4588 45.8078 46.7027 47.2121 47.3573 47.448 47.843 47.7211 47.4743 47.1961 47.3116 48.6219 47.9312 48.3471 49.1647 49.0969 48.9897 
47.7056 46.6426 45.9652 46.8554 47.3701 47.5122 47.6266 48.0207 47.9163 47.6671 47.4099 47.542 48.8631 48.1971 48.614 49.4352 49.3605 49.2378 
47.9356 46.835 46.148 47.0266 47.5446 47.6949 47.8043 48.2042 48.1163 47.8638 47.6266 47.774 49.1053 48.4638 48.8825 49.7105 49.6323 49.4793 
48.1731 47.0475 46.3318 47.1909 47.7107 47.8882 47.9993 48.4052 48.3249 48.0805 47.8384 48.005 49.3546 48.7327 49.1531 49.9883 49.9079 49.7391 
48.409 47.2696 46.5363 47.3698 47.9096 48.0941 48.2069 48.6184 48.5449 48.3075 48.0595 48.2317 49.5969 48.9952 49.4135 50.2657 50.1872 50.0041 
48.652 47.4925 46.7529 47.58 48.1172 48.3086 48.4229 48.839 48.7788 48.5365 48.2917 48.4783 49.846 49.2503 49.6801 50.5481 50.4576 50.2627 
48.9113 47.737 46.9746 47.8121 48.3412 48.5455 48.6617 49.075 49.0158 48.7793 48.5451 48.7381 50.1124 49.5215 49.9739 50.8211 50.7314 50.5266 
49.2031 47.9939 47.2207 48.0518 48.5815 48.7847 48.9034 49.3335 49.2677 49.0441 48.811 48.9996 50.3889 49.8016 50.2516 51.0955 51.0077 50.8027 
49.468 48.2622 47.4815 48.3162 48.8483 49.0394 49.168 49.6029 49.5655 49.3203 49.087 49.275 50.6619 50.0816 50.5185 51.3697 51.2921 51.0818 
49.7473 48.5299 47.751 48.5911 49.1267 49.3069 49.4356 49.8829 49.8485 49.6052 49.3691 49.5538 50.9631 50.358 50.7887 51.6696 51.5751 51.3636 
50.0211 48.8016 48.0261 48.8636 49.4035 49.592 49.746 50.1962 50.1393 49.8947 49.6508 49.822 51.258 50.6209 51.0532 51.9427 51.8478 51.6459 
50.294 49.082 48.3271 49.149 49.6941 49.8833 50.0314 50.4914 50.4323 50.1749 49.9269 50.0885 51.52 50.8806 51.3096 52.2096 52.1157 51.9257 
50.5711 49.3517 48.6044 49.428 49.9886 50.1796 50.3292 50.787 50.7217 50.4471 50.1923 50.3426 51.7612 51.1285 51.5471 52.4597 52.3759 52.1999 
50.8327 49.6262 48.9045 49.7417 50.2865 50.4796 50.6188 51.07 50.9938 50.7142 50.4335 50.5727 51.9958 51.3538 51.7812 52.698 52.6257 52.4564 
51.0956 49.8976 49.183 50.0375 50.6142 50.777 50.909 51.3427 51.2846 50.991 50.6927 50.7942 52.2163 51.5731 51.9928 52.9218 52.8628 52.7022 
51.3787 50.1674 49.4534 50.328 50.9402 51.0576 51.1789 51.6711 51.5585 51.2242 50.9396 51.0297 52.423 51.7794 52.1866 53.1368 53.0938 52.9726 
51.6208 50.4264 49.7342 50.6183 51.2367 51.3353 51.4428 51.9036 51.7749 51.4262 51.1316 51.2121 52.6019 51.9587 52.36 53.3197 53.2964 53.2034 
51.8557 50.6958 50.0123 50.9104 51.5307 51.591 51.7122 52.1558 52.0142 51.654 51.3165 51.3705 52.7571 52.122 52.5105 53.4965 53.4804 53.4112 
52.0986 50.9773 50.3112 51.2087 51.8122 51.8438 51.9222 52.3449 52.2025 51.8204 51.4789 51.5037 52.8945 52.2401 52.6361 53.6855 53.6568 53.6064 
52.3475 51.2793 50.6385 51.5358 52.0986 52.1286 52.1221 52.5189 52.3584 51.9782 51.5999 51.6135 53.0108 52.359 52.7617 53.7896 53.8124 53.8036 
52.5883 51.602 50.9959 51.8782 52.4122 52.3985 52.3185 52.7017 52.5045 52.1042 51.7072 51.7084 53.1014 52.4519 52.862 53.9012 53.9339 53.9789 
52.8197 51.9175 51.3501 52.2214 52.7322 52.6731 52.5358 52.8764 52.6683 52.2522 51.8392 51.8296 53.2186 52.5701 52.9591 54.0172 54.0462 54.1443 
53.0468 52.2005 51.671 52.5525 53.0448 52.95 52.7563 53.0714 52.8287 52.3999 51.9936 51.976 53.3388 52.6903 53.0656 54.1267 54.2281 54.3048 
53.263 52.4697 51.971 52.8672 53.3503 53.2286 52.9876 53.2663 53.02 52.578 52.1956 52.139 53.4849 52.8354 53.1906 54.2534 54.3875 54.5689 
53.4672 52.7451 52.2754 53.1679 53.65 53.5236 53.2463 53.527 53.2663 52.7645 52.3651 52.3044 53.652 53.0007 53.3377 54.4199 54.5529 54.7481 
53.7172 52.9847 52.5367 53.4616 53.9584 53.8187 53.5265 53.7868 53.5091 52.9856 52.5687 52.4996 53.8345 53.1811 53.5222 54.5986 54.7363 54.9541 
53.933 53.2139 52.79 53.7417 54.2822 54.1153 53.8247 54.0692 53.8047 53.2977 52.7928 52.7364 54.0675 53.4106 53.7238 54.7944 54.9349 55.1622 
54.1644 53.481 53.0378 54.0353 54.568 54.4152 54.1239 54.3965 54.1009 53.5964 53.1007 52.9617 54.275 53.611 53.9312 55.0023 55.1581 55.3913 
54.3995 53.7208 53.3073 54.2932 54.8426 54.7039 54.4226 54.7104 54.4163 53.8961 53.3699 53.2283 54.6097 53.8226 54.1345 55.2165 55.3787 55.6152 
54.6211 53.945 53.5415 54.5396 55.0947 54.971 54.7142 55.0241 54.7357 54.2057 53.6602 53.4892 54.8482 54.0728 54.341 55.4377 55.5973 55.8348 
54.8304 54.1557 53.7616 54.7691 55.3289 55.2218 54.9984 55.332 55.061 54.5281 53.961 53.7584 55.1218 54.3006 54.5542 55.6489 55.8148 56.0442 
55.0234 54.3485 53.9557 54.968 55.5531 55.4609 55.2605 55.6214 55.372 54.8452 54.2742 54.0514 55.3793 54.5343 54.7629 55.8398 56.0058 56.2395 
55.1992 54.5224 54.1301 55.1615 55.76 55.6785 55.4905 55.8831 55.6782 55.1628 54.5966 54.3554 55.6479 54.7671 54.9706 56.0338 56.1851 56.4199 
55.3677 54.6797 54.2866 55.3351 55.9381 55.8643 55.709 56.133 55.9594 55.4763 54.9234 54.6556 55.9275 55.0204 55.1726 56.2127 56.3658 56.5965 
55.5145 54.8326 54.4367 55.4709 56.1088 56.0316 55.8959 56.3518 56.2298 55.7683 55.2359 54.9766 56.2177 55.2844 55.3817 56.4063 56.5733 56.7925 
55.6348 54.9556 54.5646 55.6059 56.2465 56.1856 56.0675 56.555 56.4865 56.066 55.5732 55.3038 56.5426 55.5599 55.6004 56.6411 56.732 56.9244 
55.7734 55.0816 54.7432 55.7901 56.3806 56.3345 56.2313 56.7599 56.7949 56.3719 55.9057 55.639 56.8718 55.8438 55.842 56.8534 56.9031 57.0658 
55.903 55.2414 54.8885 55.9389 56.5444 56.4882 56.4135 56.9516 57.0109 56.6323 56.2066 55.9293 57.1746 56.1183 56.101 57.0861 57.1015 57.2346 
56.065 55.4492 55.0497 56.1034 56.7149 56.6738 56.6112 57.1952 57.2678 56.9067 56.4637 56.2032 57.4885 56.3948 56.3629 57.33 57.3047 57.4173 
56.2318 55.6251 55.2374 56.2946 56.9048 56.8692 56.8155 57.4208 57.5042 57.1451 56.7245 56.4796 57.7648 56.6747 56.6322 57.5836 57.524 57.6059 
56.4371 55.807 55.436 56.49 57.1228 57.0847 57.0471 57.6522 57.7467 57.4353 56.992 56.7475 58.0321 56.9454 56.8944 57.8349 57.7576 57.8267 
56.6539 56.0119 55.6406 56.7145 57.3541 57.3535 57.2857 57.9014 58.0047 57.7154 57.2676 57.0325 58.3155 57.2197 57.184 58.1001 58.003 58.0548 
56.8997 56.2494 55.8652 56.9454 57.5926 57.6103 57.5428 58.1766 58.2872 58.0067 57.5619 57.3228 58.6029 57.5014 57.4501 58.3687 58.2663 58.3071 
57.1575 56.5017 56.1128 57.2012 57.8573 57.9085 57.8486 58.4675 58.6098 58.3024 57.8624 57.6068 58.8825 57.7841 57.7192 58.6323 58.536 58.5684 
57.4121 56.7597 56.3616 57.4676 58.1349 58.1861 58.1355 58.7732 58.9214 58.6053 58.162 57.8925 59.1677 58.0658 57.9896 58.9042 58.8005 58.8349 
57.6717 57.0255 56.6209 57.7367 58.4171 58.4855 58.4438 59.0832 59.2641 58.9222 58.4856 58.1771 59.4504 58.3429 58.2559 59.1731 59.0642 59.0961 
57.9331 57.2894 56.8945 58.0163 58.7111 58.7883 58.7643 59.4103 59.5867 59.2347 58.7833 58.4657 59.7291 58.6129 58.517 59.4389 59.335 59.3562 
58.1933 57.5549 57.163 58.3027 59.0217 59.1078 59.0953 59.7458 59.9193 59.5437 59.0832 58.7396 59.9906 58.8656 58.7694 59.6969 59.5995 59.6122 
58.4489 57.8183 57.4327 58.6008 59.3633 59.4586 59.4239 60.0758 60.2425 59.8539 59.3658 59.0008 60.2381 59.1051 58.9999 59.9327 59.8429 59.8609 
58.6956 58.0836 57.708 58.9005 59.686 59.7908 59.75 60.4103 60.5654 60.1446 59.6316 59.2443 60.4668 59.3271 59.2136 60.1526 60.0721 60.0979 
58.9368 58.3382 57.9787 59.2009 60.0323 60.1201 60.0807 60.7306 60.8735 60.426 59.8753 59.4646 60.6829 59.5327 59.4051 60.3579 60.2888 60.3258 
59.1575 58.5698 58.2447 59.4923 60.3581 60.4542 60.4127 61.0384 61.1523 60.6763 60.0911 59.6644 60.8972 59.6941 59.5753 60.5196 60.4732 60.5267 
59.3549 58.8273 58.5093 59.7948 60.6859 60.787 60.7517 61.3343 61.4225 60.9098 60.2844 59.8254 61.0245 59.8165 59.6917 60.6555 60.606 60.6951 
59.5282 59.0483 58.7694 60.1169 61.0394 61.1462 61.0977 61.6374 61.6817 61.1041 60.4392 59.9467 61.1028 59.8912 59.7616 60.7219 60.7137 60.8265 
59.6802 59.2578 59.0574 60.4681 61.4466 61.5849 61.592 62.3635 62.1159 61.2834 60.5564 60.0032 61.1238 59.9101 59.777 60.7322 60.7832 60.896 
59.8008 59.4889 59.3721 60.8629 61.933 62.1271 62.2107 62.891 62.4484 61.4265 60.6175 60.0126 61.1582 59.945 59.855 60.8164 60.8225 60.9312 
59.9201 59.7223 59.7187 61.2975 62.4468 62.6971 62.8749 63.5709 62.8112 61.5591 60.6626 60.0224 61.2504 60.341 60.02 60.9357 60.8794 60.9563 
60.0684 59.9675 60.0508 61.7112 62.8993 63.1746 63.341 64.0577 63.2359 61.7544 60.7564 60.0377 61.3931 61.212 61.3634 61.2205 60.9027 61.0052 
60.2743 60.2088 60.3565 62.0771 63.281 63.5757 63.7271 64.3639 63.5853 61.9663 60.8862 60.1322 61.4605 61.5086 61.7713 61.2884 60.9818 61.1216 
60.4538 60.475 60.6342 62.4021 63.6182 63.9281 64.0678 64.6323 63.8136 62.2456 61.1947 60.4813 62.0999 62.8957 63.3348 62.0105 61.2167 61.3215 
60.7456 60.7198 60.9128 62.7032 63.9431 64.2568 64.3673 64.9066 64.0535 62.4769 61.4075 60.6846 62.2976 63.0897 63.5263 62.2115 61.5472 61.6585 
61.0159 61.0012 61.2457 63.0257 64.2632 64.6252 64.6964 65.1967 64.3276 62.7267 61.6387 60.9125 62.5186 63.3124 63.746 62.4646 61.8113 61.8992 
61.2747 61.292 61.5416 63.3408 64.5954 64.9228 64.9957 65.4941 64.6232 63.0077 61.9256 61.1852 62.7605 63.5752 63.9819 62.698 62.0612 62.1548 
61.53 61.5541 61.8142 63.6512 64.9184 65.2262 65.3032 65.8034 64.9232 63.2957 62.1982 61.4521 63.0406 63.8491 64.2845 63.0103 62.3198 62.4098 
61.7829 61.823 62.0829 63.9312 65.232 65.5206 65.6029 66.1011 65.2251 63.5986 62.4878 61.7311 63.3099 64.1094 64.5341 63.2553 62.6029 62.6967 
62.0361 62.0728 62.3422 64.1998 65.5083 65.8004 65.8808 66.3954 65.5206 63.8933 62.782 62.0081 63.5864 64.3752 64.7779 63.5073 62.8543 62.9477 
62.262 62.3016 62.5746 64.4401 65.7634 66.0499 66.1472 66.6698 65.8025 64.1896 63.0773 62.2937 63.8579 64.6343 65.0269 63.7422 63.0849 63.1739 
62.4594 62.5013 62.7857 64.6587 65.9906 66.2828 66.3774 66.9213 66.072 64.4733 63.3663 62.5728 64.1283 64.8956 65.2687 63.9636 63.2953 63.3746 
62.63 62.6722 62.9441 64.8431 66.1823 66.4826 66.5864 67.1483 66.3213 64.7451 63.6516 62.8526 64.4123 65.1424 65.4916 64.1796 63.4799 63.5428 
62.7508 62.7897 63.0684 64.9866 66.3365 66.6271 66.7585 67.3473 66.5453 65.0067 63.9404 63.1432 64.721 65.4059 65.723 64.3819 63.6366 63.6868 
62.7951 62.8247 63.1131 65.0571 66.4512 66.7907 66.8747 67.5208 66.772 65.2727 64.23 63.4608 65.0277 65.6877 65.9627 64.58 63.7702 63.7925 
62.8667 62.8434 63.1809 65.0925 66.4996 66.8289 66.9594 67.6594 66.9905 65.5448 64.5368 63.8002 65.3673 65.9786 66.206 64.7801 63.9137 63.8497 
62.8879 62.8591 63.2056 65.1293 66.5475 66.9096 67.0374 67.7901 67.1826 65.8069 64.8367 64.1359 65.6775 66.2744 66.4577 64.9979 64.0529 63.9494 
63.0393 63.0093 63.3472 65.2367 66.6616 67.0218 67.1635 67.9478 67.3873 66.067 65.1283 64.4471 65.9711 66.5537 66.7039 65.2388 64.2635 64.0832 
63.3501 63.2077 63.5936 65.4424 66.8273 67.2255 67.3288 68.1664 67.6055 66.3162 65.4022 64.7343 66.2468 66.8218 67.0399 65.5182 64.5381 64.3457 
63.55 63.4175 63.7928 65.6459 67.0227 67.4229 67.5187 68.3675 67.8403 66.5697 65.6718 65.0146 66.5182 67.0786 67.2588 65.7381 64.7588 64.5608 
63.7816 63.6502 64.0214 65.8795 67.2513 67.652 67.741 68.6058 68.0824 66.8391 65.9439 65.2923 66.8031 67.3439 67.5329 66.0086 65.0063 64.796 
64.0476 63.9388 64.3041 66.1677 67.5137 67.9138 67.9969 68.8551 68.3488 67.1069 66.2248 65.5757 67.0905 67.6173 67.8058 66.304 65.3038 65.0904 
64.3564 64.242 64.5993 66.4435 67.8149 68.2132 68.2593 69.1188 68.6155 67.3868 66.5041 65.8553 67.374 67.9004 68.0815 66.5944 65.588 65.3798 
64.6562 64.5354 64.8832 66.7537 68.092 68.486 68.5307 69.3981 68.893 67.6652 66.7788 66.1287 67.6514 68.1822 68.3584 66.8845 65.9141 65.6829 
64.9655 64.8389 65.1763 67.0381 68.3821 68.7689 68.8089 69.6738 69.1665 67.9261 67.0349 66.392 67.9106 68.4557 68.6357 67.1722 66.2154 66.0172 
65.2803 65.1489 65.475 67.3566 68.6699 69.0369 69.0678 69.9377 69.4297 68.2086 67.3097 66.6411 68.1614 68.7138 68.9003 67.4505 66.5112 66.3252 
65.5989 65.4645 65.7784 67.654 68.9424 69.302 69.319 70.1746 69.6717 68.4384 67.5323 66.8674 68.3818 68.9508 69.1465 67.713 66.806 66.6383 
65.9111 65.7881 66.0888 67.9429 69.2156 69.5421 69.55 70.3946 69.8798 68.6463 67.7327 67.0521 68.5807 69.1621 69.3604 67.9553 67.0808 66.9396 
66.2344 66.1257 66.3995 68.2301 69.4718 69.7764 69.7586 70.5813 70.0482 68.8123 67.8911 67.2027 68.7487 69.3439 69.5475 68.1748 67.3448 67.2361 
66.601 66.4877 66.9973 68.6004 69.7348 69.9865 69.9775 70.7206 70.1738 68.9196 67.9899 67.364 68.9181 69.5232 69.7479 68.4129 67.6232 67.5262 
66.9677 66.8722 67.4977 68.9431 70.0392 70.2017 70.1405 70.8323 70.272 69.0097 68.0712 67.4092 68.9809 69.6055 69.8845 68.6039 67.8749 67.8264 
67.3318 67.2962 67.9145 69.3362 70.3789 70.4568 70.2797 70.9454 70.3235 69.0324 68.0826 67.4221 69.0105 69.655 69.9927 68.7632 68.1108 68.1413 
67.7405 67.7514 68.362 69.7828 70.7617 70.7344 70.4253 71.03 70.37 69.0482 68.0959 67.4348 69.0264 69.6874 70.0593 68.92 68.4223 68.4651 
68.1262 68.194 68.7977 70.2187 71.1385 70.9959 70.5876 71.1556 70.4331 69.0778 68.1091 67.4467 69.0485 69.7631 70.1519 69.0699 68.6851 68.7709 
68.4816 68.5811 69.1874 70.6248 71.5433 71.327 70.8157 71.3083 70.5269 69.174 68.1516 67.524 69.1313 69.8608 70.3078 69.2619 68.9034 69.0596 
68.8474 68.9788 69.5739 70.9861 71.911 71.6102 71.0265 71.4739 70.6761 69.3103 68.3715 67.613 69.225 69.9687 70.4473 69.4673 69.149 69.3295 
69.1508 69.3061 69.8753 71.301 72.1982 71.8681 71.2448 71.679 70.8978 69.4851 68.5332 67.7977 69.4106 70.1228 70.6138 69.6588 69.4414 69.6975 
69.4165 69.5955 70.1626 71.6051 72.4942 72.1326 71.4908 71.8961 71.1029 69.6778 68.7205 67.9702 69.5832 70.3075 70.8056 69.87 69.6739 69.9519 
69.6937 69.8807 70.4745 71.9035 72.789 72.3972 71.75 72.1325 71.3651 69.9009 68.9564 68.1973 69.7841 70.5121 71.0149 70.0883 69.9196 70.2156 
69.9719 70.1582 70.7519 72.1985 73.0831 72.6813 72.0207 72.393 71.6135 70.1372 69.1783 68.4101 69.9889 70.7201 71.227 70.3275 70.1662 70.4763 
70.2506 70.444 71.0365 72.4902 73.3694 72.9704 72.2911 72.6543 71.8736 70.3756 69.4065 68.6298 70.2139 70.9709 71.457 70.5738 70.4293 70.7501 
70.5309 70.7197 71.3172 72.7778 73.6558 73.2509 72.5731 72.93 72.1315 70.6234 69.6516 68.8891 70.4448 71.1931 71.6918 70.8164 70.6961 71.017 
70.8025 71.0006 71.5861 73.0633 73.9467 73.5376 72.8462 73.1989 72.3935 70.8767 69.8927 69.1191 70.6726 71.4318 71.9557 71.0716 70.9893 71.2841 
71.0792 71.2686 71.8514 73.3447 74.2312 73.8112 73.1262 73.476 72.6654 71.1325 70.1452 69.3538 70.9143 71.6665 72.1915 71.3195 71.2488 71.5577 
71.3424 71.5317 72.1114 73.6112 74.5102 74.0795 73.3934 73.7412 72.9355 71.3878 70.3985 69.5992 71.1579 71.9022 72.4349 71.5745 71.506 71.828 
71.6096 71.789 72.3653 73.88 74.7828 74.3414 73.6545 74.0015 73.2019 71.6407 70.6508 69.8359 71.401 72.1455 72.6684 71.8186 71.7597 72.085 
71.8714 72.0495 72.622 74.1425 75.0391 74.6055 73.9181 74.265 73.4544 71.8895 70.9248 70.0787 71.6424 72.3785 72.9081 72.0596 72.0093 72.3462 
72.1279 72.3305 72.8728 74.3894 75.2889 74.8539 74.1658 74.5132 73.7013 72.1428 71.1704 70.3185 71.8727 72.6174 73.1368 72.3063 72.2547 72.6027 
72.3798 72.5705 73.1182 74.6305 75.5327 75.1058 74.4076 74.7557 73.9525 72.3915 71.4028 70.5458 72.1083 72.8444 73.3947 72.5748 72.4961 72.8552 
72.6551 72.8165 73.3498 74.8769 75.7817 75.3533 74.655 74.9935 74.1993 72.6361 71.6312 70.7695 72.3316 73.0682 73.6252 72.8052 72.7438 73.1042 
72.9007 73.0598 73.5787 75.1101 76.0172 75.5882 74.8994 75.2379 74.4332 72.8775 71.8658 70.9991 72.5521 73.2986 73.8447 73.0425 72.9796 73.3507 
73.145 73.2919 73.8063 75.3422 76.2516 75.8593 75.1319 75.4809 74.6655 73.1174 72.0987 71.2266 72.7794 73.5271 74.0623 73.2692 73.2137 73.586 
73.3887 73.5236 74.0338 75.5744 76.4862 76.1024 75.365 75.7145 74.8982 73.3476 72.3576 71.4445 73.0057 73.7542 74.279 73.5043 73.4562 73.8301 
73.6325 73.7558 74.2622 75.8176 76.7226 76.3376 75.6104 75.9504 75.133 73.5797 72.592 71.6729 73.2236 73.9813 74.5045 73.7651 73.6888 74.0741 
73.867 73.9989 74.5017 76.0625 76.9616 76.576 75.8866 76.1998 75.3814 73.8154 72.829 71.9037 73.4436 74.2101 74.7221 74.0006 73.9318 74.3089 
74.1131 74.2334 74.7331 76.3374 77.2039 76.8182 76.1394 76.454 75.6347 74.0559 73.0703 72.1291 73.6671 74.4419 74.9511 74.2287 74.1667 74.5449 
74.3518 74.4696 74.9666 76.5879 77.4593 77.0646 76.3874 76.7037 75.8927 74.3109 73.3085 72.3594 73.8951 74.6687 75.1834 74.469 74.4138 74.793 
74.5929 74.7181 75.2393 76.841 77.718 77.3153 76.6495 76.9592 76.1567 74.5721 73.561 72.5955 74.1286 74.9005 75.4116 74.7043 74.655 75.0347 
74.8364 74.9599 75.5138 77.0963 77.9707 77.5792 76.9424 77.229 76.4268 74.8396 73.8103 72.8378 74.3679 75.1377 75.653 74.9439 74.8999 75.2879 
75.0818 75.2035 75.7627 77.3534 78.2261 77.837 77.2142 77.4943 76.6929 75.1037 74.0729 73.0929 74.613 75.3803 75.8905 75.1965 75.1579 75.5434 
75.3283 75.4476 76.004 77.6031 78.4832 78.1067 77.4803 77.7737 76.9741 75.3733 74.3407 73.3532 74.8634 75.6276 76.1321 75.4763 75.4431 75.7923 
75.5742 75.6907 76.2517 77.8522 78.7404 78.3687 77.7487 78.0487 77.2524 75.6474 74.6067 73.6116 75.118 75.8786 76.3851 75.7341 75.7032 76.0491 
75.8177 75.9311 76.4965 78.0988 78.9959 78.6301 78.0266 78.3253 77.5335 75.9348 74.886 73.8829 75.3752 76.1318 76.6396 75.9841 75.9547 76.3321 
76.0688 76.179 76.7292 78.3409 79.2475 78.8971 78.2945 78.6016 77.8152 76.2176 75.1616 74.1504 75.643 76.3943 76.8848 76.2413 76.2136 76.5798 
76.3063 76.4133 76.9544 78.5757 79.4926 79.186 78.5582 78.8749 78.095 76.5044 75.4363 74.4171 75.9141 76.6486 77.1269 76.4859 76.4593 76.8214 
76.5337 76.6372 77.1826 78.8 79.7404 79.4327 78.8238 79.1423 78.3701 76.7872 75.7189 74.6913 76.1815 76.898 77.3628 76.7233 76.6965 77.0535 
76.7472 76.8471 77.3904 79.0246 79.9757 79.7041 79.0698 79.4121 78.6494 77.0705 76.0038 74.9672 76.4427 77.1395 77.5895 76.9498 76.9214 77.2798 
76.95 77.0389 77.5807 79.2246 80.1955 79.9322 79.3029 79.6712 78.9142 77.3414 76.2789 75.2327 76.7021 77.3811 77.8036 77.1619 77.1301 77.4743 
77.1319 77.2085 77.7677 79.4039 80.3967 80.1437 79.5323 79.9183 79.1819 77.617 76.5597 75.5027 76.959 77.6035 78.0799 77.395 77.328 77.6633 
77.2996 77.3518 77.9316 79.5592 80.5772 80.3723 79.7466 80.1906 79.4805 77.9261 76.8333 75.7635 77.2025 77.8234 78.2757 77.5635 77.4861 77.8174 
77.43 77.4904 78.0713 79.6872 80.7224 80.5353 79.9467 80.4256 79.757 78.2198 77.1228 76.022 77.4387 78.0224 78.4399 77.7057 77.6351 77.9648 
77.5425 77.5887 78.1727 79.7869 80.8435 80.6946 80.1255 80.6665 80.0448 78.528 77.4226 76.2853 77.6727 78.2093 78.584 77.8198 77.7419 78.0844 
77.5933 77.679 78.2671 79.8634 80.9462 80.8247 80.3005 80.9151 80.3498 78.8577 77.7212 76.5584 77.9086 78.3877 78.7263 77.9088 77.8227 78.1462 
77.6777 77.7629 78.3557 79.9323 81.0438 80.9708 80.4783 81.1712 80.6696 79.1934 78.0458 76.8523 78.1433 78.5599 78.8598 78.0122 77.8913 78.2367 
77.7875 77.8726 78.4689 80.0455 81.154 81.1261 80.6797 81.4282 80.9802 79.5495 78.3801 77.1346 78.3691 78.7282 78.9788 78.1022 77.9999 78.3505 
77.9111 77.9963 78.5947 80.1923 81.3089 81.2995 80.891 81.6833 81.275 79.874 78.6879 77.3979 78.5847 78.8986 79.1105 78.2344 78.1406 78.4764 
78.0665 78.1518 78.7511 80.3575 81.4795 81.496 81.1017 81.9387 81.5555 80.174 78.9724 77.6453 78.7972 79.1168 79.3545 78.4355 78.2994 78.6525 
78.2548 78.34 78.9478 80.5631 81.6916 81.7184 81.372 82.1934 81.8331 80.4476 79.2641 77.892 79.0453 79.3463 79.5467 78.6214 78.4886 78.8575 
78.5498 78.6345 79.1963 80.8635 81.9581 81.9642 81.6222 82.4541 82.0984 80.7441 79.5782 78.2362 79.2986 79.5661 79.761 78.8417 78.7415 79.1112 
78.7932 78.8779 79.4647 81.114 82.2168 82.2177 81.8822 82.727 82.3958 81.0354 79.831 78.471 79.5375 79.794 79.9932 79.0816 78.9774 79.3569 
79.061 79.1443 79.7183 81.3738 82.4804 82.4896 82.1797 83.0249 82.6917 81.3022 80.0885 78.7133 79.7862 80.0343 80.2313 79.3381 79.2678 79.6245 
79.3398 79.4196 79.9952 81.6524 82.7584 82.7537 82.4503 83.2956 82.9618 81.5688 80.3391 78.9663 80.031 80.2813 80.4784 79.5989 79.5506 79.9109 
79.6412 79.7146 80.2783 81.9232 83.0339 83.0211 82.715 83.55 83.2246 81.8285 80.592 79.2083 80.2825 80.5366 80.7373 79.8758 79.8445 80.2135 
79.9446 80.0131 80.558 82.1965 83.291 83.2674 82.9587 83.79 83.4748 82.0765 80.8235 79.4493 80.5277 80.7877 80.9979 80.1496 80.1336 80.5241 
80.2542 80.31 80.8311 82.4586 83.5333 83.509 83.1846 84.0264 83.7083 82.3089 81.0405 79.6684 80.7546 81.0335 81.2553 80.4231 80.4356 80.8268 
80.5494 80.6007 81.0866 82.7065 83.7579 83.7321 83.3981 84.2446 83.9085 82.5256 81.2424 79.875 80.9803 81.2647 81.5339 80.6945 80.7365 81.1287 
80.839 80.8707 81.3611 82.9286 83.9641 83.921 83.575 84.4345 84.0976 82.7274 81.4383 80.0788 81.2243 81.5003 81.7902 80.9762 81.0357 81.4414 
81.1214 81.1574 81.5833 83.1351 84.1623 84.1003 83.7334 84.5877 84.2518 82.9069 81.6083 80.2714 81.4281 81.7637 82.0712 81.2542 81.3308 81.7504 
81.3958 81.3912 81.7929 83.3269 84.3275 84.2432 83.8757 84.726 84.3931 83.1011 81.8112 80.4463 81.6297 82.0003 82.3323 81.5454 81.6384 82.0405 
81.6624 81.6149 81.9907 83.5052 84.4965 84.3936 84.0149 84.8627 84.5344 83.2213 81.9541 80.6592 81.8308 82.2387 82.6083 81.8364 81.9441 82.3407 
81.9255 81.8748 82.19 83.6713 84.6415 84.5203 84.1153 84.9615 84.6417 83.3348 82.1053 80.8275 82.0445 82.4798 82.8873 82.1439 82.249 82.6514 
82.2146 82.1079 82.3689 83.8276 84.7759 84.6362 84.235 85.0506 84.7412 83.4427 82.2359 81.0075 82.2929 82.7639 83.1964 82.4699 82.5989 82.9602 
82.5622 82.3367 82.5421 83.9895 84.9032 84.7449 84.3343 85.1327 84.835 83.5619 82.3777 81.1758 82.5143 83.0321 83.535 82.8418 82.983 83.312 
82.8608 82.5651 82.7142 84.15 85.0282 84.8647 84.4456 85.2118 84.9262 83.652 82.518 81.3555 82.7361 83.3145 83.8667 83.2102 83.3779 83.6684 
83.1823 82.7903 82.8902 84.3021 85.1571 84.9877 84.5274 85.2937 85.0357 83.743 82.645 81.5225 82.9682 83.5936 84.1958 83.5781 83.7736 84.0271 
83.466 83.0237 83.0884 84.465 85.3189 85.1339 84.651 85.3868 85.1523 83.8409 82.7754 81.6887 83.2009 83.8661 84.5173 83.9386 84.1477 84.3707 
83.7546 83.2687 83.3013 84.6455 85.4983 85.2983 84.7827 85.526 85.272 83.9762 82.9136 81.8549 83.45 84.1378 84.8349 84.296 84.4968 84.6967 
84.0505 83.5267 83.5207 84.8586 85.684 85.4671 84.9403 85.6791 85.4141 84.1366 83.0624 82.0674 83.6538 84.3881 85.1308 84.6313 84.8308 85.0171 
84.3503 83.7974 83.7974 85.0938 85.9347 85.7021 85.1329 85.8649 85.5787 84.3132 83.2375 82.2425 83.8499 84.6197 85.4267 84.9427 85.1488 85.331 
84.6482 84.0896 84.071 85.4194 86.2048 85.9526 85.372 86.0636 85.7706 84.4859 83.426 82.4634 84.0485 84.8319 85.6817 85.2591 85.4611 85.6406 
84.9551 84.3828 84.3626 85.6961 86.4711 86.1949 85.624 86.2742 85.9996 84.6765 83.6092 82.6469 84.2712 85.0315 85.9077 85.5297 85.7744 85.9288 
85.2748 84.6881 84.6584 86.0004 86.7504 86.4501 85.8537 86.5246 86.1873 84.8547 83.7902 82.8383 84.4924 85.5693 86.6262 86.2858 86.1442 86.2659 
85.5516 85.0089 84.9625 86.3172 87.047 86.7357 86.1121 86.7436 86.3809 85.0311 83.9635 83.0111 84.6654 85.7618 86.8245 86.5024 86.4081 86.5185 
85.8097 85.285 85.2568 86.6349 87.3588 87.0385 86.386 86.9729 86.5762 85.2009 84.1646 83.1764 84.837 85.9285 86.9962 86.6911 86.6156 86.7431 
86.0414 85.558 85.5543 86.9489 87.6863 87.3456 86.6671 87.2107 86.7821 85.3728 84.2931 83.3049 85.0011 86.0747 87.1549 86.859 86.8035 86.9494 
86.268 85.8367 85.8403 87.2547 88.0118 87.6839 86.9604 87.4566 86.9877 85.5192 84.4057 83.4145 85.149 86.2015 87.2951 87.0071 86.9832 87.1385 
86.4855 86.1109 86.1116 87.5656 88.329 87.9882 87.2639 87.7163 87.1938 85.6783 84.508 83.5112 85.2635 86.3144 87.4123 87.1507 87.1433 87.3273 
86.7037 86.356 86.3834 87.8768 88.6488 88.2966 87.5588 87.9736 87.4016 85.8432 84.6105 83.6311 85.3853 86.4243 87.526 87.2683 87.2796 87.51 
86.9157 86.6015 86.654 88.1691 88.9663 88.6026 87.8549 88.2203 87.6029 86.0198 84.7897 83.7606 85.5036 86.5529 87.6577 87.395 87.4239 87.6981 
87.1367 86.8507 86.9225 88.4582 89.2779 88.9027 88.1338 88.4757 87.8128 86.1984 84.9385 83.9067 85.6823 86.6983 87.7864 87.5409 87.5864 87.8995 
87.3704 87.1068 87.2056 88.7459 89.5713 89.2011 88.4157 88.7302 88.0429 86.3925 85.1221 84.0651 85.8505 86.8655 87.9387 87.7096 87.7712 88.1181 
87.6254 87.3709 87.4916 89.0464 89.8762 89.4973 88.6977 88.9902 88.2727 86.6138 85.3149 84.244 86.0233 87.0378 88.1215 87.9091 87.9874 88.3542 
87.8918 87.6528 87.805 89.342 90.1794 89.7869 89.0032 89.2559 88.5124 86.8395 85.5239 84.4538 86.216 87.2309 88.324 88.1159 88.2225 88.606 
88.1695 87.9327 88.1186 89.6399 90.4683 90.0791 89.2825 89.5251 88.7601 87.0767 85.7468 84.6784 86.426 87.4421 88.537 88.3412 88.4998 88.8964 
88.4451 88.213 88.4045 89.9327 90.7521 90.3638 89.5522 89.787 89.0133 87.3225 85.9809 84.9119 86.6579 87.699 88.7953 88.5898 88.764 89.1633 
88.7217 88.4898 88.6769 90.217 91.0362 90.6415 89.8164 90.0468 89.2771 87.5821 86.2308 85.1537 86.8998 87.9658 89.0407 88.8416 89.0382 89.4363 
89.0026 88.7663 88.9371 90.4791 91.3068 90.8985 90.0709 90.3005 89.5295 87.8423 86.4848 85.4037 87.1751 88.222 89.2899 89.1348 89.3105 89.7108 
89.2752 89.0213 89.1803 90.7234 91.5614 91.1385 90.3194 90.5522 89.7763 88.0921 86.7418 85.6532 87.4379 88.4896 89.5801 89.4125 89.592 89.9897 
89.5358 89.2596 89.4134 90.9453 91.7947 91.357 90.5498 90.778 90.0228 88.3728 87.0013 85.9175 87.7093 88.7704 89.8542 89.7184 89.8971 90.2617 
89.7719 89.4782 89.6234 91.1416 91.9886 91.551 90.7503 90.9993 90.256 88.6131 87.2539 86.1906 88.0166 89.0668 90.1364 90.0075 90.1707 90.5162 
89.9919 89.6763 89.8107 91.3117 92.1648 91.7287 90.9377 91.203 90.4767 88.8468 87.5164 86.4639 88.3126 89.3703 90.4252 90.2987 90.4402 90.7598 
90.2076 89.8556 89.985 91.4782 92.295 91.8625 91.0856 91.3738 90.6746 89.0827 87.7778 86.7442 88.617 89.6828 90.7312 90.5911 90.7055 90.9934 
90.3993 90.0199 90.1435 91.6273 92.4031 91.9751 91.237 91.5292 90.8612 89.3122 88.0262 87.0267 88.9283 90.0024 91.0418 90.8727 90.9682 91.2194 
90.5848 90.187 90.272 91.7414 92.5262 92.1015 91.3647 91.6735 91.0392 89.5361 88.2717 87.3067 89.2298 90.3258 91.3565 91.1685 91.2302 91.4536 
90.7837 90.3534 90.3987 91.8779 92.6309 92.2094 91.5001 91.8246 91.2116 89.7551 88.5133 87.5841 89.5301 90.6363 91.6724 91.4658 91.4939 91.6889 
90.9883 90.5146 90.5516 92.0075 92.74 92.32 91.6365 91.9748 91.3929 89.9704 88.7614 87.8561 89.8259 90.9689 91.975 91.7518 91.7659 91.9257 
91.2023 90.7018 90.7145 92.1471 92.859 92.4386 91.7656 92.1151 91.574 90.2132 89.0355 88.1578 90.1859 91.3926 92.3452 92.0397 92.0302 92.1699 
91.427 90.8907 90.8894 92.2995 93.0138 92.5682 91.9243 92.28 91.7454 90.4234 89.2803 88.4347 90.5143 91.759 92.6785 92.3321 92.3051 92.4162 
91.6631 91.103 91.078 92.466 93.1814 92.7101 92.0916 92.4404 91.9351 90.6649 89.5791 88.7497 90.8195 92.155 93.0757 92.6267 92.586 92.6725 
91.9128 91.3271 91.2759 92.656 93.343 92.8648 92.2485 92.6256 92.1338 90.8795 89.8339 88.9942 91.1064 92.4354 93.3609 92.921 92.881 92.9384 
92.1765 91.5537 91.4745 92.8436 93.5279 93.0317 92.4334 92.8085 92.3275 91.0957 90.0877 89.2363 91.3653 92.7157 93.6444 93.2165 93.1772 93.2242 
92.4494 91.792 91.6958 93.0531 93.7085 93.219 92.6576 93.0067 92.5257 91.3013 90.3146 89.4767 91.622 92.9822 93.926 93.5153 93.4769 93.5165 
92.7291 92.0493 91.9275 93.2697 93.9016 93.4001 92.8515 93.1956 92.7375 91.5099 90.533 89.7069 91.8732 93.2463 94.2086 93.8021 93.7816 93.8128 
93.0127 92.3049 92.1677 93.4931 94.1059 93.5926 93.0468 93.393 92.9497 91.7315 90.7537 89.9375 92.1483 93.5132 94.4821 94.087 94.0856 94.1057 
93.2975 92.5723 92.4134 93.7253 94.3204 93.7958 93.2602 93.6077 93.1691 91.9463 90.9864 90.1694 92.4014 93.778 94.753 94.3688 94.387 94.3971 
93.5807 92.8404 92.6626 93.9549 94.5519 94.0174 93.4776 93.8264 93.3968 92.168 91.2132 90.4033 92.6543 94.0408 95.0251 94.6802 94.6835 94.6844 
93.859 93.107 92.9029 94.1969 94.7769 94.2428 93.6907 94.0414 93.6289 92.4057 91.4536 90.6482 92.9071 94.3014 95.2927 94.9858 94.9674 94.9649 
94.131 93.3673 93.1485 94.4364 95.0417 94.4615 93.9119 94.2656 93.8668 92.6492 91.6901 90.8962 93.2185 94.5621 95.5549 95.2597 95.2418 95.2356 
94.3822 93.6069 93.3853 94.6599 95.263 94.6924 94.1474 94.506 94.1019 92.8902 91.9409 91.1481 93.468 94.9226 95.8048 95.5183 95.5126 95.4944 
94.6181 93.8312 93.599 94.8836 95.4886 94.9197 94.4107 94.777 94.3532 93.1379 92.198 91.3956 93.7176 95.208 96.0483 95.7748 95.7621 95.7392 
94.8464 94.0499 93.8058 95.0938 95.691 95.1289 94.6409 95.0112 94.6091 93.4265 92.4627 91.6558 93.9679 95.4653 96.2952 96.0224 96.0095 95.9787 
95.0572 94.24 94.0293 95.2762 95.8777 95.3268 94.8651 95.2539 94.8684 93.6877 92.7263 91.9238 94.2199 95.7221 96.531 96.2637 96.2458 96.1922 
95.2408 94.4109 94.192 95.4491 96.0562 95.5199 95.1093 95.4911 95.1289 93.988 93.0297 92.1918 94.4851 95.9745 96.7747 96.5011 96.4724 96.4021 
95.4102 94.5646 94.3474 95.5821 96.2143 95.6779 95.3059 95.707 95.3762 94.2709 93.3236 92.4995 94.7848 96.231 97.0137 96.7391 96.6828 96.6023 
95.5829 94.7055 94.4673 95.7173 96.3366 95.8327 95.4706 95.9062 95.6214 94.5493 93.6188 92.7948 95.0703 96.5048 97.2691 96.9811 96.9046 96.7987 
95.7379 94.8406 94.5765 95.8469 96.4645 95.9524 95.6314 96.0843 95.8513 94.8066 93.9103 93.092 95.3647 96.783 97.5332 97.2322 97.1335 96.9852 
95.9126 94.9778 94.7064 95.9786 96.5901 96.0804 95.7805 96.2963 96.0521 95.1749 94.1881 93.4028 95.6503 97.0681 97.8067 97.5005 97.3745 97.1819 
96.1359 95.143 94.8492 96.0983 96.7223 96.26 95.926 96.5028 96.2475 95.419 94.4775 93.6818 95.9444 97.3669 98.0841 97.7806 97.6223 97.4051 
96.3318 95.3121 94.9936 96.2504 96.8699 96.4085 96.0768 96.7124 96.5743 96.0647 94.7152 93.9441 96.2269 97.6623 98.3637 98.0688 97.8838 97.636 
96.5466 95.5137 95.2095 96.4252 97.0199 96.5746 96.3365 96.8936 96.766 96.2725 94.9459 94.2007 96.4955 97.9484 98.6505 98.356 98.1555 97.8912 
96.7789 95.7229 95.4009 96.6225 97.2947 96.7991 96.5137 97.1227 96.9626 96.5529 95.1636 94.4993 96.7533 98.2218 98.9291 98.6635 98.438 98.1477 
97.0331 95.9591 95.6205 96.8393 97.4974 96.9961 96.7178 97.3335 97.2012 96.7925 95.4938 94.7464 97.0151 98.4692 99.2102 98.9289 98.7096 98.4186 
97.2844 96.2079 95.8538 97.07 97.7241 97.2062 96.9372 97.543 97.4191 97.007 95.7339 95.0249 97.2363 98.8084 99.443 99.189 99.004 98.6797 
97.5457 96.4543 96.0995 97.3419 97.9637 97.4676 97.2374 97.7688 97.6414 97.2135 95.935 95.2217 97.472 99.0245 99.7283 99.4554 99.2586 98.9676 
97.8014 96.7044 96.3461 97.6021 98.2882 97.9487 97.545 98.0705 97.8644 97.4199 96.1324 95.4227 97.6709 99.2277 99.9357 99.6786 99.4982 99.2171 
98.0508 96.9653 96.8307 97.9052 98.5573 98.225 97.7892 98.3072 98.089 97.6249 96.3377 95.6068 97.8616 99.4202 100.131 99.8863 99.7229 99.4542 
98.2911 97.215 97.1429 98.1913 98.841 98.5123 98.0615 98.6237 98.3064 97.8384 96.5666 95.7829 98.033 99.5996 100.304 100.082 99.9221 99.6784 
98.5207 97.4905 97.5204 98.5078 99.1353 99.1013 98.7591 98.958 98.5696 98.0809 96.7572 95.991 98.2042 99.7685 100.473 100.255 100.107 99.8779 
98.7408 97.7306 97.7694 98.7863 99.4484 99.6 99.2495 99.2478 98.8444 98.2964 96.9757 96.1474 98.3548 99.9306 100.626 100.459 100.29 100.066 
98.9435 97.9656 98.0147 99.0679 99.7634 99.9884 99.6357 99.5423 99.1032 98.5198 97.1643 96.3476 98.5468 100.116 100.759 100.613 100.462 100.247 
99.1555 98.1981 98.2571 99.3346 100.067 100.304 99.9718 99.8356 99.3655 98.7429 97.3504 96.5064 98.7021 100.261 100.906 100.77 100.618 100.438 
99.3586 98.4325 98.509 99.5987 100.359 100.608 100.268 100.119 99.6223 98.9755 97.5598 96.6786 98.855 100.401 101.058 100.938 100.794 100.621 
99.5684 98.6699 98.7609 99.8723 100.636 100.921 100.619 100.408 99.8837 99.2253 97.7811 96.8657 99.0248 100.559 101.219 101.113 100.967 100.814 
99.7961 98.9114 99.0139 100.145 100.917 101.206 100.903 100.687 100.149 99.4823 98.0132 97.0668 99.211 100.735 101.383 101.289 101.169 101.028 
100.02 99.1478 99.2687 100.406 101.198 101.483 101.18 100.971 100.424 99.7452 98.245 97.2888 99.4224 100.927 101.576 101.49 101.385 101.24 
100.252 99.3984 99.5158 100.676 101.477 101.758 101.456 101.245 100.699 100.035 98.4925 97.5453 99.6445 101.132 101.775 101.692 101.599 101.463 
100.5 99.6433 99.7734 100.946 101.756 102.039 101.73 101.519 100.964 100.301 98.7446 97.7837 99.8746 101.356 101.994 101.905 101.824 101.694 
100.753 99.8907 100.032 101.207 102.033 102.317 102.002 101.79 101.23 100.57 98.9995 98.0264 100.11 101.579 102.22 102.126 102.056 101.931 
100.998 100.149 100.29 101.467 102.308 102.593 102.272 102.06 101.504 100.839 99.2465 98.2714 100.341 101.815 102.442 102.364 102.294 102.173 
101.244 100.433 100.548 101.733 102.572 102.857 102.547 102.326 101.767 101.097 99.4931 98.5088 100.582 102.044 102.676 102.598 102.535 102.417 
101.502 100.691 100.795 101.998 102.833 103.127 102.809 102.588 102.036 101.352 99.7383 98.7541 100.815 102.284 102.912 102.833 102.778 102.662 
101.749 100.947 101.049 102.251 103.1 103.385 103.077 102.847 102.303 101.605 99.9902 98.998 101.048 102.515 103.139 103.077 103.031 102.918 
102.004 101.202 101.301 102.51 103.364 103.649 103.333 103.104 102.558 101.865 100.24 99.2403 101.287 102.744 103.374 103.312 103.274 103.172 
102.257 101.446 101.551 102.758 103.617 103.902 103.586 103.367 102.81 102.123 100.489 99.4812 101.525 102.981 103.599 103.555 103.524 103.415 
102.499 101.687 101.799 103.004 103.867 104.162 103.848 103.62 103.061 102.37 100.736 99.7206 101.753 103.216 103.83 103.796 103.764 103.665 
102.748 101.925 102.036 103.257 104.116 104.412 104.134 103.881 103.311 102.616 100.982 99.9499 101.979 103.44 104.052 104.025 104.01 103.913 
102.994 102.171 102.28 103.499 104.373 104.669 104.392 104.132 103.56 102.861 101.227 100.187 102.204 103.663 104.28 104.252 104.244 104.159 
103.229 102.415 102.521 103.739 104.618 104.925 104.65 104.381 103.808 103.106 101.463 100.423 102.438 103.886 104.499 104.487 104.486 104.393 
103.462 102.647 102.761 103.988 104.862 105.17 104.933 104.63 104.056 103.351 101.698 100.66 102.671 104.117 104.725 104.721 104.728 104.625 
103.704 102.878 103 104.234 105.114 105.414 105.188 104.878 104.304 103.595 101.943 100.896 102.895 104.338 104.952 104.946 104.958 104.867 
103.946 103.119 103.238 104.47 105.355 105.656 105.433 105.125 104.551 103.839 102.188 101.132 103.12 104.57 105.17 105.18 105.189 105.109 
104.187 103.36 103.475 104.705 105.595 105.898 105.686 105.371 104.806 104.082 102.433 101.394 103.345 104.793 105.389 105.406 105.43 105.341 
104.429 103.6 103.702 104.939 105.834 106.138 105.938 105.616 105.06 104.325 102.677 101.631 103.58 105.016 105.609 105.642 105.672 105.573 
104.662 103.841 103.94 105.173 106.083 106.388 106.18 105.869 105.304 104.567 102.912 101.869 103.815 105.249 105.829 105.878 105.915 105.806 
104.906 104.083 104.178 105.417 106.322 106.627 106.43 106.122 105.557 104.818 103.146 102.106 104.041 105.483 106.059 106.107 106.15 106.051 
105.151 104.317 104.417 105.662 106.571 106.875 106.68 106.364 105.798 105.067 103.379 102.342 104.267 105.708 106.289 106.346 106.395 106.288 
105.398 104.551 104.657 105.897 106.819 107.123 106.929 106.614 106.048 105.306 103.611 102.602 104.492 105.934 106.521 106.585 106.642 106.535 
105.636 104.787 104.925 106.143 107.058 107.362 107.168 106.854 106.325 105.579 103.842 102.837 104.718 106.159 106.752 106.826 106.88 106.784 
105.885 105.024 105.167 106.38 107.298 107.6 107.416 107.103 106.574 105.816 104.082 103.072 104.942 106.384 106.975 107.058 107.129 107.024 
106.135 105.271 105.41 106.627 107.538 107.839 107.664 107.352 106.812 106.062 104.311 103.33 105.167 106.618 107.198 107.299 107.378 107.265 
106.375 105.51 105.643 106.876 107.789 108.088 107.903 107.592 107.051 106.298 104.549 103.563 105.39 106.851 107.421 107.54 107.617 107.516 
106.616 105.758 105.888 107.116 108.041 108.328 108.153 107.832 107.29 106.544 104.787 103.786 105.613 107.074 107.642 107.771 107.856 107.766 
106.857 106.007 106.133 107.357 108.285 108.58 108.405 108.074 107.539 106.817 105.016 104.018 105.835 107.305 107.863 108.009 108.103 108.006 
107.096 106.246 106.369 107.599 108.53 108.824 108.648 108.318 107.791 107.064 105.254 104.25 106.064 107.534 108.09 108.238 108.349 108.255 
107.336 106.495 106.615 107.842 108.777 109.081 108.895 108.573 108.034 107.303 105.484 104.482 106.294 107.754 108.308 108.473 108.593 108.502 
107.574 106.734 106.852 108.087 109.036 109.339 109.153 108.822 108.289 107.544 105.724 104.705 106.514 107.981 108.533 108.698 108.826 108.748 
107.811 106.972 107.089 108.331 109.286 109.6 109.413 109.073 108.546 107.786 105.957 104.929 106.734 108.209 108.757 108.931 109.068 108.993 
108.048 107.21 107.326 108.585 109.537 109.851 109.675 109.325 108.805 108.03 106.2 105.164 106.956 108.428 108.982 109.164 109.3 109.228 
108.284 107.447 107.561 108.829 109.796 110.112 109.928 109.579 109.065 108.276 106.445 105.4 107.18 108.658 109.199 109.398 109.532 109.463 
108.52 107.693 107.805 109.081 110.054 110.371 110.19 109.833 109.327 108.532 106.683 105.63 107.415 108.882 109.427 109.634 109.766 109.707 
108.756 107.937 108.074 109.33 110.309 110.628 110.45 110.086 109.58 108.79 106.932 105.871 107.644 109.109 109.649 109.862 110.01 109.952 
108.999 108.17 108.313 109.576 110.56 110.872 110.707 110.337 109.841 109.049 107.207 106.106 107.877 109.339 109.875 110.103 110.255 110.197 
109.242 108.411 108.538 109.817 110.805 111.118 110.959 110.586 110.102 109.31 107.461 106.342 108.121 109.573 110.113 110.347 110.503 110.432 
109.473 108.639 108.771 110.082 111.043 111.358 111.206 110.84 110.352 109.569 107.707 106.591 108.367 109.811 110.346 110.593 110.742 110.667 
109.7 108.863 108.997 110.304 111.263 111.59 111.436 111.081 110.61 109.828 107.955 106.845 108.611 110.052 110.59 110.841 110.982 110.91 
109.931 109.089 109.203 110.528 111.484 111.813 111.669 111.327 110.867 110.079 108.204 107.096 108.857 110.296 110.837 111.082 111.221 111.15 
110.144 109.295 109.414 110.728 111.694 112.056 111.893 111.558 111.122 110.33 108.455 107.376 109.112 110.553 111.079 111.334 111.458 111.376 
110.349 109.506 109.609 110.92 111.885 112.256 112.097 111.786 111.367 110.593 108.709 107.634 109.369 110.818 111.334 111.578 111.702 111.596 
110.548 109.711 109.805 111.112 112.078 112.449 112.297 112.051 111.614 110.862 108.977 107.901 109.636 111.082 111.594 111.832 111.945 111.821 
113.573 112.788 112.701 113.525 112.294 112.635 112.536 112.278 111.901 111.14 109.255 108.204 109.914 111.384 111.862 112.115 112.185 112.069 
113.656 113.043 112.892 113.647 113.346 112.85 112.774 112.548 112.199 111.429 109.605 108.503 110.227 111.679 112.159 112.403 112.452 112.846 
113.746 113.225 113.172 113.786 113.399 113.063 112.983 112.826 112.509 111.791 109.945 108.836 110.558 112.039 112.468 112.673 112.761 113.111 
113.792 113.434 113.451 113.886 113.497 113.278 113.201 113.087 112.832 112.214 110.418 109.219 110.976 112.417 112.789 112.974 113.122 113.376 
113.808 113.678 113.664 113.947 113.661 113.549 113.432 113.386 113.203 112.702 111.3 110.683 111.606 112.891 113.19 113.32 113.379 113.566 
113.84 113.791 113.901 113.961 113.796 113.781 113.746 113.673 113.63 113.368 112.573 112.556 113.014 113.479 113.57 113.678 113.712 113.766 
114 114 114 114 114 114 114 114 114 114 114 114 114 114 114 114 114 114 
