version 5
n_node 863
0 233.490234375 172.353515625 0.651515152 1 0.00000
1 233.490234375 173.003906250 0.651515152 0 0.00000
2 112.517578125 173.654296875 0.651515152 1 0.00000
3 233.490234375 173.654296875 1.303030303 0 0.00000
4 112.517578125 174.304687500 1.303030303 0 0.00000
5 233.490234375 174.304687500 1.954545455 0 0.00000
6 112.517578125 174.955078125 1.954545455 0 0.00000
7 232.839843750 174.955078125 2.606060606 0 0.00000
8 112.517578125 175.605468750 2.606060606 0 0.00000
9 232.839843750 175.605468750 3.257575758 0 0.00000
10 112.517578125 176.255859375 3.257575758 0 0.00000
11 232.839843750 176.255859375 3.909090909 0 0.00000
12 112.517578125 176.906250000 3.909090909 0 0.00000
13 232.839843750 176.906250000 3.909090909 0 0.00000
14 112.517578125 177.556640625 4.560606061 0 0.00000
15 232.839843750 177.556640625 4.560606061 0 0.00000
16 112.517578125 178.207031250 4.560606061 0 0.00000
17 232.839843750 178.207031250 5.212121212 0 0.00000
18 112.517578125 178.857421875 5.212121212 0 0.00000
19 232.839843750 178.857421875 5.863636364 0 0.00000
20 112.517578125 179.507812500 5.863636364 0 0.00000
21 232.189453125 179.507812500 6.515151515 0 0.00000
22 112.517578125 180.158203125 6.515151515 0 0.00000
23 232.189453125 180.158203125 7.166666667 0 0.00000
24 112.517578125 180.808593750 7.166666667 0 0.00000
25 232.189453125 180.808593750 7.818181818 0 0.00000
26 112.517578125 181.458984375 7.818181818 0 0.00000
27 232.189453125 181.458984375 8.469696970 0 0.00000
28 112.517578125 182.109375000 8.469696970 0 0.00000
29 232.189453125 182.109375000 9.121212121 0 0.00000
30 113.167968750 182.759765625 9.121212121 0 0.00000
31 232.189453125 182.759765625 9.772727273 0 0.00000
32 113.167968750 183.410156250 9.772727273 0 0.00000
33 232.189453125 182.759765625 10.424242424 0 0.00000
34 113.167968750 183.410156250 10.424242424 0 0.00000
35 232.189453125 183.410156250 11.075757576 0 0.00000
36 113.167968750 184.060546875 11.075757576 0 0.00000
37 232.189453125 183.410156250 11.727272727 0 0.00000
38 113.167968750 184.710937500 11.727272727 0 0.00000
39 232.189453125 184.060546875 12.378787879 0 0.00000
40 113.167968750 184.710937500 12.378787879 0 0.00000
41 231.539062500 184.710937500 13.030303030 0 0.00000
42 113.167968750 185.361328125 13.030303030 0 0.00000
43 231.539062500 184.710937500 13.681818182 0 0.00000
44 113.167968750 186.011718750 13.681818182 0 0.00000
45 231.539062500 184.710937500 14.333333333 0 0.00000
46 113.167968750 186.011718750 14.333333333 0 0.00000
47 231.539062500 185.361328125 14.984848485 0 0.00000
48 113.167968750 186.662109375 14.984848485 0 0.00000
49 230.888671875 185.361328125 15.636363636 0 0.00000
50 113.818359375 186.662109375 15.636363636 0 0.00000
51 230.888671875 185.361328125 16.287878788 0 0.00000
52 113.818359375 187.312500000 16.287878788 0 0.00000
53 230.238281250 186.011718750 16.939393939 0 0.00000
54 113.818359375 187.312500000 16.939393939 0 0.00000
55 230.238281250 186.011718750 17.590909091 0 0.00000
56 113.818359375 187.962890625 17.590909091 0 0.00000
57 230.238281250 186.662109375 18.242424242 0 0.00000
58 113.818359375 187.962890625 18.242424242 0 0.00000
59 229.587890625 186.662109375 18.893939394 0 0.00000
60 113.818359375 187.962890625 18.893939394 0 0.00000
61 229.587890625 187.312500000 19.545454545 0 0.00000
62 113.818359375 188.613281250 19.545454545 0 0.00000
63 229.587890625 187.312500000 20.196969697 0 0.00000
64 114.468750000 188.613281250 20.196969697 0 0.00000
65 228.937500000 187.312500000 20.848484848 0 0.00000
66 114.468750000 188.613281250 20.848484848 0 0.00000
67 228.937500000 187.962890625 21.500000000 0 0.00000
68 114.468750000 188.613281250 21.500000000 0 0.00000
69 228.937500000 187.962890625 22.151515152 0 0.00000
70 114.468750000 189.263671875 22.151515152 0 0.00000
71 228.937500000 187.962890625 22.803030303 0 0.00000
72 114.468750000 189.263671875 22.803030303 0 0.00000
73 228.287109375 188.613281250 23.454545455 0 0.00000
74 115.119140625 189.263671875 23.454545455 0 0.00000
75 228.287109375 188.613281250 24.106060606 0 0.00000
76 115.119140625 189.263671875 24.106060606 0 0.00000
77 228.287109375 188.613281250 24.757575758 0 0.00000
78 115.119140625 189.263671875 24.757575758 0 0.00000
79 228.287109375 188.613281250 25.409090909 0 0.00000
80 115.119140625 189.263671875 25.409090909 0 0.00000
81 212.677734375 217.230468750 25.409090909 1 0.00000
82 228.287109375 188.613281250 26.060606061 0 0.00000
83 115.769531250 189.263671875 26.060606061 0 0.00000
84 212.677734375 215.929687500 26.060606061 0 0.00000
85 212.677734375 216.580078125 26.060606061 0 0.00000
86 115.769531250 189.263671875 26.712121212 0 0.00000
87 227.636718750 189.263671875 26.712121212 0 0.00000
88 212.677734375 215.279296875 26.712121212 0 0.00000
89 115.769531250 189.263671875 27.363636364 0 0.00000
90 227.636718750 189.263671875 27.363636364 0 0.00000
91 212.677734375 214.628906250 27.363636364 0 0.00000
92 115.769531250 188.613281250 28.015151515 0 0.00000
93 227.636718750 189.263671875 28.015151515 0 0.00000
94 213.328125000 213.328125000 28.015151515 0 0.00000
95 212.677734375 213.978515625 28.015151515 0 0.00000
96 116.419921875 188.613281250 28.666666667 0 0.00000
97 227.636718750 189.914062500 28.666666667 0 0.00000
98 125.525390625 200.970703125 28.666666667 1 0.00000
99 213.328125000 212.677734375 28.666666667 0 0.00000
100 117.070312500 188.613281250 29.318181818 0 0.00000
101 227.636718750 189.914062500 29.318181818 0 0.00000
102 125.525390625 200.320312500 29.318181818 0 0.00000
103 213.328125000 212.027343750 29.318181818 0 0.00000
104 116.419921875 187.962890625 29.969696970 0 0.00000
105 227.636718750 189.914062500 29.969696970 0 0.00000
106 125.525390625 199.669921875 29.969696970 0 0.00000
107 213.328125000 210.726562500 29.969696970 0 0.00000
108 213.328125000 211.376953125 29.969696970 0 0.00000
109 117.070312500 187.962890625 30.621212121 0 0.00000
110 227.636718750 190.564453125 30.621212121 0 0.00000
111 126.175781250 199.669921875 30.621212121 0 0.00000
112 213.978515625 208.775390625 30.621212121 0 0.00000
113 213.978515625 209.425781250 30.621212121 0 0.00000
114 213.978515625 210.076171875 30.621212121 0 0.00000
115 117.720703125 187.962890625 31.272727273 0 0.00000
116 227.636718750 190.564453125 31.272727273 0 0.00000
117 126.175781250 199.019531250 31.272727273 0 0.00000
118 213.978515625 207.474609375 31.272727273 0 0.00000
119 213.978515625 208.125000000 31.272727273 0 0.00000
120 118.371093750 187.312500000 31.924242424 0 0.00000
121 227.636718750 191.214843750 31.924242424 0 0.00000
122 126.175781250 198.369140625 31.924242424 0 0.00000
123 213.978515625 206.824218750 31.924242424 0 0.00000
124 119.021484375 187.312500000 32.575757576 0 0.00000
125 226.986328125 191.214843750 32.575757576 0 0.00000
126 126.175781250 198.369140625 32.575757576 0 0.00000
127 213.978515625 206.824218750 32.575757576 0 0.00000
128 119.021484375 186.662109375 33.227272727 0 0.00000
129 226.986328125 191.865234375 33.227272727 0 0.00000
130 126.175781250 197.718750000 33.227272727 0 0.00000
131 213.978515625 206.173828125 33.227272727 0 0.00000
132 119.671875000 186.662109375 33.878787879 0 0.00000
133 226.986328125 191.865234375 33.878787879 0 0.00000
134 126.826171875 196.417968750 33.878787879 0 0.00000
135 126.175781250 197.068359375 33.878787879 0 0.00000
136 213.328125000 205.523437500 33.878787879 0 0.00000
137 120.322265625 186.011718750 34.530303030 0 0.00000
138 226.335937500 192.515625000 34.530303030 0 0.00000
139 127.476562500 195.117187500 34.530303030 0 0.00000
140 126.826171875 195.767578125 34.530303030 0 0.00000
141 212.677734375 204.873046875 34.530303030 0 0.00000
142 120.972656250 186.011718750 35.181818182 0 0.00000
143 226.335937500 192.515625000 35.181818182 0 0.00000
144 128.126953125 194.466796875 35.181818182 0 0.00000
145 212.677734375 204.873046875 35.181818182 0 0.00000
146 122.273437500 184.710937500 35.833333333 0 0.00000
147 121.623046875 185.361328125 35.833333333 0 0.00000
148 225.685546875 193.166015625 35.833333333 0 0.00000
149 128.777343750 193.816406250 35.833333333 0 0.00000
150 129.427734375 193.816406250 35.833333333 0 0.00000
151 212.027343750 204.873046875 35.833333333 0 0.00000
152 122.923828125 184.060546875 36.484848485 0 0.00000
153 130.078125000 193.166015625 36.484848485 0 0.00000
154 225.685546875 193.166015625 36.484848485 0 0.00000
155 212.027343750 204.873046875 36.484848485 0 0.00000
156 122.923828125 183.410156250 37.136363636 0 0.00000
157 130.728515625 193.166015625 37.136363636 0 0.00000
158 225.035156250 193.816406250 37.136363636 0 0.00000
159 211.376953125 204.222656250 37.136363636 0 0.00000
160 124.875000000 181.458984375 37.787878788 0 0.00000
161 124.224609375 182.109375000 37.787878788 0 0.00000
162 123.574218750 182.759765625 37.787878788 0 0.00000
163 131.378906250 192.515625000 37.787878788 0 0.00000
164 225.035156250 193.816406250 37.787878788 0 0.00000
165 210.726562500 204.222656250 37.787878788 0 0.00000
166 126.175781250 180.158203125 38.439393939 0 0.00000
167 126.826171875 180.158203125 38.439393939 0 0.00000
168 125.525390625 180.808593750 38.439393939 0 0.00000
169 141.785156250 183.410156250 38.439393939 0 0.00000
170 141.134765625 184.060546875 38.439393939 0 0.00000
171 140.484375000 184.710937500 38.439393939 0 0.00000
172 139.183593750 185.361328125 38.439393939 0 0.00000
173 139.833984375 185.361328125 38.439393939 0 0.00000
174 138.533203125 186.011718750 38.439393939 0 0.00000
175 132.679687500 190.564453125 38.439393939 0 0.00000
176 132.029296875 191.214843750 38.439393939 0 0.00000
177 132.029296875 191.865234375 38.439393939 0 0.00000
178 225.035156250 194.466796875 38.439393939 0 0.00000
179 210.076171875 203.572265625 38.439393939 0 0.00000
180 128.126953125 178.857421875 39.090909091 0 0.00000
181 127.476562500 179.507812500 39.090909091 0 0.00000
182 143.085937500 182.109375000 39.090909091 0 0.00000
183 142.435546875 182.759765625 39.090909091 0 0.00000
184 137.232421875 186.011718750 39.090909091 0 0.00000
185 136.582031250 186.662109375 39.090909091 0 0.00000
186 137.882812500 186.662109375 39.090909091 0 0.00000
187 135.931640625 187.312500000 39.090909091 0 0.00000
188 135.281250000 187.962890625 39.090909091 0 0.00000
189 134.630859375 188.613281250 39.090909091 0 0.00000
190 133.980468750 189.263671875 39.090909091 0 0.00000
191 133.330078125 189.914062500 39.090909091 0 0.00000
192 224.384765625 194.466796875 39.090909091 0 0.00000
193 209.425781250 203.572265625 39.090909091 0 0.00000
194 128.777343750 177.556640625 39.742424242 0 0.00000
195 128.777343750 178.207031250 39.742424242 0 0.00000
196 144.386718750 180.808593750 39.742424242 0 0.00000
197 143.736328125 181.458984375 39.742424242 0 0.00000
198 224.384765625 195.117187500 39.742424242 0 0.00000
199 208.125000000 202.271484375 39.742424242 0 0.00000
200 208.775390625 202.921875000 39.742424242 0 0.00000
201 130.728515625 175.605468750 40.393939394 0 0.00000
202 129.427734375 176.906250000 40.393939394 0 0.00000
203 146.988281250 178.857421875 40.393939394 0 0.00000
204 146.337890625 179.507812500 40.393939394 0 0.00000
205 145.037109375 180.158203125 40.393939394 0 0.00000
206 145.687500000 180.158203125 40.393939394 0 0.00000
207 223.734375000 195.117187500 40.393939394 0 0.00000
208 207.474609375 202.271484375 40.393939394 0 0.00000
209 134.630859375 171.703125000 41.045454545 0 0.00000
210 133.330078125 173.003906250 41.045454545 0 0.00000
211 132.679687500 173.654296875 41.045454545 0 0.00000
212 132.029296875 174.304687500 41.045454545 0 0.00000
213 131.378906250 174.955078125 41.045454545 0 0.00000
214 130.728515625 176.255859375 41.045454545 0 0.00000
215 130.078125000 176.906250000 41.045454545 0 0.00000
216 150.890625000 177.556640625 41.045454545 0 0.00000
217 151.541015625 177.556640625 41.045454545 0 0.00000
218 152.191406250 177.556640625 41.045454545 0 0.00000
219 152.841796875 177.556640625 41.045454545 0 0.00000
220 153.492187500 177.556640625 41.045454545 0 0.00000
221 148.939453125 178.207031250 41.045454545 0 0.00000
222 149.589843750 178.207031250 41.045454545 0 0.00000
223 150.240234375 178.207031250 41.045454545 0 0.00000
224 147.638671875 178.857421875 41.045454545 0 0.00000
225 148.289062500 178.857421875 41.045454545 0 0.00000
226 223.734375000 195.117187500 41.045454545 0 0.00000
227 206.824218750 202.921875000 41.045454545 0 0.00000
228 136.582031250 169.751953125 41.696969697 0 0.00000
229 135.931640625 170.402343750 41.696969697 0 0.00000
230 135.281250000 171.052734375 41.696969697 0 0.00000
231 133.980468750 171.703125000 41.696969697 0 0.00000
232 133.330078125 172.353515625 41.696969697 0 0.00000
233 154.142578125 176.906250000 41.696969697 0 0.00000
234 223.083984375 195.767578125 41.696969697 0 0.00000
235 206.173828125 202.921875000 41.696969697 0 0.00000
236 137.882812500 168.451171875 42.348484848 0 0.00000
237 138.533203125 168.451171875 42.348484848 0 0.00000
238 137.232421875 169.101562500 42.348484848 0 0.00000
239 154.792968750 176.906250000 42.348484848 0 0.00000
240 222.433593750 195.767578125 42.348484848 0 0.00000
241 204.873046875 202.921875000 42.348484848 0 0.00000
242 205.523437500 202.921875000 42.348484848 0 0.00000
243 139.183593750 167.800781250 43.000000000 0 0.00000
244 139.833984375 167.800781250 43.000000000 0 0.00000
245 155.443359375 176.255859375 43.000000000 0 0.00000
246 221.783203125 195.767578125 43.000000000 0 0.00000
247 204.222656250 202.921875000 43.000000000 0 0.00000
248 140.484375000 167.150390625 43.651515152 0 0.00000
249 156.093750000 175.605468750 43.651515152 0 0.00000
250 221.132812500 196.417968750 43.651515152 0 0.00000
251 202.921875000 202.921875000 43.651515152 0 0.00000
252 203.572265625 202.921875000 43.651515152 0 0.00000
253 141.134765625 166.500000000 44.303030303 0 0.00000
254 156.744140625 174.955078125 44.303030303 0 0.00000
255 220.482421875 196.417968750 44.303030303 0 0.00000
256 202.271484375 202.921875000 44.303030303 0 0.00000
257 141.785156250 165.849609375 44.954545455 0 0.00000
258 157.394531250 174.304687500 44.954545455 0 0.00000
259 219.832031250 196.417968750 44.954545455 0 0.00000
260 201.621093750 202.271484375 44.954545455 0 0.00000
261 142.435546875 165.199218750 45.606060606 0 0.00000
262 157.394531250 173.654296875 45.606060606 0 0.00000
263 219.181640625 196.417968750 45.606060606 0 0.00000
264 200.970703125 202.271484375 45.606060606 0 0.00000
265 142.435546875 164.548828125 46.257575758 0 0.00000
266 157.394531250 173.003906250 46.257575758 0 0.00000
267 218.531250000 196.417968750 46.257575758 0 0.00000
268 200.320312500 202.271484375 46.257575758 0 0.00000
269 143.085937500 164.548828125 46.909090909 0 0.00000
270 157.394531250 171.703125000 46.909090909 0 0.00000
271 157.394531250 172.353515625 46.909090909 0 0.00000
272 217.230468750 196.417968750 46.909090909 0 0.00000
273 217.880859375 196.417968750 46.909090909 0 0.00000
274 199.669921875 201.621093750 46.909090909 0 0.00000
275 143.736328125 163.898437500 47.560606061 0 0.00000
276 156.744140625 170.402343750 47.560606061 0 0.00000
277 156.744140625 171.052734375 47.560606061 0 0.00000
278 216.580078125 196.417968750 47.560606061 0 0.00000
279 199.019531250 200.970703125 47.560606061 0 0.00000
280 144.386718750 163.248046875 48.212121212 0 0.00000
281 156.744140625 169.101562500 48.212121212 0 0.00000
282 156.744140625 169.751953125 48.212121212 0 0.00000
283 215.929687500 196.417968750 48.212121212 0 0.00000
284 199.019531250 201.621093750 48.212121212 0 0.00000
285 145.037109375 162.597656250 48.863636364 0 0.00000
286 145.687500000 162.597656250 48.863636364 0 0.00000
287 156.093750000 167.800781250 48.863636364 0 0.00000
288 156.093750000 168.451171875 48.863636364 0 0.00000
289 215.279296875 196.417968750 48.863636364 0 0.00000
290 198.369140625 200.970703125 48.863636364 0 0.00000
291 146.337890625 161.947265625 49.515151515 0 0.00000
292 156.093750000 167.150390625 49.515151515 0 0.00000
293 214.628906250 195.767578125 49.515151515 0 0.00000
294 197.718750000 200.320312500 49.515151515 0 0.00000
295 146.337890625 161.947265625 50.166666667 0 0.00000
296 155.443359375 166.500000000 50.166666667 0 0.00000
297 213.978515625 195.767578125 50.166666667 0 0.00000
298 197.718750000 199.669921875 50.166666667 0 0.00000
299 146.988281250 161.947265625 50.818181818 0 0.00000
300 155.443359375 165.849609375 50.818181818 0 0.00000
301 213.978515625 195.767578125 50.818181818 0 0.00000
302 197.068359375 199.019531250 50.818181818 0 0.00000
303 147.638671875 161.296875000 51.469696970 0 0.00000
304 155.443359375 164.548828125 51.469696970 0 0.00000
305 155.443359375 165.199218750 51.469696970 0 0.00000
306 213.328125000 195.767578125 51.469696970 0 0.00000
307 196.417968750 197.718750000 51.469696970 0 0.00000
308 196.417968750 198.369140625 51.469696970 0 0.00000
309 148.289062500 161.296875000 52.121212121 0 0.00000
310 155.443359375 162.597656250 52.121212121 0 0.00000
311 155.443359375 163.248046875 52.121212121 0 0.00000
312 155.443359375 163.898437500 52.121212121 0 0.00000
313 212.677734375 195.767578125 52.121212121 0 0.00000
314 195.767578125 197.068359375 52.121212121 0 0.00000
315 149.589843750 160.646484375 52.772727273 0 0.00000
316 148.939453125 161.296875000 52.772727273 0 0.00000
317 155.443359375 161.296875000 52.772727273 0 0.00000
318 156.093750000 161.947265625 52.772727273 0 0.00000
319 195.767578125 185.361328125 52.772727273 0 0.00000
320 196.417968750 186.011718750 52.772727273 0 0.00000
321 196.417968750 186.662109375 52.772727273 0 0.00000
322 197.068359375 187.312500000 52.772727273 0 0.00000
323 197.718750000 187.962890625 52.772727273 0 0.00000
324 197.718750000 189.263671875 52.772727273 0 0.00000
325 197.718750000 189.914062500 52.772727273 0 0.00000
326 197.068359375 190.564453125 52.772727273 0 0.00000
327 212.027343750 195.767578125 52.772727273 0 0.00000
328 195.767578125 196.417968750 52.772727273 0 0.00000
329 150.240234375 160.646484375 53.424242424 0 0.00000
330 150.890625000 160.646484375 53.424242424 0 0.00000
331 151.541015625 160.646484375 53.424242424 0 0.00000
332 156.093750000 160.646484375 53.424242424 0 0.00000
333 195.767578125 184.710937500 53.424242424 0 0.00000
334 199.019531250 189.263671875 53.424242424 0 0.00000
335 199.669921875 189.914062500 53.424242424 0 0.00000
336 197.718750000 191.214843750 53.424242424 0 0.00000
337 197.068359375 191.865234375 53.424242424 0 0.00000
338 196.417968750 193.166015625 53.424242424 0 0.00000
339 195.767578125 195.117187500 53.424242424 0 0.00000
340 210.726562500 195.117187500 53.424242424 0 0.00000
341 211.376953125 195.117187500 53.424242424 0 0.00000
342 195.767578125 195.767578125 53.424242424 0 0.00000
343 152.841796875 159.996093750 54.075757576 0 0.00000
344 156.744140625 159.996093750 54.075757576 0 0.00000
345 152.191406250 160.646484375 54.075757576 0 0.00000
346 195.767578125 184.060546875 54.075757576 0 0.00000
347 200.320312500 190.564453125 54.075757576 0 0.00000
348 200.970703125 190.564453125 54.075757576 0 0.00000
349 197.068359375 192.515625000 54.075757576 0 0.00000
350 196.417968750 193.816406250 54.075757576 0 0.00000
351 195.767578125 194.466796875 54.075757576 0 0.00000
352 209.425781250 194.466796875 54.075757576 0 0.00000
353 210.076171875 195.117187500 54.075757576 0 0.00000
354 153.492187500 159.345703125 54.727272727 0 0.00000
355 156.093750000 159.345703125 54.727272727 0 0.00000
356 195.117187500 183.410156250 54.727272727 0 0.00000
357 201.621093750 191.214843750 54.727272727 0 0.00000
358 204.873046875 193.166015625 54.727272727 0 0.00000
359 206.824218750 193.816406250 54.727272727 0 0.00000
360 207.474609375 193.816406250 54.727272727 0 0.00000
361 208.125000000 194.466796875 54.727272727 0 0.00000
362 208.775390625 194.466796875 54.727272727 0 0.00000
363 154.142578125 158.695312500 55.378787879 0 0.00000
364 154.792968750 158.695312500 55.378787879 0 0.00000
365 195.117187500 182.759765625 55.378787879 0 0.00000
366 202.271484375 191.214843750 55.378787879 0 0.00000
367 202.921875000 191.865234375 55.378787879 0 0.00000
368 203.572265625 191.865234375 55.378787879 0 0.00000
369 204.222656250 192.515625000 55.378787879 0 0.00000
370 205.523437500 193.166015625 55.378787879 0 0.00000
371 206.173828125 193.816406250 55.378787879 0 0.00000
372 156.093750000 158.695312500 56.030303030 0 0.00000
373 194.466796875 182.109375000 56.030303030 0 0.00000
374 155.443359375 158.044921875 56.681818182 0 0.00000
375 193.816406250 180.808593750 56.681818182 0 0.00000
376 194.466796875 181.458984375 56.681818182 0 0.00000
377 155.443359375 158.044921875 57.333333333 0 0.00000
378 193.816406250 180.158203125 57.333333333 0 0.00000
379 156.093750000 158.044921875 57.984848485 0 0.00000
380 193.816406250 179.507812500 57.984848485 0 0.00000
381 156.093750000 158.044921875 58.636363636 0 0.00000
382 193.166015625 178.207031250 58.636363636 0 0.00000
383 193.166015625 178.857421875 58.636363636 0 0.00000
384 155.443359375 158.044921875 59.287878788 0 0.00000
385 193.166015625 177.556640625 59.287878788 0 0.00000
386 156.093750000 158.044921875 59.939393939 0 0.00000
387 192.515625000 176.906250000 59.939393939 0 0.00000
388 156.093750000 158.044921875 60.590909091 0 0.00000
389 192.515625000 176.255859375 60.590909091 0 0.00000
390 156.093750000 158.044921875 61.242424242 0 0.00000
391 192.515625000 174.955078125 61.242424242 0 0.00000
392 192.515625000 175.605468750 61.242424242 0 0.00000
393 155.443359375 157.394531250 61.893939394 0 0.00000
394 192.515625000 174.304687500 61.893939394 0 0.00000
395 155.443359375 157.394531250 62.545454545 0 0.00000
396 192.515625000 173.654296875 62.545454545 0 0.00000
397 154.792968750 157.394531250 63.196969697 0 0.00000
398 192.515625000 173.003906250 63.196969697 0 0.00000
399 155.443359375 157.394531250 63.848484848 0 0.00000
400 191.865234375 173.003906250 63.848484848 0 0.00000
401 155.443359375 156.744140625 64.500000000 0 0.00000
402 192.515625000 171.703125000 64.500000000 0 0.00000
403 191.865234375 172.353515625 64.500000000 0 0.00000
404 154.792968750 156.744140625 65.151515152 0 0.00000
405 192.515625000 171.052734375 65.151515152 0 0.00000
406 155.443359375 156.744140625 65.803030303 0 0.00000
407 192.515625000 170.402343750 65.803030303 0 0.00000
408 155.443359375 156.093750000 66.454545455 0 0.00000
409 191.865234375 169.751953125 66.454545455 0 0.00000
410 154.792968750 156.093750000 67.106060606 0 0.00000
411 192.515625000 169.751953125 67.106060606 0 0.00000
412 155.443359375 156.093750000 67.757575758 0 0.00000
413 191.865234375 169.101562500 67.757575758 0 0.00000
414 155.443359375 155.443359375 68.409090909 0 0.00000
415 191.865234375 168.451171875 68.409090909 0 0.00000
416 155.443359375 155.443359375 69.060606061 0 0.00000
417 191.865234375 168.451171875 69.060606061 0 0.00000
418 155.443359375 155.443359375 69.712121212 0 0.00000
419 192.515625000 167.800781250 69.712121212 0 0.00000
420 155.443359375 154.792968750 70.363636364 0 0.00000
421 193.166015625 167.800781250 70.363636364 0 0.00000
422 154.792968750 154.792968750 71.015151515 0 0.00000
423 193.816406250 167.800781250 71.015151515 0 0.00000
424 155.443359375 154.792968750 71.666666667 0 0.00000
425 193.816406250 167.150390625 71.666666667 0 0.00000
426 155.443359375 154.792968750 72.318181818 0 0.00000
427 193.816406250 166.500000000 72.318181818 0 0.00000
428 154.792968750 154.142578125 72.969696970 0 0.00000
429 194.466796875 165.849609375 72.969696970 0 0.00000
430 154.792968750 154.142578125 73.621212121 0 0.00000
431 194.466796875 165.849609375 73.621212121 0 0.00000
432 154.792968750 154.142578125 74.272727273 0 0.00000
433 193.166015625 163.248046875 74.272727273 0 0.00000
434 193.816406250 163.898437500 74.272727273 0 0.00000
435 194.466796875 165.199218750 74.272727273 0 0.00000
436 154.792968750 154.142578125 74.924242424 0 0.00000
437 192.515625000 162.597656250 74.924242424 0 0.00000
438 194.466796875 164.548828125 74.924242424 0 0.00000
439 154.792968750 154.142578125 75.575757576 0 0.00000
440 192.515625000 161.947265625 75.575757576 0 0.00000
441 154.142578125 153.492187500 76.227272727 0 0.00000
442 192.515625000 161.947265625 76.227272727 0 0.00000
443 154.142578125 153.492187500 76.878787879 0 0.00000
444 192.515625000 161.947265625 76.878787879 0 0.00000
445 154.792968750 153.492187500 77.530303030 0 0.00000
446 191.865234375 161.296875000 77.530303030 0 0.00000
447 154.142578125 152.841796875 78.181818182 0 0.00000
448 191.865234375 161.296875000 78.181818182 0 0.00000
449 153.492187500 152.841796875 78.833333333 0 0.00000
450 191.865234375 161.296875000 78.833333333 0 0.00000
451 152.841796875 152.191406250 79.484848485 0 0.00000
452 191.214843750 161.296875000 79.484848485 0 0.00000
453 152.841796875 152.191406250 80.136363636 0 0.00000
454 190.564453125 160.646484375 80.136363636 0 0.00000
455 152.841796875 152.191406250 80.787878788 0 0.00000
456 189.914062500 160.646484375 80.787878788 0 0.00000
457 152.841796875 152.191406250 81.439393939 0 0.00000
458 189.263671875 159.996093750 81.439393939 0 0.00000
459 152.841796875 152.191406250 82.090909091 0 0.00000
460 189.263671875 159.996093750 82.090909091 0 0.00000
461 152.191406250 152.191406250 82.742424242 0 0.00000
462 188.613281250 159.345703125 82.742424242 0 0.00000
463 151.541015625 151.541015625 83.393939394 0 0.00000
464 187.962890625 158.695312500 83.393939394 0 0.00000
465 151.541015625 151.541015625 84.045454545 0 0.00000
466 187.962890625 158.695312500 84.045454545 0 0.00000
467 151.541015625 151.541015625 84.696969697 0 0.00000
468 187.312500000 158.695312500 84.696969697 0 0.00000
469 152.191406250 152.191406250 85.348484848 0 0.00000
470 186.662109375 158.044921875 85.348484848 0 0.00000
471 151.541015625 151.541015625 86.000000000 0 0.00000
472 186.011718750 158.695312500 86.000000000 0 0.00000
473 150.890625000 151.541015625 86.651515152 0 0.00000
474 186.011718750 158.044921875 86.651515152 0 0.00000
475 150.890625000 151.541015625 87.303030303 0 0.00000
476 185.361328125 158.044921875 87.303030303 0 0.00000
477 150.240234375 151.541015625 87.954545455 0 0.00000
478 185.361328125 158.044921875 87.954545455 0 0.00000
479 150.240234375 151.541015625 88.606060606 0 0.00000
480 184.710937500 157.394531250 88.606060606 0 0.00000
481 150.240234375 151.541015625 89.257575758 0 0.00000
482 184.710937500 158.044921875 89.257575758 0 0.00000
483 150.240234375 151.541015625 89.909090909 0 0.00000
484 184.060546875 157.394531250 89.909090909 0 0.00000
485 150.240234375 151.541015625 90.560606061 0 0.00000
486 183.410156250 156.744140625 90.560606061 0 0.00000
487 150.240234375 151.541015625 91.212121212 0 0.00000
488 182.759765625 156.744140625 91.212121212 0 0.00000
489 149.589843750 151.541015625 91.863636364 0 0.00000
490 182.109375000 156.744140625 91.863636364 0 0.00000
491 149.589843750 151.541015625 92.515151515 0 0.00000
492 181.458984375 156.744140625 92.515151515 0 0.00000
493 148.939453125 150.890625000 93.166666667 0 0.00000
494 181.458984375 156.744140625 93.166666667 0 0.00000
495 148.289062500 150.890625000 93.818181818 0 0.00000
496 180.158203125 156.093750000 93.818181818 0 0.00000
497 180.808593750 156.093750000 93.818181818 0 0.00000
498 147.638671875 150.890625000 94.469696970 0 0.00000
499 179.507812500 156.093750000 94.469696970 0 0.00000
500 147.638671875 150.890625000 95.121212121 0 0.00000
501 178.857421875 156.093750000 95.121212121 0 0.00000
502 146.988281250 150.890625000 95.772727273 0 0.00000
503 178.207031250 155.443359375 95.772727273 0 0.00000
504 146.988281250 150.890625000 96.424242424 0 0.00000
505 178.207031250 155.443359375 96.424242424 0 0.00000
506 146.988281250 150.890625000 97.075757576 0 0.00000
507 177.556640625 154.792968750 97.075757576 0 0.00000
508 146.337890625 150.890625000 97.727272727 0 0.00000
509 176.255859375 154.792968750 97.727272727 0 0.00000
510 176.906250000 154.792968750 97.727272727 0 0.00000
511 145.687500000 150.890625000 98.378787879 0 0.00000
512 175.605468750 154.792968750 98.378787879 0 0.00000
513 145.687500000 150.890625000 99.030303030 0 0.00000
514 174.955078125 154.792968750 99.030303030 0 0.00000
515 146.337890625 151.541015625 99.681818182 0 0.00000
516 174.955078125 154.792968750 99.681818182 0 0.00000
517 145.687500000 151.541015625 100.333333333 0 0.00000
518 174.304687500 154.142578125 100.333333333 0 0.00000
519 145.687500000 151.541015625 100.984848485 0 0.00000
520 174.304687500 154.142578125 100.984848485 0 0.00000
521 145.037109375 151.541015625 101.636363636 0 0.00000
522 173.654296875 154.142578125 101.636363636 0 0.00000
523 144.386718750 151.541015625 102.287878788 0 0.00000
524 172.353515625 153.492187500 102.287878788 0 0.00000
525 173.003906250 153.492187500 102.287878788 0 0.00000
526 144.386718750 151.541015625 102.939393939 0 0.00000
527 171.052734375 152.841796875 102.939393939 0 0.00000
528 171.703125000 152.841796875 102.939393939 0 0.00000
529 143.736328125 151.541015625 103.590909091 0 0.00000
530 170.402343750 152.841796875 103.590909091 0 0.00000
531 143.085937500 151.541015625 104.242424242 0 0.00000
532 170.402343750 152.841796875 104.242424242 0 0.00000
533 143.085937500 151.541015625 104.893939394 0 0.00000
534 169.751953125 152.841796875 104.893939394 0 0.00000
535 143.085937500 151.541015625 105.545454545 0 0.00000
536 169.751953125 152.841796875 105.545454545 0 0.00000
537 142.435546875 152.191406250 106.196969697 0 0.00000
538 169.101562500 152.841796875 106.196969697 0 0.00000
539 142.435546875 152.191406250 106.848484848 0 0.00000
540 168.451171875 152.841796875 106.848484848 0 0.00000
541 141.785156250 152.191406250 107.500000000 0 0.00000
542 167.150390625 152.841796875 107.500000000 0 0.00000
543 167.800781250 152.841796875 107.500000000 0 0.00000
544 141.785156250 152.191406250 108.151515152 0 0.00000
545 166.500000000 152.841796875 108.151515152 0 0.00000
546 141.134765625 152.191406250 108.803030303 0 0.00000
547 166.500000000 152.191406250 108.803030303 0 0.00000
548 140.484375000 152.191406250 109.454545455 0 0.00000
549 165.849609375 152.191406250 109.454545455 0 0.00000
550 140.484375000 152.191406250 110.106060606 0 0.00000
551 165.199218750 152.191406250 110.106060606 0 0.00000
552 164.548828125 151.541015625 110.757575758 0 0.00000
553 139.833984375 152.191406250 110.757575758 0 0.00000
554 163.898437500 151.541015625 111.409090909 0 0.00000
555 139.833984375 152.191406250 111.409090909 0 0.00000
556 163.248046875 151.541015625 112.060606061 0 0.00000
557 139.833984375 152.191406250 112.060606061 0 0.00000
558 162.597656250 151.541015625 112.712121212 0 0.00000
559 139.833984375 152.841796875 112.712121212 0 0.00000
560 161.947265625 151.541015625 113.363636364 0 0.00000
561 139.833984375 152.841796875 113.363636364 0 0.00000
562 161.296875000 151.541015625 114.015151515 0 0.00000
563 139.183593750 152.841796875 114.015151515 0 0.00000
564 160.646484375 150.890625000 114.666666667 0 0.00000
565 138.533203125 152.841796875 114.666666667 0 0.00000
566 159.996093750 150.890625000 115.318181818 0 0.00000
567 137.882812500 152.841796875 115.318181818 0 0.00000
568 159.345703125 150.240234375 115.969696970 0 0.00000
569 137.882812500 152.841796875 115.969696970 0 0.00000
570 158.695312500 150.240234375 116.621212121 0 0.00000
571 137.882812500 152.841796875 116.621212121 0 0.00000
572 158.044921875 150.240234375 117.272727273 0 0.00000
573 137.882812500 153.492187500 117.272727273 0 0.00000
574 157.394531250 150.240234375 117.924242424 0 0.00000
575 137.232421875 153.492187500 117.924242424 0 0.00000
576 156.744140625 150.240234375 118.575757576 0 0.00000
577 136.582031250 153.492187500 118.575757576 0 0.00000
578 156.093750000 150.240234375 119.227272727 0 0.00000
579 135.931640625 153.492187500 119.227272727 0 0.00000
580 156.093750000 149.589843750 119.878787879 0 0.00000
581 135.931640625 153.492187500 119.878787879 0 0.00000
582 154.792968750 149.589843750 120.530303030 0 0.00000
583 155.443359375 149.589843750 120.530303030 0 0.00000
584 135.931640625 154.142578125 120.530303030 0 0.00000
585 154.142578125 149.589843750 121.181818182 0 0.00000
586 135.281250000 154.142578125 121.181818182 0 0.00000
587 154.142578125 149.589843750 121.833333333 0 0.00000
588 135.281250000 154.142578125 121.833333333 0 0.00000
589 152.841796875 148.939453125 122.484848485 0 0.00000
590 153.492187500 148.939453125 122.484848485 0 0.00000
591 134.630859375 154.142578125 122.484848485 0 0.00000
592 152.191406250 148.939453125 123.136363636 0 0.00000
593 133.980468750 154.142578125 123.136363636 0 0.00000
594 151.541015625 148.939453125 123.787878788 0 0.00000
595 133.330078125 154.792968750 123.787878788 0 0.00000
596 150.890625000 148.939453125 124.439393939 0 0.00000
597 132.679687500 154.792968750 124.439393939 0 0.00000
598 150.240234375 148.939453125 125.090909091 0 0.00000
599 132.679687500 155.443359375 125.090909091 0 0.00000
600 149.589843750 148.939453125 125.742424242 0 0.00000
601 148.939453125 149.589843750 125.742424242 0 0.00000
602 132.029296875 155.443359375 125.742424242 0 0.00000
603 147.638671875 148.939453125 126.393939394 0 0.00000
604 148.289062500 148.939453125 126.393939394 0 0.00000
605 132.029296875 155.443359375 126.393939394 0 0.00000
606 146.988281250 148.939453125 127.045454545 0 0.00000
607 131.378906250 155.443359375 127.045454545 0 0.00000
608 146.988281250 148.939453125 127.696969697 0 0.00000
609 131.378906250 155.443359375 127.696969697 0 0.00000
610 146.337890625 148.939453125 128.348484848 0 0.00000
611 131.378906250 156.093750000 128.348484848 0 0.00000
612 146.337890625 148.939453125 129.000000000 0 0.00000
613 130.728515625 156.093750000 129.000000000 0 0.00000
614 145.687500000 148.939453125 129.651515152 0 0.00000
615 130.728515625 156.093750000 129.651515152 0 0.00000
616 145.037109375 148.939453125 130.303030303 0 0.00000
617 129.427734375 156.093750000 130.303030303 0 0.00000
618 130.078125000 156.093750000 130.303030303 0 0.00000
619 144.386718750 148.289062500 130.954545455 0 0.00000
620 128.777343750 156.093750000 130.954545455 0 0.00000
621 143.736328125 148.939453125 131.606060606 0 0.00000
622 128.777343750 156.093750000 131.606060606 0 0.00000
623 143.085937500 148.939453125 132.257575758 0 0.00000
624 128.126953125 156.744140625 132.257575758 0 0.00000
625 142.435546875 148.939453125 132.909090909 0 0.00000
626 128.126953125 156.744140625 132.909090909 0 0.00000
627 141.785156250 148.939453125 133.560606061 0 0.00000
628 127.476562500 156.744140625 133.560606061 0 0.00000
629 141.134765625 148.939453125 134.212121212 0 0.00000
630 126.826171875 156.744140625 134.212121212 0 0.00000
631 140.484375000 148.939453125 134.863636364 0 0.00000
632 127.476562500 157.394531250 134.863636364 0 0.00000
633 139.833984375 148.939453125 135.515151515 0 0.00000
634 126.826171875 157.394531250 135.515151515 0 0.00000
635 139.183593750 148.939453125 136.166666667 0 0.00000
636 126.175781250 157.394531250 136.166666667 0 0.00000
637 138.533203125 148.939453125 136.818181818 0 0.00000
638 125.525390625 157.394531250 136.818181818 0 0.00000
639 138.533203125 148.939453125 137.469696970 0 0.00000
640 125.525390625 157.394531250 137.469696970 0 0.00000
641 137.882812500 148.939453125 138.121212121 0 0.00000
642 125.525390625 158.044921875 138.121212121 0 0.00000
643 137.232421875 148.939453125 138.772727273 0 0.00000
644 124.875000000 158.044921875 138.772727273 0 0.00000
645 136.582031250 148.939453125 139.424242424 0 0.00000
646 124.224609375 158.044921875 139.424242424 0 0.00000
647 135.931640625 148.939453125 140.075757576 0 0.00000
648 123.574218750 158.044921875 140.075757576 0 0.00000
649 135.281250000 148.939453125 140.727272727 0 0.00000
650 123.574218750 158.695312500 140.727272727 0 0.00000
651 135.281250000 148.939453125 141.378787879 0 0.00000
652 122.923828125 158.695312500 141.378787879 0 0.00000
653 134.630859375 148.939453125 142.030303030 0 0.00000
654 122.923828125 158.695312500 142.030303030 0 0.00000
655 133.980468750 148.939453125 142.681818182 0 0.00000
656 122.273437500 158.695312500 142.681818182 0 0.00000
657 133.330078125 148.939453125 143.333333333 0 0.00000
658 122.273437500 159.345703125 143.333333333 0 0.00000
659 132.679687500 148.939453125 143.984848485 0 0.00000
660 122.273437500 159.345703125 143.984848485 0 0.00000
661 132.679687500 148.939453125 144.636363636 0 0.00000
662 121.623046875 159.345703125 144.636363636 0 0.00000
663 132.029296875 148.939453125 145.287878788 0 0.00000
664 121.623046875 159.345703125 145.287878788 0 0.00000
665 132.029296875 148.939453125 145.939393939 0 0.00000
666 120.972656250 159.996093750 145.939393939 0 0.00000
667 131.378906250 148.939453125 146.590909091 0 0.00000
668 130.728515625 149.589843750 146.590909091 0 0.00000
669 120.322265625 159.996093750 146.590909091 0 0.00000
670 130.078125000 149.589843750 147.242424242 0 0.00000
671 120.322265625 159.996093750 147.242424242 0 0.00000
672 129.427734375 149.589843750 147.893939394 0 0.00000
673 119.671875000 159.996093750 147.893939394 0 0.00000
674 128.777343750 149.589843750 148.545454545 0 0.00000
675 119.671875000 159.996093750 148.545454545 0 0.00000
676 128.777343750 150.240234375 149.196969697 0 0.00000
677 118.371093750 159.996093750 149.196969697 0 0.00000
678 119.021484375 159.996093750 149.196969697 0 0.00000
679 128.126953125 150.240234375 149.848484848 0 0.00000
680 117.720703125 159.996093750 149.848484848 0 0.00000
681 127.476562500 150.240234375 150.500000000 0 0.00000
682 117.070312500 159.996093750 150.500000000 0 0.00000
683 127.476562500 150.240234375 151.151515152 0 0.00000
684 116.419921875 160.646484375 151.151515152 0 0.00000
685 126.826171875 150.240234375 151.803030303 0 0.00000
686 116.419921875 160.646484375 151.803030303 0 0.00000
687 126.175781250 150.240234375 152.454545455 0 0.00000
688 117.070312500 161.296875000 152.454545455 0 0.00000
689 125.525390625 150.240234375 153.106060606 0 0.00000
690 116.419921875 161.296875000 153.106060606 0 0.00000
691 125.525390625 150.240234375 153.757575758 0 0.00000
692 115.769531250 161.296875000 153.757575758 0 0.00000
693 124.875000000 150.240234375 154.409090909 0 0.00000
694 115.119140625 161.296875000 154.409090909 0 0.00000
695 124.875000000 150.240234375 155.060606061 0 0.00000
696 114.468750000 161.296875000 155.060606061 0 0.00000
697 124.224609375 150.240234375 155.712121212 0 0.00000
698 114.468750000 161.296875000 155.712121212 0 0.00000
699 123.574218750 150.240234375 156.363636364 0 0.00000
700 114.468750000 161.947265625 156.363636364 0 0.00000
701 123.574218750 150.240234375 157.015151515 0 0.00000
702 113.818359375 161.947265625 157.015151515 0 0.00000
703 122.923828125 150.890625000 157.666666667 0 0.00000
704 113.167968750 161.947265625 157.666666667 0 0.00000
705 122.273437500 150.890625000 158.318181818 0 0.00000
706 113.167968750 161.947265625 158.318181818 0 0.00000
707 122.273437500 150.890625000 158.969696970 0 0.00000
708 112.517578125 162.597656250 158.969696970 0 0.00000
709 121.623046875 151.541015625 159.621212121 0 0.00000
710 112.517578125 162.597656250 159.621212121 0 0.00000
711 120.972656250 151.541015625 160.272727273 0 0.00000
712 111.867187500 162.597656250 160.272727273 0 0.00000
713 120.972656250 151.541015625 160.924242424 0 0.00000
714 111.216796875 162.597656250 160.924242424 0 0.00000
715 120.322265625 152.191406250 161.575757576 0 0.00000
716 110.566406250 162.597656250 161.575757576 0 0.00000
717 120.322265625 152.191406250 162.227272727 0 0.00000
718 109.916015625 162.597656250 162.227272727 0 0.00000
719 120.322265625 152.191406250 162.878787879 0 0.00000
720 109.265625000 163.248046875 162.878787879 0 0.00000
721 119.671875000 152.841796875 163.530303030 0 0.00000
722 108.615234375 163.898437500 163.530303030 0 0.00000
723 119.021484375 152.841796875 164.181818182 0 0.00000
724 108.615234375 164.548828125 164.181818182 0 0.00000
725 118.371093750 153.492187500 164.833333333 0 0.00000
726 108.615234375 165.199218750 164.833333333 0 0.00000
727 117.720703125 153.492187500 165.484848485 0 0.00000
728 108.615234375 165.849609375 165.484848485 0 0.00000
729 117.720703125 153.492187500 166.136363636 0 0.00000
730 107.964843750 165.849609375 166.136363636 0 0.00000
731 117.070312500 154.142578125 166.787878788 0 0.00000
732 107.314453125 165.849609375 166.787878788 0 0.00000
733 116.419921875 154.142578125 167.439393939 0 0.00000
734 107.314453125 166.500000000 167.439393939 0 0.00000
735 115.119140625 154.792968750 168.090909091 0 0.00000
736 115.769531250 154.792968750 168.090909091 0 0.00000
737 107.314453125 166.500000000 168.090909091 0 0.00000
738 114.468750000 155.443359375 168.742424242 0 0.00000
739 106.664062500 166.500000000 168.742424242 0 0.00000
740 113.818359375 156.093750000 169.393939394 0 0.00000
741 106.664062500 166.500000000 169.393939394 0 0.00000
742 113.818359375 156.093750000 170.045454545 0 0.00000
743 106.664062500 166.500000000 170.045454545 0 0.00000
744 113.167968750 156.093750000 170.696969697 0 0.00000
745 106.664062500 166.500000000 170.696969697 0 0.00000
746 112.517578125 156.093750000 171.348484848 0 0.00000
747 106.664062500 166.500000000 171.348484848 0 0.00000
748 112.517578125 156.744140625 172.000000000 0 0.00000
749 107.314453125 167.150390625 172.000000000 0 0.00000
750 112.517578125 156.744140625 172.651515152 0 0.00000
751 107.314453125 167.150390625 172.651515152 0 0.00000
752 112.517578125 156.744140625 173.303030303 0 0.00000
753 106.664062500 167.150390625 173.303030303 0 0.00000
754 111.867187500 156.744140625 173.954545455 0 0.00000
755 107.314453125 167.150390625 173.954545455 0 0.00000
756 111.216796875 157.394531250 174.606060606 0 0.00000
757 107.314453125 167.150390625 174.606060606 0 0.00000
758 110.566406250 158.044921875 175.257575758 0 0.00000
759 107.964843750 167.150390625 175.257575758 0 0.00000
760 109.916015625 158.695312500 175.909090909 0 0.00000
761 107.964843750 167.150390625 175.909090909 0 0.00000
762 109.916015625 159.345703125 176.560606061 0 0.00000
763 109.265625000 159.996093750 176.560606061 0 0.00000
764 108.615234375 167.150390625 176.560606061 0 0.00000
765 109.265625000 160.646484375 177.212121212 0 0.00000
766 109.265625000 167.150390625 177.212121212 0 0.00000
767 109.265625000 161.296875000 177.863636364 0 0.00000
768 109.265625000 161.947265625 177.863636364 0 0.00000
769 109.265625000 162.597656250 177.863636364 0 0.00000
770 108.615234375 163.248046875 177.863636364 0 0.00000
771 109.265625000 167.150390625 177.863636364 0 0.00000
772 109.265625000 163.898437500 178.515151515 0 0.00000
773 109.916015625 167.150390625 178.515151515 0 0.00000
774 109.916015625 164.548828125 179.166666667 0 0.00000
775 109.916015625 167.800781250 179.166666667 0 0.00000
776 110.566406250 165.199218750 179.818181818 0 0.00000
777 110.566406250 165.849609375 179.818181818 0 0.00000
778 110.566406250 167.800781250 181.121212121 0 0.00000
779 110.566406250 168.451171875 181.772727273 0 0.00000
780 110.566406250 169.101562500 182.424242424 0 0.00000
781 111.216796875 169.751953125 183.075757576 0 0.00000
782 111.216796875 170.402343750 183.727272727 0 0.00000
783 111.216796875 171.052734375 184.378787879 0 0.00000
784 111.216796875 171.703125000 185.030303030 0 0.00000
785 111.867187500 172.353515625 185.681818182 0 0.00000
786 112.517578125 172.353515625 186.333333333 0 0.00000
787 112.517578125 173.003906250 186.984848485 0 0.00000
788 113.167968750 173.654296875 187.636363636 0 0.00000
789 113.167968750 174.304687500 188.287878788 0 0.00000
790 113.167968750 174.304687500 188.939393939 0 0.00000
791 113.818359375 174.955078125 189.590909091 0 0.00000
792 113.818359375 175.605468750 190.242424242 0 0.00000
793 114.468750000 175.605468750 190.893939394 0 0.00000
794 114.468750000 176.255859375 191.545454545 0 0.00000
795 114.468750000 176.906250000 191.545454545 0 0.00000
796 113.818359375 177.556640625 191.545454545 0 0.00000
797 114.468750000 178.207031250 192.196969697 0 0.00000
798 114.468750000 178.857421875 192.196969697 0 0.00000
799 115.119140625 179.507812500 192.848484848 0 0.00000
800 115.769531250 180.158203125 193.500000000 0 0.00000
801 116.419921875 180.158203125 193.500000000 0 0.00000
802 117.070312500 180.808593750 194.151515152 0 0.00000
803 117.720703125 181.458984375 194.803030303 0 0.00000
804 117.070312500 182.109375000 194.803030303 0 0.00000
805 117.070312500 182.759765625 195.454545455 0 0.00000
806 117.070312500 183.410156250 195.454545455 0 0.00000
807 117.720703125 184.060546875 196.106060606 0 0.00000
808 118.371093750 184.060546875 196.757575758 0 0.00000
809 118.371093750 184.060546875 197.409090909 0 0.00000
810 118.371093750 184.710937500 198.060606061 0 0.00000
811 118.371093750 184.710937500 198.712121212 0 0.00000
812 119.021484375 184.710937500 199.363636364 0 0.00000
813 119.671875000 184.710937500 200.015151515 0 0.00000
814 119.671875000 185.361328125 200.666666667 0 0.00000
815 120.322265625 186.011718750 201.318181818 0 0.00000
816 120.972656250 186.662109375 201.969696970 0 0.00000
817 120.972656250 187.312500000 202.621212121 0 0.00000
818 121.623046875 187.962890625 203.272727273 0 0.00000
819 121.623046875 188.613281250 203.272727273 0 0.00000
820 122.273437500 189.263671875 203.272727273 0 0.00000
821 122.923828125 189.914062500 203.924242424 0 0.00000
822 123.574218750 189.914062500 203.924242424 0 0.00000
823 124.224609375 190.564453125 204.575757576 0 0.00000
824 124.875000000 190.564453125 205.227272727 0 0.00000
825 124.875000000 191.214843750 205.878787879 0 0.00000
826 125.525390625 191.214843750 206.530303030 0 0.00000
827 126.175781250 191.214843750 207.181818182 0 0.00000
828 126.826171875 190.564453125 207.833333333 0 0.00000
829 126.826171875 191.214843750 208.484848485 0 0.00000
830 126.826171875 191.865234375 209.136363636 0 0.00000
831 127.476562500 191.865234375 209.787878788 0 0.00000
832 127.476562500 192.515625000 210.439393939 0 0.00000
833 128.126953125 192.515625000 211.090909091 0 0.00000
834 128.777343750 192.515625000 211.742424242 0 0.00000
835 128.777343750 193.166015625 212.393939394 0 0.00000
836 129.427734375 193.166015625 213.045454545 0 0.00000
837 130.078125000 193.166015625 213.696969697 0 0.00000
838 130.078125000 193.816406250 214.348484848 0 0.00000
839 130.078125000 193.816406250 215.000000000 0 0.00000
840 130.728515625 193.816406250 215.651515152 0 0.00000
841 130.728515625 194.466796875 216.303030303 0 0.00000
842 131.378906250 195.117187500 216.954545455 0 0.00000
843 132.029296875 195.767578125 217.606060606 0 0.00000
844 132.679687500 196.417968750 217.606060606 0 0.00000
845 133.330078125 197.068359375 217.606060606 0 0.00000
846 133.980468750 197.718750000 217.606060606 0 0.00000
847 139.833984375 195.117187500 218.257575758 1 0.00000
848 140.484375000 195.767578125 218.257575758 0 0.00000
849 140.484375000 196.417968750 218.257575758 0 0.00000
850 139.833984375 197.068359375 218.257575758 0 0.00000
851 139.833984375 197.718750000 218.257575758 0 0.00000
852 134.630859375 198.369140625 218.257575758 0 0.00000
853 139.183593750 198.369140625 218.257575758 0 0.00000
854 135.281250000 199.019531250 218.257575758 0 0.00000
855 138.533203125 199.019531250 218.257575758 0 0.00000
856 135.931640625 199.669921875 218.257575758 0 0.00000
857 137.232421875 199.669921875 218.257575758 0 0.00000
858 137.882812500 199.669921875 218.257575758 0 0.00000
859 136.582031250 200.320312500 218.257575758 0 0.00000
860 110.566406250 166.933593750 180.035353535 3 0.00000
861 198.369140625 188.613281250 52.772727273 3 0.00000
862 155.443359375 158.695312500 55.378787879 3 0.00000
n_element 862
0 1 2 0 1
1 1 2 1 3
2 2 2 2 4
3 1 2 3 5
4 2 2 4 6
5 1 2 5 7
6 2 2 6 8
7 1 2 7 9
8 2 2 8 10
9 1 2 9 11
10 2 2 10 12
11 1 2 11 13
12 2 2 12 14
13 1 2 13 15
14 2 2 14 16
15 1 2 15 17
16 2 2 16 18
17 1 2 17 19
18 2 2 18 20
19 1 2 19 21
20 2 2 20 22
21 1 2 21 23
22 2 2 22 24
23 1 2 23 25
24 2 2 24 26
25 1 2 25 27
26 2 2 26 28
27 1 2 27 29
28 2 2 28 30
29 1 2 29 31
30 2 2 30 32
31 1 2 31 33
32 2 2 32 34
33 1 2 33 35
34 2 2 34 36
35 1 2 35 37
36 2 2 36 38
37 1 2 37 39
38 2 2 38 40
39 1 2 39 41
40 2 2 40 42
41 1 2 41 43
42 2 2 42 44
43 1 2 43 45
44 2 2 44 46
45 1 2 45 47
46 2 2 46 48
47 1 2 47 49
48 2 2 48 50
49 1 2 49 51
50 2 2 50 52
51 1 2 51 53
52 2 2 52 54
53 1 2 53 55
54 2 2 54 56
55 1 2 55 57
56 2 2 56 58
57 1 2 57 59
58 2 2 58 60
59 1 2 59 61
60 2 2 60 62
61 1 2 61 63
62 2 2 62 64
63 1 2 63 65
64 2 2 64 66
65 1 2 65 67
66 2 2 66 68
67 1 2 67 69
68 2 2 68 70
69 1 2 69 71
70 2 2 70 72
71 1 2 71 73
72 2 2 72 74
73 1 2 73 75
74 2 2 74 76
75 1 2 75 77
76 2 2 76 78
77 1 2 77 79
78 2 2 78 80
79 1 2 79 82
80 2 2 80 83
81 3 2 81 85
82 1 2 82 87
83 2 2 83 86
84 3 2 84 85
85 3 2 84 88
86 2 2 86 89
87 1 2 87 90
88 3 2 88 91
89 2 2 89 92
90 1 2 90 93
91 3 2 91 95
92 2 2 92 96
93 1 2 93 97
94 3 2 94 95
95 3 2 94 99
96 2 2 96 100
97 1 2 97 101
98 4 2 98 102
99 3 2 99 103
100 2 2 100 104
101 1 2 101 105
102 4 2 102 106
103 3 2 103 108
104 2 2 104 109
105 1 2 105 110
106 4 2 106 111
107 3 2 107 108
108 3 2 107 114
109 2 2 109 115
110 1 2 110 116
111 4 2 111 117
112 3 2 112 113
113 3 2 112 119
114 3 2 113 114
115 2 2 115 120
116 1 2 116 121
117 4 2 117 122
118 3 2 118 119
119 3 2 118 123
120 2 2 120 124
121 1 2 121 125
122 4 2 122 126
123 3 2 123 127
124 2 2 124 128
125 1 2 125 129
126 4 2 126 130
127 3 2 127 131
128 2 2 128 132
129 1 2 129 133
130 4 2 130 135
131 3 2 131 136
132 2 2 132 137
133 1 2 133 138
134 4 2 134 135
135 4 2 134 140
136 3 2 136 141
137 2 2 137 142
138 1 2 138 143
139 4 2 139 140
140 4 2 139 144
141 3 2 141 145
142 2 2 142 147
143 1 2 143 148
144 4 2 144 149
145 3 2 145 151
146 2 2 146 147
147 2 2 146 152
148 1 2 148 154
149 4 2 149 150
150 4 2 150 153
151 3 2 151 155
152 2 2 152 156
153 4 2 153 157
154 1 2 154 158
155 3 2 155 159
156 2 2 156 162
157 4 2 157 163
158 1 2 158 164
159 3 2 159 165
160 2 2 160 161
161 2 2 160 168
162 2 2 161 162
163 4 2 163 177
164 1 2 164 178
165 3 2 165 179
166 2 2 166 167
167 2 2 166 168
168 2 2 167 181
169 4 2 169 170
170 4 2 169 183
171 4 2 170 171
172 4 2 171 173
173 4 2 172 173
174 4 2 172 174
175 4 2 174 186
176 4 2 175 176
177 4 2 175 191
178 4 2 176 177
179 1 2 178 192
180 3 2 179 193
181 2 2 180 181
182 2 2 180 195
183 4 2 182 183
184 4 2 182 197
185 4 2 184 185
186 4 2 184 186
187 4 2 185 187
188 4 2 187 188
189 4 2 188 189
190 4 2 189 190
191 4 2 190 191
192 1 2 192 198
193 3 2 193 200
194 2 2 194 195
195 2 2 194 202
196 4 2 196 197
197 4 2 196 205
198 1 2 198 207
199 3 2 199 200
200 3 2 199 208
201 2 2 201 213
202 2 2 201 214
203 2 2 202 215
204 4 2 203 204
205 4 2 203 224
206 4 2 204 206
207 4 2 205 206
208 1 2 207 226
209 3 2 208 227
210 2 2 209 230
211 2 2 209 231
212 2 2 210 211
213 2 2 210 232
214 2 2 211 212
215 2 2 212 213
216 2 2 214 215
217 4 2 216 217
218 4 2 216 223
219 4 2 217 218
220 4 2 218 219
221 4 2 219 220
222 4 2 220 233
223 4 2 221 222
224 4 2 221 225
225 4 2 222 223
226 4 2 224 225
227 1 2 226 234
228 3 2 227 235
229 2 2 228 229
230 2 2 228 238
231 2 2 229 230
232 2 2 231 232
233 4 2 233 239
234 1 2 234 240
235 3 2 235 242
236 2 2 236 237
237 2 2 236 238
238 2 2 237 243
239 4 2 239 245
240 1 2 240 246
241 3 2 241 242
242 3 2 241 247
243 2 2 243 244
244 2 2 244 248
245 4 2 245 249
246 1 2 246 250
247 3 2 247 252
248 2 2 248 253
249 4 2 249 254
250 1 2 250 255
251 3 2 251 252
252 3 2 251 256
253 2 2 253 257
254 4 2 254 258
255 1 2 255 259
256 3 2 256 260
257 2 2 257 261
258 4 2 258 262
259 1 2 259 263
260 3 2 260 264
261 2 2 261 265
262 4 2 262 266
263 1 2 263 267
264 3 2 264 268
265 2 2 265 269
266 4 2 266 271
267 1 2 267 273
268 3 2 268 274
269 2 2 269 275
270 4 2 270 271
271 4 2 270 277
272 1 2 272 273
273 1 2 272 278
274 3 2 274 279
275 2 2 275 280
276 4 2 276 277
277 4 2 276 282
278 1 2 278 283
279 3 2 279 284
280 2 2 280 285
281 4 2 281 282
282 4 2 281 288
283 1 2 283 289
284 3 2 284 290
285 2 2 285 286
286 2 2 286 291
287 4 2 287 288
288 4 2 287 292
289 1 2 289 293
290 3 2 290 294
291 2 2 291 295
292 4 2 292 296
293 1 2 293 297
294 3 2 294 298
295 2 2 295 299
296 4 2 296 300
297 1 2 297 301
298 3 2 298 302
299 2 2 299 303
300 4 2 300 305
301 1 2 301 306
302 3 2 302 308
303 2 2 303 309
304 4 2 304 305
305 4 2 304 312
306 1 2 306 313
307 3 2 307 308
308 3 2 307 314
309 2 2 309 316
310 4 2 310 311
311 4 2 310 318
312 4 2 311 312
313 1 2 313 327
314 3 2 314 328
315 2 2 315 316
316 2 2 315 329
317 4 2 317 318
318 4 2 317 332
319 7 2 319 320
320 7 2 319 333
321 7 2 320 321
322 7 2 321 322
323 7 2 322 323
324 7 2 323 861
325 3 2 324 325
326 3 2 324 861
327 3 2 325 326
328 3 2 326 336
329 1 2 327 341
330 3 2 328 342
331 2 2 329 330
332 2 2 330 331
333 2 2 331 345
334 4 2 332 344
335 7 2 333 346
336 1 2 334 335
337 1 2 334 861
338 1 2 335 347
339 3 2 336 337
340 3 2 337 349
341 3 2 338 349
342 3 2 338 350
343 3 2 339 342
344 3 2 339 351
345 1 2 340 341
346 1 2 340 353
347 2 2 343 345
348 2 2 343 354
349 4 2 344 355
350 7 2 346 356
351 1 2 347 348
352 1 2 348 357
353 3 2 350 351
354 1 2 352 353
355 1 2 352 362
356 2 2 354 363
357 4 2 355 862
358 7 2 356 365
359 1 2 357 366
360 1 2 358 369
361 1 2 358 370
362 1 2 359 360
363 1 2 359 371
364 1 2 360 361
365 1 2 361 362
366 2 2 363 364
367 2 2 364 862
368 7 2 365 373
369 1 2 366 367
370 1 2 367 368
371 1 2 368 369
372 1 2 370 371
373 6 2 372 374
374 6 2 372 862
375 7 2 373 376
376 6 2 374 377
377 7 2 375 376
378 7 2 375 378
379 6 2 377 379
380 7 2 378 380
381 6 2 379 381
382 7 2 380 383
383 6 2 381 384
384 7 2 382 383
385 7 2 382 385
386 6 2 384 386
387 7 2 385 387
388 6 2 386 388
389 7 2 387 389
390 6 2 388 390
391 7 2 389 392
392 6 2 390 393
393 7 2 391 392
394 7 2 391 394
395 6 2 393 395
396 7 2 394 396
397 6 2 395 397
398 7 2 396 398
399 6 2 397 399
400 7 2 398 400
401 6 2 399 401
402 7 2 400 403
403 6 2 401 404
404 7 2 402 403
405 7 2 402 405
406 6 2 404 406
407 7 2 405 407
408 6 2 406 408
409 7 2 407 409
410 6 2 408 410
411 7 2 409 411
412 6 2 410 412
413 7 2 411 413
414 6 2 412 414
415 7 2 413 415
416 6 2 414 416
417 7 2 415 417
418 6 2 416 418
419 7 2 417 419
420 6 2 418 420
421 7 2 419 421
422 6 2 420 422
423 7 2 421 423
424 6 2 422 424
425 7 2 423 425
426 6 2 424 426
427 7 2 425 427
428 6 2 426 428
429 7 2 427 429
430 6 2 428 430
431 7 2 429 431
432 6 2 430 432
433 7 2 431 435
434 6 2 432 436
435 7 2 433 434
436 7 2 433 437
437 7 2 434 438
438 7 2 435 438
439 6 2 436 439
440 7 2 437 440
441 6 2 439 441
442 7 2 440 442
443 6 2 441 443
444 7 2 442 444
445 6 2 443 445
446 7 2 444 446
447 6 2 445 447
448 7 2 446 448
449 6 2 447 449
450 7 2 448 450
451 6 2 449 451
452 7 2 450 452
453 6 2 451 453
454 7 2 452 454
455 6 2 453 455
456 7 2 454 456
457 6 2 455 457
458 7 2 456 458
459 6 2 457 459
460 7 2 458 460
461 6 2 459 461
462 7 2 460 462
463 6 2 461 463
464 7 2 462 464
465 6 2 463 465
466 7 2 464 466
467 6 2 465 467
468 7 2 466 468
469 6 2 467 469
470 7 2 468 470
471 6 2 469 471
472 7 2 470 472
473 6 2 471 473
474 7 2 472 474
475 6 2 473 475
476 7 2 474 476
477 6 2 475 477
478 7 2 476 478
479 6 2 477 479
480 7 2 478 480
481 6 2 479 481
482 7 2 480 482
483 6 2 481 483
484 7 2 482 484
485 6 2 483 485
486 7 2 484 486
487 6 2 485 487
488 7 2 486 488
489 6 2 487 489
490 7 2 488 490
491 6 2 489 491
492 7 2 490 492
493 6 2 491 493
494 7 2 492 494
495 6 2 493 495
496 7 2 494 497
497 6 2 495 498
498 7 2 496 497
499 7 2 496 499
500 6 2 498 500
501 7 2 499 501
502 6 2 500 502
503 7 2 501 503
504 6 2 502 504
505 7 2 503 505
506 6 2 504 506
507 7 2 505 507
508 6 2 506 508
509 7 2 507 510
510 6 2 508 511
511 7 2 509 510
512 7 2 509 512
513 6 2 511 513
514 7 2 512 514
515 6 2 513 515
516 7 2 514 516
517 6 2 515 517
518 7 2 516 518
519 6 2 517 519
520 7 2 518 520
521 6 2 519 521
522 7 2 520 522
523 6 2 521 523
524 7 2 522 525
525 6 2 523 526
526 7 2 524 525
527 7 2 524 528
528 6 2 526 529
529 7 2 527 528
530 7 2 527 530
531 6 2 529 531
532 7 2 530 532
533 6 2 531 533
534 7 2 532 534
535 6 2 533 535
536 7 2 534 536
537 6 2 535 537
538 7 2 536 538
539 6 2 537 539
540 7 2 538 540
541 6 2 539 541
542 7 2 540 543
543 6 2 541 544
544 7 2 542 543
545 7 2 542 545
546 6 2 544 546
547 7 2 545 547
548 6 2 546 548
549 7 2 547 549
550 6 2 548 550
551 7 2 549 551
552 6 2 550 553
553 7 2 551 552
554 7 2 552 554
555 6 2 553 555
556 7 2 554 556
557 6 2 555 557
558 7 2 556 558
559 6 2 557 559
560 7 2 558 560
561 6 2 559 561
562 7 2 560 562
563 6 2 561 563
564 7 2 562 564
565 6 2 563 565
566 7 2 564 566
567 6 2 565 567
568 7 2 566 568
569 6 2 567 569
570 7 2 568 570
571 6 2 569 571
572 7 2 570 572
573 6 2 571 573
574 7 2 572 574
575 6 2 573 575
576 7 2 574 576
577 6 2 575 577
578 7 2 576 578
579 6 2 577 579
580 7 2 578 580
581 6 2 579 581
582 7 2 580 583
583 6 2 581 584
584 7 2 582 583
585 7 2 582 585
586 6 2 584 586
587 7 2 585 587
588 6 2 586 588
589 7 2 587 590
590 6 2 588 591
591 7 2 589 590
592 7 2 589 592
593 6 2 591 593
594 7 2 592 594
595 6 2 593 595
596 7 2 594 596
597 6 2 595 597
598 7 2 596 598
599 6 2 597 599
600 7 2 598 600
601 6 2 599 602
602 7 2 600 601
603 7 2 601 604
604 6 2 602 605
605 7 2 603 604
606 7 2 603 606
607 6 2 605 607
608 7 2 606 608
609 6 2 607 609
610 7 2 608 610
611 6 2 609 611
612 7 2 610 612
613 6 2 611 613
614 7 2 612 614
615 6 2 613 615
616 7 2 614 616
617 6 2 615 618
618 7 2 616 619
619 6 2 617 618
620 6 2 617 620
621 7 2 619 621
622 6 2 620 622
623 7 2 621 623
624 6 2 622 624
625 7 2 623 625
626 6 2 624 626
627 7 2 625 627
628 6 2 626 628
629 7 2 627 629
630 6 2 628 630
631 7 2 629 631
632 6 2 630 632
633 7 2 631 633
634 6 2 632 634
635 7 2 633 635
636 6 2 634 636
637 7 2 635 637
638 6 2 636 638
639 7 2 637 639
640 6 2 638 640
641 7 2 639 641
642 6 2 640 642
643 7 2 641 643
644 6 2 642 644
645 7 2 643 645
646 6 2 644 646
647 7 2 645 647
648 6 2 646 648
649 7 2 647 649
650 6 2 648 650
651 7 2 649 651
652 6 2 650 652
653 7 2 651 653
654 6 2 652 654
655 7 2 653 655
656 6 2 654 656
657 7 2 655 657
658 6 2 656 658
659 7 2 657 659
660 6 2 658 660
661 7 2 659 661
662 6 2 660 662
663 7 2 661 663
664 6 2 662 664
665 7 2 663 665
666 6 2 664 666
667 7 2 665 667
668 6 2 666 669
669 7 2 667 668
670 7 2 668 670
671 6 2 669 671
672 7 2 670 672
673 6 2 671 673
674 7 2 672 674
675 6 2 673 675
676 7 2 674 676
677 6 2 675 678
678 7 2 676 679
679 6 2 677 678
680 6 2 677 680
681 7 2 679 681
682 6 2 680 682
683 7 2 681 683
684 6 2 682 684
685 7 2 683 685
686 6 2 684 686
687 7 2 685 687
688 6 2 686 688
689 7 2 687 689
690 6 2 688 690
691 7 2 689 691
692 6 2 690 692
693 7 2 691 693
694 6 2 692 694
695 7 2 693 695
696 6 2 694 696
697 7 2 695 697
698 6 2 696 698
699 7 2 697 699
700 6 2 698 700
701 7 2 699 701
702 6 2 700 702
703 7 2 701 703
704 6 2 702 704
705 7 2 703 705
706 6 2 704 706
707 7 2 705 707
708 6 2 706 708
709 7 2 707 709
710 6 2 708 710
711 7 2 709 711
712 6 2 710 712
713 7 2 711 713
714 6 2 712 714
715 7 2 713 715
716 6 2 714 716
717 7 2 715 717
718 6 2 716 718
719 7 2 717 719
720 6 2 718 720
721 7 2 719 721
722 6 2 720 722
723 7 2 721 723
724 6 2 722 724
725 7 2 723 725
726 6 2 724 726
727 7 2 725 727
728 6 2 726 728
729 7 2 727 729
730 6 2 728 730
731 7 2 729 731
732 6 2 730 732
733 7 2 731 733
734 6 2 732 734
735 7 2 733 736
736 6 2 734 737
737 7 2 735 736
738 7 2 735 738
739 6 2 737 739
740 7 2 738 740
741 6 2 739 741
742 7 2 740 742
743 6 2 741 743
744 7 2 742 744
745 6 2 743 745
746 7 2 744 746
747 6 2 745 747
748 7 2 746 748
749 6 2 747 749
750 7 2 748 750
751 6 2 749 751
752 7 2 750 752
753 6 2 751 753
754 7 2 752 754
755 6 2 753 755
756 7 2 754 756
757 6 2 755 757
758 7 2 756 758
759 6 2 757 759
760 7 2 758 760
761 6 2 759 761
762 7 2 760 762
763 6 2 761 764
764 7 2 762 763
765 7 2 763 765
766 6 2 764 766
767 7 2 765 767
768 6 2 766 771
769 7 2 767 768
770 7 2 768 769
771 7 2 769 770
772 7 2 770 772
773 6 2 771 773
774 7 2 772 774
775 6 2 773 775
776 7 2 774 776
777 6 2 775 860
778 7 2 776 777
779 7 2 777 860
780 5 2 778 779
781 5 2 778 860
782 5 2 779 780
783 5 2 780 781
784 5 2 781 782
785 5 2 782 783
786 5 2 783 784
787 5 2 784 785
788 5 2 785 786
789 5 2 786 787
790 5 2 787 788
791 5 2 788 789
792 5 2 789 790
793 5 2 790 791
794 5 2 791 792
795 5 2 792 793
796 5 2 793 794
797 5 2 794 795
798 5 2 795 796
799 5 2 796 797
800 5 2 797 798
801 5 2 798 799
802 5 2 799 800
803 5 2 800 801
804 5 2 801 802
805 5 2 802 803
806 5 2 803 804
807 5 2 804 805
808 5 2 805 806
809 5 2 806 807
810 5 2 807 808
811 5 2 808 809
812 5 2 809 810
813 5 2 810 811
814 5 2 811 812
815 5 2 812 813
816 5 2 813 814
817 5 2 814 815
818 5 2 815 816
819 5 2 816 817
820 5 2 817 818
821 5 2 818 819
822 5 2 819 820
823 5 2 820 821
824 5 2 821 822
825 5 2 822 823
826 5 2 823 824
827 5 2 824 825
828 5 2 825 826
829 5 2 826 827
830 5 2 827 828
831 5 2 828 829
832 5 2 829 830
833 5 2 830 831
834 5 2 831 832
835 5 2 832 833
836 5 2 833 834
837 5 2 834 835
838 5 2 835 836
839 5 2 836 837
840 5 2 837 838
841 5 2 838 839
842 5 2 839 840
843 5 2 840 841
844 5 2 841 842
845 5 2 842 843
846 5 2 843 844
847 5 2 844 845
848 5 2 845 846
849 5 2 846 852
850 5 2 847 848
851 5 2 848 849
852 5 2 849 850
853 5 2 850 851
854 5 2 851 853
855 5 2 852 854
856 5 2 853 855
857 5 2 854 856
858 5 2 855 858
859 5 2 856 859
860 5 2 857 858
861 5 2 857 859
connection 3
6 7 5 
7 3 1 
4 2 6 

segment_direction 0
