labelNumber 7
label 1
cntNodes 31
averagePosition 214.995 168.798 139.939
lineLength 61.0834
curvature 0 0 0 0 0 0.01327 0.0177687 0.0288334 0.0447982 0.0678914 0.103246 0.100792 0.089682 0.0731708 0.0638264 0 0 0 0 0 0 0 0 0 0 0 0 0 0 0 0 

label 2
cntNodes 31
averagePosition 190.177 166.58 131.606
lineLength 83.895
curvature 0 0 0 0 0 0.00397147 0.00599176 0.0145899 0.0257972 0.0419643 0.0684024 0.0784959 0.0883963 0.0976849 0.106683 0 0 0 0 0 0 0 0 0 0 0 0 0 0 0 0 

label 3
cntNodes 62
averagePosition 215.524 170.218 240.864
lineLength 162.659
curvature 0 0 0 0 0 0.00445969 0.00591948 0.0122945 0.0210132 0.0335697 0.0536858 0.0601115 0.0649922 0.0671509 0.0659186 0.0627576 0.064155 0.0789852 0.104005 0.124105 0.12788 0.0918322 0.0675533 0.051029 0.0395892 0.0316041 0.0261153 0.0225773 0.0206744 0.0201821 0.0208843 0.0177202 0.0154419 0.0143045 0.0146178 0.0165856 0.020284 0.0258688 0.0337969 0.0450136 0.0612398 0.0564139 0.0474315 0.0388245 0.0385171 0.0468521 0 0 0 0 0 0 0 0 0 0 0 0 0 0 0 0 

label 4
cntNodes 31
averagePosition 235.24 191.473 107.983
lineLength 36.6297
curvature 0 0 0 0 0 0.0300278 0.0345358 0.0486139 0.0696205 0.0984913 0.13815 0.125488 0.104135 0.0783583 0.0566233 0 0 0 0 0 0 0 0 0 0 0 0 0 0 0 0 

label 5
cntNodes 31
averagePosition 248.531 173.912 112.567
lineLength 46.1156
curvature 0 0 0 0 0 0.0182731 0.029474 0.048474 0.0760164 0.118121 0.186696 0.216538 0.227942 0.213091 0.17902 0 0 0 0 0 0 0 0 0 0 0 0 0 0 0 0 

label 6
cntNodes 31
averagePosition 180.211 198.106 99.5625
lineLength 14.7221
curvature 0 0 0 0 0 0.204778 0.208532 0.223422 0.243392 0.26368 0.280067 0.220963 0.16955 0.126245 0.0898129 0 0 0 0 0 0 0 0 0 0 0 0 0 0 0 0 

label 7
cntNodes 31
averagePosition 179.025 205.95 104.717
lineLength 26.1452
curvature 0 0 0 0 0 0.0413912 0.0339874 0.0407831 0.057701 0.0820196 0.114884 0.124204 0.134502 0.145706 0.157428 0 0 0 0 0 0 0 0 0 0 0 0 0 0 0 0 

