#fname degree numKnot L1 L2 L3 L4 MSE traceH AIC AIC0 GCV GCV2 cv_avr cv_stdev cv_error ts_avr ts_stdev ts_error sigma0 sigma_opt
BG_0022_MCA_L_d5_cp120_lmd1d0.000_lmd2d0.000_lmd3d0.000_lmd4d0.000 5 120 0 0 0 0 2.19397396919656e-006 120 -929.897758294301 2153.54468223252 -0.00385113801775122 0.00275081286982283 0.589330271323896 1.21851580042577 1.27818226237703 0.146590036780785 1.01643463253982 1.01647129420371 1 4.18821045593833e-006 
BG_0022_MCA_L_d5_cp121_lmd1d0.000_lmd2d0.000_lmd3d0.000_lmd4d0.000 5 121 0 0 0 0 2.37574460850708e-006 121 -914.365684521877 2159.54472949289 -0.00389077394975438 0.00288309148794742 0.581094056472359 1.19302447520332 1.2564641492518 -0.00471862094374655 0.570829936130912 0.592813772482723 1 4.12282539451881e-006 
BG_0022_MCA_L_d5_cp120_lmd1d0.000_lmd2d0.000_lmd3d0.000_lmd4d0.000 5 120 0 0 0 0.0001 2.29324781605032e-006 112.415949211399 -969.239239917202 2108.04040331211 -0.00509697442914346 0.00266783776427002 0.495135871276942 1.05495811690708 1.1590901066637 0.065468867559456 0.515465636552011 0.523221410124901 1 4.18821045593833e-006 
BG_0022_MCA_L_d5_cp121_lmd1d0.000_lmd2d0.000_lmd3d0.000_lmd4d0.000 5 121 0 0 0 0.0001 2.4552807724684e-006 113.334483423758 -955.342951230888 2113.55165071484 -0.00509231443735341 0.00277776763321677 0.494730603960487 1.0436983457951 1.14902081538338 -0.00954625943490869 0.262211384857165 0.309683307402129 1 4.12282539451881e-006 
BG_0022_MCA_L_d5_cp120_lmd1d0.000_lmd2d0.000_lmd3d0.000_lmd4d0.000 5 120 0 0 0 0.0002 2.43570260139435e-006 108.672798201021 -982.854692533394 2085.58153428809 -0.00614639573398633 0.00268144242495102 0.467830424893845 1.03201815395619 1.15003575995353 0.0178630978680796 0.147914122733938 0.201857268454574 1 4.18821045593833e-006 
BG_0022_MCA_L_d5_cp121_lmd1d0.000_lmd2d0.000_lmd3d0.000_lmd4d0.000 5 121 0 0 0 0.0002 2.57110062465658e-006 109.544969689486 -970.776022748997 2090.81459842237 -0.00607418230456403 0.00277093394138152 0.469799560834146 1.02441399441848 1.14234414831458 -0.00401650986604713 0.0991574031250438 0.187588493020651 1 4.12282539451881e-006 
BG_0022_MCA_L_d5_cp120_lmd1d0.000_lmd2d0.000_lmd3d0.000_lmd4d0.001 5 120 0 0 0 0.0005 2.85607867098422e-006 101.867522063324 -997.589814994071 2044.74998675969 -0.00963538669014719 0.00277867244627207 0.432427975595991 0.99136801922445 1.13027238911116 0.00149023916367343 0.0334498452532726 0.157329855589859 1 4.18821045593833e-006 
BG_0022_MCA_L_d5_cp121_lmd1d0.000_lmd2d0.000_lmd3d0.000_lmd4d0.001 5 121 0 0 0 0.0005 2.92730990301967e-006 102.667666352731 -989.576021600301 2049.55087101625 -0.00926700351039789 0.0028274160210402 0.436405539340615 0.988628341052418 1.12596108352299 -0.00145163993121156 0.034126270019896 0.160348293495058 1 4.12282539451881e-006 
BG_0022_MCA_L_d5_cp120_lmd1d0.000_lmd2d0.000_lmd3d0.000_lmd4d0.001 5 120 0 0 0 0.001 3.40640472984571e-006 95.8092487103738 -999.775752783703 2008.40048972676 -0.0174957010996219 0.00292262289061565 0.416649648866558 0.953418618529012 1.10503041741532 0.00199197868322485 0.0236850912053134 0.15505082683048 1 4.18821045593833e-006 
BG_0022_MCA_L_d5_cp121_lmd1d0.000_lmd2d0.000_lmd3d0.000_lmd4d0.001 5 121 0 0 0 0.001 3.41185869119659e-006 96.5542430997411 -995.699195023258 2012.870457481 -0.0161904066669228 0.00293829377594893 0.418351849886565 0.954679980719715 1.10526018173721 0.00172659127254964 0.0255365435221306 0.15560620829497 1 4.12282539451881e-006 
BG_0022_MCA_L_d5_cp120_lmd1d0.000_lmd2d0.000_lmd3d0.000_lmd4d0.002 5 120 0 0 0 0.002 4.18821045593833e-006 89.4639033951898 -989.314091491492 1970.32862110515 -0.0634069874214986 0.00312011986186306 0.407927321019664 0.912696375180437 1.07467264674034 0.00295700578957681 0.0212505405059171 0.153741821703682 1 4.18821045593833e-006 
BG_0022_MCA_L_d5_cp121_lmd1d0.000_lmd2d0.000_lmd3d0.000_lmd4d0.002 5 121 0 0 0 0.002 4.12282539451881e-006 90.1547671588591 -989.259967357932 1974.47378668705 -0.0504499309303597 0.00310826084369164 0.407582123690102 0.916504297376624 1.07809024603695 0.00249291476938202 0.0240381462236035 0.154610286765578 1 4.12282539451881e-006 
BG_0022_MCA_L_d5_cp120_lmd1d0.000_lmd2d0.000_lmd3d0.000_lmd4d0.005 5 120 0 0 0 0.005 5.63975732583348e-006 81.1408906150019 -949.141561233651 1920.39092182621 0.0372468047116228 0.00345217253151188 0.402966598256083 0.857950246958367 1.03132874083084 -0.00206005149675024 0.0242419319598852 0.159140377635557 1 4.18821045593833e-006 
BG_0022_MCA_L_d5_cp121_lmd1d0.000_lmd2d0.000_lmd3d0.000_lmd4d0.005 5 121 0 0 0 0.005 5.49520319250102e-006 81.7607599653587 -953.07699643734 1924.11010034427 0.0414118551613939 0.00341949445661448 0.401385983833134 0.862817978974058 1.03625622852235 -0.00174967012630236 0.0212919980644398 0.158410222300175 1 4.12282539451881e-006 
BG_0022_MCA_L_d5_cp120_lmd1d0.000_lmd2d0.000_lmd3d0.000_lmd4d0.010 5 120 0 0 0 0.01 7.11458548003956e-006 75.0986102418442 -893.839357222924 1884.13762304258 0.0199832672164082 0.00375066238843437 0.401568667554747 0.817192066329101 0.998481509648977 0.000833623889370448 0.0181238324621489 0.15544961384092 1 4.18821045593833e-006 
BG_0022_MCA_L_d5_cp121_lmd1d0.000_lmd2d0.000_lmd3d0.000_lmd4d0.010 5 121 0 0 0 0.01 6.92775903819628e-006 75.6670297339318 -899.297322502397 1887.54809142023 0.0207381556386501 0.00371250214788665 0.400539919145911 0.821711895767852 1.00277334971265 -0.000164338221784516 0.0150452214226219 0.156114103922516 1 4.12282539451881e-006 
BG_0022_MCA_L_d5_cp120_lmd1d0.000_lmd2d0.000_lmd3d0.000_lmd4d0.020 5 120 0 0 0 0.02 9.02662231549033e-006 69.3661502928792 -809.536744268609 1849.74336047837 0.0150506640944745 0.00409766042603979 0.398253008954177 0.777533269449024 0.968264424107247 0.00849488098844705 0.0586833547282422 0.158028178633275 1 4.18821045593833e-006 
BG_0022_MCA_L_d5_cp121_lmd1d0.000_lmd2d0.000_lmd3d0.000_lmd4d0.020 5 121 0 0 0 0.02 8.79773229489778e-006 69.8868061901174 -816.05151424574 1852.86723635039 0.0153196597336079 0.00405645312237322 0.397992891516355 0.781611221705659 0.971696648684934 0.00723399275224145 0.050861166394344 0.156485248400357 1 4.12282539451881e-006 
BG_0022_MCA_L_d5_cp120_lmd1d0.000_lmd2d0.000_lmd3d0.000_lmd4d0.050 5 120 0 0 0 0.05 1.25887293064895e-005 62.3301247965321 -630.620786670294 1807.5281336481 0.0126352597419721 0.00466684962643913 0.391718476538213 0.726246239732547 0.931662876880074 8.7294470079844e-005 0.0365755526728687 0.159389108823137 1 4.18821045593833e-006 
BG_0022_MCA_L_d5_cp121_lmd1d0.000_lmd2d0.000_lmd3d0.000_lmd4d0.050 5 121 0 0 0 0.05 1.22798048328729e-005 62.7933981249824 -639.020111602264 1810.30769329844 0.0127214302824158 0.00462006015740139 0.39176560242388 0.729952773669517 0.934525637033818 0.000963129864862324 0.0298012146907904 0.157112219736728 1 4.12282539451881e-006 
BG_0022_MCA_L_d5_cp120_lmd1d0.000_lmd2d0.000_lmd3d0.000_lmd4d0.100 5 120 0 0 0 0.1 1.62921281138532e-005 57.4345269428919 -430.091005744019 1778.15550940995 0.0119668651086086 0.00518080007857694 0.392368216404783 0.687538894878877 0.90139554196766 -0.0166340302039351 0.109668362606368 0.2038676571458 1 4.18821045593833e-006 
BG_0022_MCA_L_d5_cp121_lmd1d0.000_lmd2d0.000_lmd3d0.000_lmd4d0.100 5 121 0 0 0 0.1 1.59120629689883e-005 57.8584532317664 -439.566693146704 1780.69896832626 0.0120004908916371 0.00513075181906419 0.391934252317158 0.691068712958282 0.904370656565168 -0.0147047505782729 0.102659387617052 0.198530659985801 1 4.12282539451881e-006 
BG_0022_MCA_L_d5_cp120_lmd1d0.000_lmd2d0.000_lmd3d0.000_lmd4d0.200 5 120 0 0 0 0.2 2.08499737932778e-005 52.9022493525389 -174.338078912738 1750.96302890771 0.0117204851955507 0.00573258790155019 0.398792195941655 0.650500535837398 0.869199045189908 -0.0198333845028591 0.0963076919291824 0.199799757101744 1 4.18821045593833e-006 
BG_0022_MCA_L_d5_cp121_lmd1d0.000_lmd2d0.000_lmd3d0.000_lmd4d0.200 5 121 0 0 0 0.2 2.04032604301985e-005 53.2903243304472 -183.744616791464 1753.29136262968 0.0117290581247193 0.00568149107656467 0.39833031329893 0.653588244914546 0.871817867434661 -0.018594782711693 0.0962122794135808 0.198669216831894 1 4.12282539451881e-006 
BG_0022_MCA_L_d5_cp120_lmd1d0.000_lmd2d0.000_lmd3d0.000_lmd4d0.500 5 120 0 0 0 0.5 2.83259588542193e-005 47.4439689267663 257.01406347526 1718.21529010919 0.0117599897191626 0.0065101684461749 0.401508196717305 0.608031489297114 0.836022807676034 0.0107157084953375 0.108671853393859 0.180809172340327 1 4.18821045593833e-006 
BG_0022_MCA_L_d5_cp121_lmd1d0.000_lmd2d0.000_lmd3d0.000_lmd4d0.500 5 121 0 0 0 0.5 2.77483633360783e-005 47.7897274261432 246.460056507167 1720.28969093062 0.0117429906114185 0.00645395051283298 0.401739657858367 0.610750774608974 0.837844130086347 0.0082093508546963 0.103561545022574 0.179827792370092 1 4.12282539451881e-006 
BG_0022_MCA_L_d5_cp120_lmd1d0.000_lmd2d0.000_lmd3d0.000_lmd4d1.000 5 120 0 0 0 1 3.60669429403345e-005 43.6936247152715 715.064702891005 1695.71523749608 0.0121118549817651 0.00721869503229589 0.396130646689054 0.576075707774768 0.816881338824928 0.0158414365756529 0.125802124505989 0.187758945330548 1 4.18821045593833e-006 
BG_0022_MCA_L_d5_cp121_lmd1d0.000_lmd2d0.000_lmd3d0.000_lmd4d1.000 5 121 0 0 0 1 3.52653924412943e-005 44.0107337561256 697.836625454133 1697.61768333808 0.0120655468169199 0.00714851017138622 0.396938058184491 0.578953939343123 0.818342817982177 0.0136058049686673 0.116573243165549 0.183425129628751 1 4.12282539451881e-006 
BG_0022_MCA_L_d5_cp120_lmd1d0.000_lmd2d0.000_lmd3d0.000_lmd4d2.000 5 120 0 0 0 2 4.73123188376649e-005 40.2460457950148 1392.48114283953 1675.03268777228 0.0128418698880212 0.0081381139490057 0.385904531034441 0.542167521854859 0.80082913839524 0.0189893808849873 0.0981807337624959 0.167925821876409 1 4.18821045593833e-006 
BG_0022_MCA_L_d5_cp121_lmd1d0.000_lmd2d0.000_lmd3d0.000_lmd4d2.000 5 121 0 0 0 2 4.61290926590784e-005 40.5369447615688 1362.09737910455 1676.77777393279 0.0127602361829435 0.00804635858991914 0.386853243394144 0.545274564488616 0.802239747788532 0.0183480016795902 0.100650064653873 0.169897695678633 1 4.12282539451881e-006 
BG_0022_MCA_L_d5_cp120_lmd1d0.000_lmd2d0.000_lmd3d0.000_lmd4d5.000 5 120 0 0 0 5 6.98996554915767e-005 36.1166442384614 2769.90445383431 1650.26215114049 0.0143340283232187 0.00970932543101159 0.380199203757437 0.494165665858547 0.773523936089048 0.00456168209148569 0.105337833393361 0.183833949055914 1 4.18821045593833e-006 
BG_0022_MCA_L_d5_cp121_lmd1d0.000_lmd2d0.000_lmd3d0.000_lmd4d5.000 5 121 0 0 0 5 6.80664336124638e-005 36.3760086948817 2720.57833200691 1651.81786124132 0.0142177630982962 0.00959227125310558 0.380435333274322 0.497144517285929 0.775249160994639 0.00559356219320338 0.0940208929521227 0.176717078232547 1 4.12282539451881e-006 
BG_0022_MCA_L_d5_cp120_lmd1d0.000_lmd2d0.000_lmd3d0.000_lmd4d10.000 5 120 0 0 0 10 9.29466536620713e-005 33.2897172405111 4183.67794858962 1633.30658137231 0.0156536357183456 0.0110565340738426 0.379094345579414 0.465984650544985 0.756701713763574 -0.022567106645683 0.229449825170419 0.290269837350369 1 4.18821045593833e-006 
BG_0022_MCA_L_d5_cp121_lmd1d0.000_lmd2d0.000_lmd3d0.000_lmd4d10.000 5 121 0 0 0 10 9.06759159541141e-005 33.527272110237 4129.32010296569 1634.73132019886 0.0155303579954781 0.0109320953849156 0.379115117346723 0.46817435976294 0.758035785657751 -0.0162562714464666 0.191669806415702 0.257181819336932 1 4.12282539451881e-006 
BG_0022_MCA_L_d5_cp120_lmd1d0.000_lmd2d0.000_lmd3d0.000_lmd4d20.000 5 120 0 0 0 20 0.00011959162939937 30.6962070589801 5822.21086500699 1617.75244797681 0.0169333783297663 0.0123997377758811 0.379771238323237 0.444916762435237 0.743370731404893 -0.0394133126670773 0.223364007485888 0.296268141168419 1 4.18821045593833e-006 
BG_0022_MCA_L_d5_cp121_lmd1d0.000_lmd2d0.000_lmd3d0.000_lmd4d20.000 5 121 0 0 0 20 0.00011704091865726 30.9137197058787 5776.30942017275 1619.05686067341 0.0168171782016956 0.0122784381906957 0.379566006257375 0.446778170311259 0.744650478909404 -0.0374455873166696 0.22321293404495 0.294864774952556 1 4.12282539451881e-006 
BG_0022_MCA_L_d5_cp120_lmd1d0.000_lmd2d0.000_lmd3d0.000_lmd4d50.000 5 120 0 0 0 50 0.00015824511267175 27.5938094293107 8203.16683428824 1599.14811210445 0.0184556467452362 0.0140731335433959 0.379101882682788 0.419285012622354 0.728866739312898 -0.0452309590698858 0.145171285868602 0.247500566643163 1 4.18821045593833e-006 
BG_0022_MCA_L_d5_cp121_lmd1d0.000_lmd2d0.000_lmd3d0.000_lmd4d50.000 5 121 0 0 0 50 0.000155417784794718 27.7876518030727 8177.73437891431 1600.31043124177 0.0183502470504638 0.0139584885630451 0.37924616274425 0.421146617896579 0.72982138825366 -0.0443205021961017 0.147727552598063 0.248276211972469 1 4.12282539451881e-006 
BG_0022_MCA_L_d5_cp120_lmd1d0.000_lmd2d0.000_lmd3d0.000_lmd4d100.000 5 120 0 0 0 100 0.000191219607551014 25.471186351941 10237.45541774 1586.4209470089 0.0195838898001458 0.0153300422763703 0.375812908531501 0.39781941081322 0.719471773928047 -0.0424100220730901 0.103350577192595 0.223025091006721 1 4.18821045593833e-006 
BG_0022_MCA_L_d5_cp121_lmd1d0.000_lmd2d0.000_lmd3d0.000_lmd4d100.000 5 121 0 0 0 100 0.000188019153600851 25.6490130332075 10220.8605553012 1587.48707497847 0.0194759045122044 0.0152127457763906 0.376104722304186 0.399822999068665 0.720338802966371 -0.0415648233625139 0.101920560163773 0.221615175121467 1 4.12282539451881e-006 
BG_0022_MCA_L_d5_cp120_lmd1d0.000_lmd2d0.000_lmd3d0.000_lmd4d200.000 5 120 0 0 0 200 0.000230186887788559 23.5242398258292 12644.8243016697 1574.74939934509 0.0208243336798769 0.0166811892042004 0.371638044270299 0.376792733979611 0.711600351623847 -0.0348590270258272 0.111474259215058 0.220358172103373 1 4.18821045593833e-006 
BG_0022_MCA_L_d5_cp121_lmd1d0.000_lmd2d0.000_lmd3d0.000_lmd4d200.000 5 121 0 0 0 200 0.000226400543519376 23.6873813174319 12629.5574168525 1575.7272638452 0.0207058516249653 0.0165548468612159 0.371991012314333 0.378524824149824 0.712219993800283 -0.0349036198540457 0.108994980588071 0.219153083314014 1 4.12282539451881e-006 
BG_0022_MCA_L_d5_cp120_lmd1d0.000_lmd2d0.000_lmd3d0.000_lmd4d500.000 5 120 0 0 0 500 0.000294744859818502 21.1958363871249 16638.5495076949 1560.79576378559 0.0227262282774128 0.0186919483973904 0.367530595746953 0.354579779383183 0.703636959513379 -0.0223948361357685 0.167449950830659 0.244105747366195 1 4.18821045593833e-006 
BG_0022_MCA_L_d5_cp121_lmd1d0.000_lmd2d0.000_lmd3d0.000_lmd4d500.000 5 121 0 0 0 500 0.000289874977786938 21.3413700459716 16618.4044251092 1561.66769956934 0.0225879109565077 0.0185481914091262 0.367620755003443 0.355971189852794 0.704261354697309 -0.0247153654071777 0.153993160313951 0.236836955236122 1 4.12282539451881e-006 
BG_0022_MCA_L_d5_cp120_lmd1d0.000_lmd2d0.000_lmd3d0.000_lmd4d1000.000 5 120 0 0 0 1000 0.000359264604878913 19.6032212448138 20634.3163506985 1551.25684806544 0.0244947746056486 0.020499908381377 0.368829342377582 0.337385976028758 0.693996015281136 -0.00788426583391082 0.199480817554462 0.257675392889078 1 4.18821045593833e-006 
BG_0022_MCA_L_d5_cp121_lmd1d0.000_lmd2d0.000_lmd3d0.000_lmd4d1000.000 5 121 0 0 0 1000 0.000352750908897777 19.7366954987607 20573.9557207475 1552.05600002817 0.024320109503105 0.0203245047913848 0.368746231841454 0.33884223819154 0.694777697646095 -0.0108172933760844 0.184461740724555 0.248184497380497 1 4.12282539451881e-006 
