#spline3d 5 120 5 120
0.24755425534767392 -0.082956733732586538 -0.16077963838081852
0.12396466640280673 -0.041391473110361753 -0.080143929466847508
4.2325327751036691e-005 1.9789978142876191e-005 5.5401918615474473e-005
-0.12404934299423459 0.041350632036776004 0.080033737394812246
-0.24812327823280489 0.082685134718910119 0.16003769071300483
-0.37211549179241254 0.12406857141570155 0.2401430323639844
-0.49622852664612221 0.16538265997707888 0.32009689647786654
-0.62023229464428375 0.20675865443652697 0.4001885525471055
-0.74429803724751697 0.24809950086045715 0.48020013516255966
-0.86836341739384137 0.28944186722197407 0.56021883376583537
-0.99238049613287693 0.33081010536046118 0.64028208698216016
-1.1164746674546713 0.37213283997451152 0.72026925631204941
-1.2404233841100247 0.41356699950346393 0.80046403903892471
-1.3648204673358291 0.4545922341788165 0.87985647951843859
-1.4878748811308238 0.49690400542425861 0.96174250683948703
-1.6138991969099936 0.53638064133129526 1.0381497010670178
-1.7360643607916753 0.57941775430965858 1.1214405083856931
-1.8559689791666523 0.62506174036749462 1.2097965541499311
-2.0103428728241215 0.63696934855203602 1.2328418196318245
-2.1603217067507887 0.6522356055871138 1.262394984121096
-2.3077312580367444 0.67047855287085611 1.2976938888985465
-2.4576513521553678 0.68610995097184457 1.3279595945270377
-2.6063014550876678 0.70301132792547549 1.3606635734985937
-2.7554087797519489 0.71946781331042819 1.3925321581204353
-2.9043937406962375 0.73605110346672775 1.4246030713270426
-3.0533991913419851 0.75260120140966236 1.4566565160127758
-3.2024045900601004 0.76916185636102097 1.488697372775424
-3.351413062617167 0.78570708773196241 1.5207287007846049
-3.5004177972741459 0.80226620906724688 1.5527987698048027
-3.6494180378604195 0.81883912445360552 1.5847837358647572
-3.7984309800180736 0.83535866762321154 1.6169325460525876
-3.9474418676265857 0.85192403960683594 1.6489730423921365
-4.0963624295704912 0.86870736396970127 1.6803205899774742
-4.2456863825721456 0.88424115806381565 1.7153886080281402
-4.3939343588084823 0.90358106172261998 1.7392183303383986
-4.5440419436730721 0.91505825020240283 1.7861294380062489
-4.6933059991146511 0.93489007225973508 1.8091065611376878
-4.833031449370643 0.98474485410300261 1.7424867015829322
-4.976212929198172 1.0227413405682044 1.7110791499576044
-5.1186170088978455 1.0638286289437244 1.6706199341661612
-5.261017484548618 1.1046597473329527 1.6308039415851194
-5.4035213646265312 1.1452391487153781 1.5917796444779329
-5.5459636115355773 1.1859975828840863 1.5522507401736665
-5.6884357745867202 1.2266962790278477 1.5128913582044483
-5.830888829567213 1.2673640132556347 1.473491522051529
-5.9733417785922365 1.3080927971458314 1.4341007837989836
-6.1158997582257681 1.3489899189094627 1.3948554512205831
-6.2579818302705092 1.3886433208563405 1.3547350682797215
-6.4014408578595079 1.4326113709905435 1.3176684683716691
-6.542225402472627 1.4662859277624416 1.2730396174166487
-6.6851227778015474 1.5156327010449329 1.2408784727112763
-6.8364861082586579 1.5647838499801581 1.204311528132346
-6.9344400476433306 1.4919917562983864 1.0886163313246831
-7.0352950124644966 1.4391390927664678 0.98875760644951316
-7.1416375985313989 1.3912702338500977 0.89055898028548053
-7.2441348580928162 1.3371497406185604 0.78884287979445611
-7.3481130017191862 1.2860647535617402 0.68902187880033705
-7.4518049477506212 1.2341428453198779 0.5886022168453674
-7.5553335973983851 1.1820360445797518 0.48805816133547553
-7.6596645518041102 1.1313395704986569 0.38879127847463379
-7.7611166045508337 1.0758785307770682 0.2850288463237437
-7.8704431902174692 1.0324621595396293 0.19255181173977257
-7.96433944196363 0.96813526214046974 0.081099605992533644
-8.0732745256341207 0.9150856468394224 -0.02258374643328763
-8.2378248171071231 0.97729427663930579 -0.01108783674378752
-8.3820068306154916 1.0115974105882346 -0.024581760686440683
-8.5306419238971358 1.0464883263260962 -0.039094027192796074
-8.6780826034449543 1.085312787754056 -0.050380669858666641
-8.8293928645016262 1.1214901420308474 -0.059229451167787259
-8.9739941769920986 1.1595151467360365 -0.077810413126413097
-9.1160120697401954 1.1946005278148202 -0.087373468784536668
-9.3108662699483613 1.23411889923897 -0.067682042023727587
-9.3143783911152589 1.2769355016877746 -0.23023143995119352
-9.2888040617440542 1.3128087999489695 -0.3918489818285576
-9.3047778273847612 1.3522058031812139 -0.52950001548585612
-9.2996078597831282 1.3898145572883613 -0.68240138911848369
-9.297550536625705 1.4293991518606681 -0.83048163071120629
-9.3036363095890362 1.465964228393879 -0.97788818688919821
-9.3013044560697615 1.5043624591804123 -1.1246815086302253
-9.2757806506943048 1.5520496863306601 -1.2857140601067942
-9.3907164522426783 1.5536252049412302 -1.3969657378091853
-9.5196430155402432 1.5472281507844163 -1.4900561137888657
-9.6218435316242754 1.5512863405896606 -1.5991039828387696
-9.7398966804445681 1.549566638635637 -1.7003785413439694
-9.8514437124083702 1.5501055694665011 -1.8044178837330871
-9.9649941747199637 1.5499854551969472 -1.9077382622802548
-10.078086570589955 1.5499971895032278 -2.0111879733156521
-10.191282298910178 1.550001961021551 -2.1145829156288904
-10.304430401367071 1.5500030563454013 -2.2180347236377957
-10.417594362499035 1.5499808892221196 -2.3214510146741865
-10.530729386345822 1.5500484688897569 -2.4249367721234942
-10.643991225040971 1.5499320378080732 -2.5282274863593606
-10.757104354970297 1.549948826701032 -2.6316682963895826
-10.86976685490257 1.5506485871303153 -2.7360121501972379
-10.98519573579164 1.5477369521172224 -2.8357837465185907
-11.092379116166468 1.5550246033973114 -2.9481629981151452
-11.215238706427771 1.5441455484746274 -3.038763355466624
-11.355800271417792 1.5087607850774076 -3.0970090143006552
-11.487466245880526 1.4850867841379118 -3.1701118318537747
-11.622264294557187 1.4574665974552974 -3.2384260946524894
-11.756260436076666 1.430717423398647 -3.3077942604864994
-11.890448702798306 1.4039396636487007 -3.3769336621452624
-12.024624068434896 1.3770322740173584 -3.4461459803773256
-12.158367241805335 1.3504545668704928 -3.5158846939062727
-12.293501152882699 1.3229632750707556 -3.5836428541729117
-12.426202066156563 1.2972073268123887 -3.6553418786210479
-12.559900484088651 1.2703043891670889 -3.7237178564689879
-12.70416120169169 1.2372205580517681 -3.7815413516669323
-12.797735125319926 1.238386079935734 -3.9070349367996013
-12.88613026739265 1.2415166094509746 -4.0332066602165462
-12.983811734932466 1.2392407437332964 -4.1503326268745315
-13.076121544549734 1.2402703691236336 -4.2733824843488888
-13.170474054654894 1.2399295076367185 -4.3939791141692908
-13.26430209674762 1.2400099269138729 -4.515287469873245
-13.358280054149853 1.2400014630853877 -4.6364041584984479
-13.452137692412032 1.2399979940681001 -4.7576223050334887
-13.546027932888041 1.2400002571186395 -4.8788188298922304
-13.63998601878323 1.2400003246244335 -4.9999604508425737
-13.734000486439413 1.23999789575991 -5.1210575136787568
-13.828061729637511 1.2399919008592946 -5.2421180843510058
