#spline3d 5 121 5 121
-0.34291732668049663 1.8037408796308285 0.96120317573862935
-0.23968908369671338 0.8285265653003473 0.32103525832152457
-0.019719302859339139 -0.021207706531434528 -0.046114054749193611
0.28511105890583488 -0.77960816140805156 -0.21467585258102262
0.50961082336927599 -1.6232083763664396 -0.56900008549134784
0.8326102413171772 -2.3650799147495745 -0.70067422308699046
1.0207331831709607 -3.2384274510274147 -1.1201716345073021
1.3617191546823699 -3.9878381788657196 -1.2886362730327052
1.9761158047468834 -4.4218942964965624 -0.3377971222357396
2.4813888005448259 -4.8664626121488137 -0.12953211344621771
2.8309429160940156 -5.6824394939320921 0.45323269871558103
3.2312051401635107 -6.4920815235647389 0.77411546058908054
3.237991897018099 -6.0714436454675562 -0.73312877241775232
3.5183455252625264 -6.0907410983263848 -1.3951637929131839
3.3259615001513012 -7.3549096905784515 -1.6198764152652991
3.4669788492614821 -7.7080017860232646 -2.29724239948166
3.9112788499192606 -7.9902432445884548 -3.2465815866852599
3.2925814062638423 -8.7673760081174379 -3.585712561285666
3.1193023481026478 -9.360192946801611 -4.1782322751694387
2.7064594229780514 -9.9984277653326057 -4.6655545542718588
2.454854776207815 -10.658545735911352 -5.1785686112643949
2.1351903485375088 -11.338488985934259 -5.715905666328764
1.3554758343584536 -11.388796795467124 -6.2528179393065546
0.73459091633106444 -11.614817518693537 -6.8680287235022854
0.097853912932915482 -11.846963660962606 -7.3613055904987474
-0.30331588643135055 -12.776054014610981 -7.656428446238988
-0.69397133505521846 -13.353730133747117 -7.8969612062421994
-1.3269304732540275 -14.040542360861203 -8.4523743318433286
-1.8283344580561154 -14.364816268820402 -8.5175723207405305
-2.6670343825009279 -15.075737233022261 -9.4836000550070754
-2.9393316737525166 -15.302340692880612 -9.0638094121081689
-2.6638956635959912 -15.771800649380316 -7.7823177724900017
-2.9511812915682776 -14.49768550031874 -7.3332981119489924
-2.4002854009405694 -15.410522554126524 -6.5022083320311346
-2.0575206998978324 -15.924793724491629 -6.0088202440145038
-1.5960932220693143 -16.290918273406927 -5.2830678988180644
-2.9739175014429482 -15.267085123837154 -4.4876421821679857
-1.7755496634581451 -15.604402746932196 -3.9557081919900816
-1.2004774530829083 -15.430771235358094 -3.4966425217099832
-0.4074594947808044 -15.58491496618892 -2.9429692050852925
0.30725333670848526 -15.250333038123271 -2.5990810538576423
1.15881595520825 -15.385104106780776 -2.1242286535253774
1.8436198048819561 -15.051149490360311 -1.7250134949796629
2.084459980681665 -14.079139041629922 -1.468141724930778
2.6371311181744095 -13.512291062520154 -1.1473622470798845
2.8955978370074265 -12.927285336333405 -0.48671874373672497
3.3857661876794611 -12.377516896799165 0.035090418195746459
3.6465584023666815 -11.751945265805469 0.54141141329351083
4.1544783187148964 -11.384645261760408 1.3104370243604919
4.4667492296206683 -11.154988758267777 2.0133168725366843
3.8216125734285282 -10.369528741463627 2.6623797550388262
3.6674477581008671 -10.126049392543624 3.383471075276312
2.8795591216956273 -11.126940025785384 3.7263383810056401
2.623461405162367 -11.361425114651249 4.4092996284082915
1.7162306931202962 -12.057770386903153 4.4614682042489058
1.3251349715179415 -12.612250193100097 4.625442461366311
0.28656996697191628 -13.050178345647783 4.93142910820655
0.23747351770330671 -13.91149800714126 4.8610281001754272
0.3827742431285911 -14.836649585320785 4.8997926419773137
0.24154313666215002 -15.699105474442774 4.7097128533474661
0.37917974149773814 -16.581154861701652 4.9151879639975453
0.35807689710380314 -17.258941874688173 5.5020080652098766
0.55673947283637459 -18.127451695383066 5.8189048979653295
0.39021718019690799 -18.781579438105705 6.2772456318505814
0.87471256107399886 -19.744662094251748 6.7023879077067932
0.18526826276121414 -20.198015468817964 7.0532495465930802
-0.55929746160623028 -20.705555784966865 7.3251301364488022
-1.1451367684329961 -21.127658896424261 7.7016705959093699
-1.8324595882275412 -21.843949493158988 7.9128888898171716
-2.5491127926993955 -21.663443033856485 8.5123419601793291
-3.2832055217822074 -21.706534309130546 8.9799768130939199
-4.0120199178288569 -21.679850469225254 9.4848605969313144
-4.5392711533513381 -21.982281219974549 10.184707423411442
-5.237922318708776 -22.043285918291804 10.716795364791949
-6.0633653732055048 -21.824596629570724 11.036476712383822
-6.8101893729071872 -21.800988858023416 11.496513487676335
-7.6369781928771872 -21.744662538769919 11.871704231289057
-8.1336154349470746 -21.010682175162739 12.280486412707559
-8.8035478918016636 -20.65301950944826 12.655215551896116
-9.3399233250943112 -19.942407991819625 13.050192946000298
-10.180545296165704 -20.12812134540485 13.536157186855549
-10.837413172300703 -19.781046205391807 14.040423394910704
-11.643495196411596 -19.882690242517402 14.445048871878514
-12.443377409117872 -19.990285466072535 14.784476932161404
-13.22409035023469 -20.082485552562904 15.169110187359447
-14.060269467539348 -20.072688980090302 15.547270997159258
-14.696622174164274 -20.677293215905937 15.858582429885852
-15.412846135490062 -21.038366261703796 16.218297769620719
-16.087221355574147 -21.496446807770191 16.516559823304036
-16.815275986330835 -21.921622907009851 16.893746012063886
-17.22230276506383 -22.460473432134897 17.379815563174137
-18.202418615018594 -22.858463979628695 17.70762937159499
-17.868057735258418 -23.54130149049573 18.42113131675622
-18.104547300087052 -24.024494214118324 19.161834010527535
-17.754457742399858 -24.782409098620263 19.57743663541002
-17.554509689855074 -25.486271084022096 20.04664778510697
-17.339475218419267 -26.214442521391703 20.517354268238396
-16.716691979350955 -26.825060630534914 20.810389744834783
-16.291674447525541 -27.499885774745248 21.146321868851594
-15.781830697412055 -28.129380848009493 21.53234771342817
-15.296954669985245 -28.798005990449024 21.816398709971708
-14.716343276342322 -29.486155287843378 21.85602524476446
-14.189083770935657 -30.164850168478903 22.024622461412637
-13.643745571703146 -30.840566442283329 22.169369098648229
-13.079939083992803 -31.534953351828342 22.218611696343647
-12.595427482354578 -32.184171375466804 22.575870396467916
-12.097337671183835 -32.845750717437326 22.904364797729222
-11.635377560222588 -33.50582612353255 23.165231404824574
-11.002509179426927 -34.121090215825852 23.707475038307717
-11.126987822398856 -35.041247374110881 23.045250201633035
-10.968044656403082 -35.804939066557644 22.879448610519709
-10.90844332053614 -36.655988984267189 22.494468054850334
-10.805182443623771 -37.45655887795602 22.215858329395132
-10.997105287113833 -38.241200126688035 21.775268162346002
-11.003561558698365 -39.032698968437174 21.422766757679266
-11.135952616853974 -39.823798753441899 21.027684266607373
-11.179697277340123 -40.613124882410887 20.652297148939411
-11.145221207396464 -41.379654178501887 20.203773100036553
-11.17458446451322 -42.164130933515054 19.813827473961958
-11.141860453018047 -42.930842761035649 19.364677484731182
-11.014579121164616 -43.671442986861621 18.830101501186618
