#spline3d 5 121 5 121
-1.1552004075431523 0.49137201312186157 -0.11832764759278394
-0.39857212498017447 0.4013471910227317 -0.22593294395768909
0.035149601285209234 0.030460437405945208 -0.032300764462018343
0.31592550432120275 -0.4732097227437892 0.30264130918908605
0.55883139764636225 -1.0153455123739523 0.68990647708580877
1.2877862511145941 -1.119767492619423 0.5743450772504517
1.8524916239298745 -1.3721215311636359 0.60573765065596019
2.5524539427724751 -1.4661556798953537 0.60074623799254356
2.858819825092108 -2.0871452954079754 0.5935788234983369
3.3504840002034286 -2.5551462659718815 0.62271039133357231
3.5199577943757654 -3.0968901831474982 0.52592456988212966
4.6423813885786585 -3.4974347990813497 0.82522735114668833
3.8208392476464597 -3.2916896173208654 -0.052337895508222231
4.4384984011163802 -3.7731890884270562 -0.29371750786294482
4.958911388389093 -4.1404109282869346 -0.52725393482263527
5.2535115964896066 -4.5012626096164272 -0.88850274784928174
5.9540183267079545 -4.8684207841729599 -1.0602220594512271
5.9027208799595741 -5.2798607710294458 -1.5923799109382764
5.876354391479957 -5.6059468526082989 -2.1808938611991064
5.9023197208660747 -6.0208940048716517 -2.6627643367681388
5.7762285450229367 -6.690241447548229 -2.8399525414257156
5.7302665640103356 -7.2249090676949104 -3.166969231737323
5.6358105515532646 -7.8189977347553894 -3.4290746842099589
5.6258240781547686 -8.4159808846834814 -3.6999953039365234
5.3044957683470617 -8.8794028061931716 -4.057253019736959
5.0812920431967967 -9.3792662436840608 -4.3904030919449362
4.8262588121006669 -9.8723973267193283 -4.7327075251192694
4.5848744575161504 -10.366965932078818 -5.0526144731627989
4.3353674069330239 -10.844591762900677 -5.4613611634630272
4.074714586782437 -11.412212373300951 -5.5469727237088309
3.7377680050598849 -11.987462355201908 -5.8122067712885199
3.5852202226126639 -12.492837325415305 -5.8434700558998198
3.0733458147979675 -13.145287157674847 -6.3025295734821185
3.1256156512791367 -13.556793738290915 -6.0436063680140819
3.8205969589339981 -13.873454259626808 -5.4920646230360841
3.7067464951818438 -14.149950073446059 -4.9860269222003879
3.708552383714129 -14.288338948533875 -4.3131352956932583
3.7603113742605485 -14.701056017506456 -3.7168646892883084
3.5818038947892132 -14.315269126708207 -3.1486108688740253
3.4060720333610952 -13.837600519971819 -2.5964299041392147
3.3467647984524276 -14.138036959937001 -2.0043417746332763
3.0474241006430858 -14.551374282574884 -1.4315918578154538
3.1819680994497803 -14.608001476038293 -0.86462006385771628
3.8745898719376095 -14.536836362052284 -0.38975090631962472
4.1726852803636909 -14.620824594841649 0.15404666843428516
3.2319034766262447 -14.432006633844413 0.57756089869099614
3.2761075526300378 -15.007949044541071 1.0239099548085902
2.9481620198271159 -15.405451340757505 1.4545684706385158
2.8304722546896026 -15.837018344427515 1.8947436242673346
2.4696924989849256 -16.255394596371083 2.3251958667535679
2.4934240367397886 -16.707553040206811 2.7766232172145142
2.7086283543869838 -17.176711030070329 3.209046521202334
2.7374578027649554 -17.612000164220952 3.6808557722877668
2.9652338151888227 -18.130613214657021 4.0314849345089465
3.0952335396111397 -18.656069878116458 4.3664430254865438
3.3066691380708888 -19.142982684244743 4.7571310598133669
3.465443940646538 -19.669430924635769 5.1057763638643001
3.3220422379307259 -20.340852016831182 5.1940818106495925
3.3238711516423249 -20.94001247976724 5.4034327905386501
3.2542729054000135 -21.571889579031666 5.5573962468905584
3.2310656884235498 -22.189765686184 5.7413690479157156
3.1590718272798863 -22.813298095915648 5.8999249687852346
3.1531489009923663 -23.43358352090349 6.0913625749919982
3.0796320704922429 -24.06275232483808 6.239568124057743
2.8288875097284452 -24.644386125722519 6.3826004685276256
2.6360057184597241 -25.258550445393286 6.4792270589387542
2.4154140059748035 -25.877647795071184 6.5972940740797261
2.4973928516840616 -26.280611224780326 7.1873387229278105
2.4926154950325095 -26.767860320782802 7.593838411111534
2.435459364145792 -27.227384345670028 8.0308334825330299
2.5699858659321322 -27.686542774647844 8.5415290079125228
2.3524168584332892 -28.170435574560436 8.891062986956209
1.9037433223327525 -28.653333261148756 9.0908701715593061
1.6213817904766763 -29.130967290970826 9.3940878550976343
1.2405332977637991 -29.600514695796441 9.6403455471164037
0.95907589930651749 -30.144983118150204 9.9085555513306431
0.38823515368297051 -30.344387699005186 10.211841631430486
-0.078619065290106205 -30.675178088299486 10.517705953654497
-0.60692227518203856 -30.89620214846132 10.795292879860174
-1.0487690800440999 -31.310934626629955 11.138854073903623
-1.6616699668412402 -31.342259079335637 11.351992420877252
-2.2961166260128416 -31.286112504972525 11.528163469049371
-2.897156387728288 -31.322505694415536 11.742719214761225
-3.5222244080787428 -31.306428943053707 11.929811301758518
-4.1304244201788132 -31.30516729710223 12.140181787221451
-4.7545616704358302 -31.325434567471856 12.320749514230206
-5.3576973591234944 -31.282322963632964 12.549245088880474
-5.9535475732614378 -31.198324735490406 12.787561886747284
-6.559485180326198 -31.165778542445 13.018469444587609
-7.1526132256192989 -31.065159867926642 13.247042845133471
-7.7647133362906953 -31.071912093865482 13.489936610028082
-8.3518021314110342 -30.922831830254136 13.707829233267571
-8.9073164274937096 -30.621463463863734 13.892584071530369
-9.4821831767694622 -30.420815160442086 14.098803477571366
-10.047030502525487 -30.164976371585755 14.294166626050668
-10.618202026347598 -29.938729227056022 14.489991214790106
-11.178490719172487 -29.695526368095067 14.707988685343627
-11.774362514312319 -29.461815512871823 14.834352322251593
-12.249195262903207 -29.233560497662531 15.274997984339098
-12.71915296466047 -29.148204616715844 15.624741724852376
-13.247054962613841 -28.679880334746802 16.042207196401556
-13.67455035227103 -29.118719478950119 16.347054989424041
-14.05516031981826 -29.626222120778557 16.59959817520398
-14.497627089730226 -29.918992034551824 16.923262611489825
-14.864060442262344 -30.454665900526731 17.169958674688871
-15.33798435290532 -30.785781302766051 17.472943186789067
-15.703409793891565 -30.705970587861838 17.986600668674711
-16.405414944504059 -30.56313020430466 18.418723479363905
-16.461608383250734 -30.932642021341302 18.886972818173845
-16.157982497016103 -31.557522719727853 19.24479382905999
-16.068886036326305 -31.98236549000563 19.667118191666344
-16.430755114750347 -32.48033119936531 20.039739450203484
-16.595666493344147 -32.940886904634048 20.40536830052757
-16.87869599552727 -33.40580233527978 20.800405341272601
-17.160538835691256 -33.865559352728532 21.208895206395127
-16.720728115115843 -34.516121400793651 21.23854688764807
-16.589153837714015 -35.080880015911205 21.42737321415893
-16.330356098772643 -35.682878429844465 21.551605294844315
-16.12506052602421 -36.268208039963511 21.702231618976832
-15.899572729109401 -36.860611329958999 21.8440831722422
-15.649009761801835 -37.462511923978809 21.975985623227416
