#spline3d 5 120 5 120
-0.29876658402773038 -0.099393857504370811 -0.01546460456421129
-0.14935964992529929 -0.049752137292654895 -0.0078701859304139681
6.3266004988349403e-006 -1.459299624419351e-005 -3.6771207156330837e-005
0.14934973155992429 0.04977145814390585 0.0079590677202288525
0.29869059283209765 0.099552015956867926 0.016056108076607192
0.44803262414858208 0.14933570996199549 0.024070953543349292
0.59737622318506245 0.19911384677821239 0.032025136339013403
0.74671662806252714 0.24892020551408409 0.040152417954369725
0.89606711926423588 0.29869853095670568 0.048195573348316929
1.0454089001816183 0.34829532991575612 0.055950991862827718
1.1947257394780992 0.39844273519003098 0.064317495377891984
1.3441211078033926 0.44840819453691683 0.073197947807512612
1.4935007900007293 0.49625148524621993 0.078053447036680504
1.6425547209400533 0.54838498963885529 0.087588195642569103
1.7922061034105468 0.60347630279461872 0.10744596239173587
1.9431360597502618 0.6283521394007574 0.084236311468264768
2.0953885541491282 0.63109701646301708 0.011422314076965643
2.2454690477355967 0.59373402368110351 -0.0036980012178362389
2.3821714116489083 0.51306358430607191 0.036216703002104729
2.5147242593078603 0.45109878690070521 0.065316933267526564
2.672887592688153 0.35832532188300614 0.063828389941971084
2.8056978113027999 0.2990597537600489 0.097531860153347666
2.8366131135277119 0.37792854019821859 0.24340667773817418
2.858877425050371 0.46549180810752305 0.39293917274410683
2.8997990386407815 0.52847191575979058 0.52278907580003375
2.9359181343776699 0.59767492211932471 0.6586097627083316
2.9680599276419302 0.67096704198583246 0.79841748840206095
3.0071535889355845 0.74011249760135733 0.93159498963304388
3.0447401736592812 0.80891401902374271 1.0641090033527001
3.0562321862071227 0.88696675067146302 1.2241231991367467
3.1336501513165458 0.94966756046842171 1.3299434329301885
3.3075239684459934 0.97837414534775125 1.331849843486596
3.4631899802330186 1.0114665813129331 1.3490704896952854
3.6100520659668671 1.0483430682514294 1.3772295247669109
3.7628749941409483 1.083261761307315 1.3992408196251276
3.9157250058786253 1.1180027936353309 1.4208798762530102
4.0672633553650392 1.1532261706519835 1.4439668846835294
4.2192281832636871 1.1883281740095599 1.4666648723044917
4.3713428571818564 1.2233645021428059 1.4891665327320018
4.5233004204431229 1.2584573464612105 1.5118361019161235
4.6752937692181042 1.293530568570278 1.5344726494615561
4.8273037901056997 1.3285943579564272 1.5570905040944176
4.979297194430707 1.3636820360180031 1.5797286312231997
5.1312960741520719 1.3987538153185111 1.6023561972764466
5.2832928019864394 1.4338363279293824 1.6249904845773866
5.4352912948773655 1.4689129833841159 1.6476199555581488
5.5872915029255275 1.5039864760045401 1.6702444881474086
5.7392898058074779 1.5390575257929324 1.6928779189911591
5.8912855353618907 1.5741351324177486 1.7155166602386844
6.0432884833137726 1.609237123047272 1.7381158591511123
6.1952839752935489 1.6442930219256164 1.7607748248690465
6.3472756621334128 1.679208357004907 1.7835133754885981
6.4992852281474249 1.7147588066461552 1.8058057516255961
6.6513043125748954 1.7497654014623465 1.8284939197841155
6.8031948664905535 1.7826937833630885 1.8526936274733365
6.9553066315939454 1.8220640565833759 1.8721248437924596
7.1075807454598445 1.8590317757837218 1.8934521736064487
7.2584188979077116 1.8646369639694949 1.9378880220443389
7.4080359523491142 1.8581950372972831 1.9909862160221439
7.5580535373001432 1.8598112457442975 2.0381888763747735
7.7081314008415074 1.8603997322369765 2.0861384236680527
7.8581229623220921 1.8599133372644807 2.1349452115490091
8.0081547113939724 1.8599723828427657 2.1833983223976343
8.1581234197106252 1.8599637179896442 2.2311860780531489
8.3081156083267835 1.8600382800800093 2.280221152167516
8.4583990538387344 1.8602310550932115 2.3299762435414055
8.6081399299947368 1.8594793838428172 2.3734067724522516
8.7573661361990922 1.8597353777340679 2.423219584559686
8.9099125693127519 1.8630031018371145 2.4934942482640672
9.0600827747010975 1.8548651005543961 2.4894232544670567
9.1990296582956539 1.8335866464457617 2.3969549744916923
9.3392440218348725 1.8157937150715626 2.327383005429716
9.4809124746117774 1.7988844169921225 2.2639970886477268
9.6218245273575054 1.7810595260179236 2.1944438808722087
9.7627395000318007 1.7633596601801567 2.1257334230730982
9.9037631231998269 1.7457948519536071 2.0578749070049853
10.044779228852724 1.7281649064813691 1.9896573303330241
10.185769035705643 1.710529919551943 1.9213518822101487
10.326770581794458 1.6929044564247699 1.8531640023180438
10.467765360241959 1.6753052874012382 1.7849192914133603
10.60876749594426 1.6576513478522981 1.7167071528304489
10.749747789780956 1.6399090463770585 1.6485063789023706
10.890810341382466 1.622678965914758 1.5802282798831033
11.031809599638224 1.6049895150731179 1.5119986392748539
11.172414844880747 1.585329339799983 1.4439812406343411
11.314229663297109 1.5721592383645842 1.3753978048883115
11.45547925459948 1.5552647897160781 1.3069555970355644
11.591025365929594 1.5089418576075406 1.2413522125470635
11.724314878994337 1.4528570707110229 1.1769043842675366
11.859004126028788 1.4039268538463858 1.1117457831844386
11.99358819584843 1.3541006942314513 1.0466358667808415
12.127935677807855 1.3031837282816812 0.98165907492700233
12.262389111879648 1.2528520974127313 0.91661246320468259
12.396821381908511 1.2024720416634118 0.8515443474425699
12.531256601413098 1.1520231671342829 0.78650949331995346
12.665668816158941 1.1016286926950916 0.72139641601746085
12.800104602084319 1.0512255631126641 0.65634801971910894
12.934548092256097 1.0008110105936856 0.5913020581782148
13.068993393086064 0.95040333533449273 0.52625268691308924
13.203463959585326 0.89996923074305979 0.46136802230780605
13.337829336526912 0.84954240985875284 0.39614168098292735
13.472100444423637 0.79913827340068821 0.3304067877770584
13.607186064773455 0.74872213939732724 0.26746164751733281
13.741456327553209 0.69837701992588919 0.20253511247478956
13.872730421558497 0.6478735061853117 0.12572354559239965
14.015353810015206 0.59731710152348316 0.087025411625950844
14.167433986532975 0.54752110761967154 0.088177324395825485
14.317047209154836 0.49785377458105939 0.082332908873708976
14.465685516290854 0.44803827302336813 0.071467599917168514
14.615234188752435 0.39824654505578883 0.064005427048592953
14.764657869786058 0.34847920635092106 0.056437433267082809
14.913927113672035 0.29869864317466083 0.048080686465190765
15.063285495364052 0.24892090912483378 0.040109967007111065
15.212633000754025 0.19913759344548326 0.032062257298967813
15.361970990563432 0.14934640226552287 0.024071089904353016
15.511315130954451 0.099567476656338319 0.016051809359950684
15.66066066048098 0.049800277999940454 0.0079663529118472031
15.81000530312655 1.8426254468557706e-005 -2.8020951284649455e-005
15.95933144927281 -0.049835752634899956 -0.0078953124521685715
16.108623882844 -0.099814671927001136 -0.015584167843533177
