#spline3d 5 121 5 121
0.30947795923999816 -0.10293104499389095 0.010727652903875881
0.15470278897636949 -0.051555429025183154 0.0054966765712073694
-5.3458325263983225e-006 -1.2039302271501155e-005 2.8047297336133062e-005
-0.15469514246607285 0.051570338590981313 -0.0055518046389670438
-0.30939480927739099 0.10313272626957545 -0.011086221978052401
-0.46409501540443254 0.15468545371814027 -0.016630767395782925
-0.6187840148147381 0.20628341124323468 -0.022177613483208472
-0.77348269064587416 0.25783162079122168 -0.027718073349579316
-0.92818511196565123 0.30940645703879022 -0.033271963474719578
-1.0828695702605307 0.3609647740387969 -0.038807191188451211
-1.2375923416664321 0.41253975934602083 -0.044359453009847581
-1.392241906088076 0.4640902016645595 -0.049891520488644536
-1.5470287084134715 0.51568194722519156 -0.055455390117559095
-1.7015592874664269 0.56719704342074528 -0.060980940683868633
-1.8565674644708205 0.61886695965061056 -0.066537063998204402
-2.0106815111093757 0.67019875040823462 -0.072103552417771305
-2.1664950713269864 0.72234013960752363 -0.077458313217755967
-2.3189877454311527 0.77233690040531799 -0.083873948124193756
-2.4782397271882681 0.82853209412252271 -0.086057560318077916
-2.6230138768784159 0.86584502879739911 -0.1035738153005243
-2.8005974059217746 0.96248808312880885 -0.067878902810540584
-2.9000060167838968 0.86365562195923173 -0.21942305197121043
-3.0123889757584466 0.82407688329575202 -0.30877992945539029
-3.1198061924769545 0.7594844319549473 -0.42635008775164529
-3.2370296584143499 0.71521221654148504 -0.52135244693470362
-3.3351111163383376 0.64487832237516307 -0.64376350616246247
-3.4583690201724289 0.60254439851765895 -0.73810027773408038
-3.6347997815641766 0.62978323201481867 -0.75989599290585153
-3.7782289186079834 0.61471965259164674 -0.82560697296454455
-3.9399383283332949 0.62282975945022434 -0.86730114448279572
-4.0917479191985322 0.61848775646077936 -0.92191165378664364
-4.2489468539825559 0.6208174094877329 -0.96944612159994548
-4.4030922872936227 0.61956153900414823 -1.0211672670139393
-4.5591630946619714 0.62024087197775268 -1.0699284505959172
-4.7136771202606571 0.61987380908524026 -1.1216104059735532
-4.8699864263181434 0.62007036699321105 -1.169239258056179
-5.0236866641769344 0.61996815485893431 -1.2233524492991199
-5.1813264244987955 0.62001578103572696 -1.2671948960787784
-5.334280147659979 0.62000443916662451 -1.3240374615530046
-5.4773113686221615 0.61998317245429446 -1.4042799410528064
-5.6263148016121276 0.62004756280885198 -1.4702294253297246
-5.7719519221749751 0.61990727463983009 -1.5441779843373691
-5.9196486216884709 0.62020598511856795 -1.6134700449027264
-6.0657484421525405 0.61953244388434636 -1.6859029883753305
-6.2138347821034472 0.62118800626705084 -1.7551829160543906
-6.357889658488407 0.6167911371488618 -1.8301376840837602
-6.5123405679885531 0.62921666187813929 -1.8906861623151985
-6.6370210392133178 0.59174130155432902 -1.9934294648379276
-6.770298911254641 0.56876055291694383 -2.0837202510513775
-6.9010174776115933 0.54158428009199 -2.1778863235808075
-7.0325910317481108 0.51550002814621576 -2.2706092044686481
-7.1636942317574075 0.48932943446539429 -2.364278422636823
-7.295335812790535 0.46276838867226699 -2.4567579628512464
-7.4261270334835254 0.43707601259093459 -2.5511617778324878
-7.558350673803103 0.40978441397160831 -2.6423148420057037
-7.6881697485105942 0.38525004936215684 -2.7388211061923826
-7.82180581889879 0.35642707175758248 -2.8273880280919572
-7.9503746525199643 0.33257773037654981 -2.9241159417331786
-8.0812107556872519 0.31059834778452061 -3.0290825147501974
-8.242074930311226 0.23313083469864915 -3.0118895361175881
-8.3872250166791673 0.18098009032782997 -3.047562494187483
-8.5403072000726326 0.1170022341984376 -3.0594596276536428
-8.6893569462238922 0.058592000568156402 -3.0823275557212133
-8.8404483625524328 -0.0021919309494454575 -3.1004100637931975
-8.9906220643287824 -0.062505349026848761 -3.119627611369256
-9.1408895280292288 -0.12171158265659104 -3.1409523767164695
-9.2919733616771882 -0.18424567173714496 -3.15545513894393
-9.4407339239185131 -0.2389151222861709 -3.1862866017268892
-9.5950040675530222 -0.31220051462520682 -3.1785319954362623
-9.7364187569129719 -0.34057055152268484 -3.2637071816152345
-9.8799161895228416 -0.37748919523688867 -3.3305724933721872
-10.023158764491765 -0.4133202969938749 -3.3997666278491283
-10.16672113575072 -0.44938314524678735 -3.4690947358329534
-10.309326212660421 -0.48426707707620081 -3.5393198114265623
-10.453873597502765 -0.52201185067975442 -3.6064764980493962
-10.59523280605023 -0.55481335256481634 -3.6795224812612539
-10.740273204342268 -0.59372278785840826 -3.7447288956998239
-10.887201688426064 -0.63333485193324335 -3.8103187597474055
-10.990016900894929 -0.61348843741811221 -3.9477575017531583
-11.113898310320403 -0.62350571106734887 -4.0496539547132135
-11.22874600978157 -0.61744788344973711 -4.1683896081796323
-11.344786820867041 -0.6234878028494879 -4.2807829944836557
-11.469223384871908 -0.61182789806516213 -4.3900271885543622
-11.562889737080022 -0.64505979698729177 -4.5214415091867055
-11.662311393313923 -0.66780774717266933 -4.6483047354299565
-11.761455697658448 -0.69278364834381434 -4.7756006684796546
-11.859703746256029 -0.71760196489976413 -4.903478379416752
-11.959078884228965 -0.7420886130850961 -5.0304572363496431
-12.057279708963936 -0.76707073789095026 -5.1585406223543524
-12.156950921933053 -0.79130217870938624 -5.2850495175000285
-12.254176702688342 -0.81682342475627989 -5.4142803562235198
-12.355804895772319 -0.84006365469712896 -5.5385932689334147
-12.449453049073799 -0.86734344852308221 -5.6717425858704162
-12.55718767447399 -0.88765504142186813 -5.789583682261914
-12.641830152308362 -0.91905455658122293 -5.9315639068594184
-12.755872555818964 -0.93748149518131296 -6.0464626443806484
-12.924183834359017 -0.92586281003050352 -6.0901981449067293
-13.059156284779888 -0.93220971303047129 -6.176093807559945
-13.212419944589101 -0.92884209847023536 -6.2392877881196247
-13.355887154262437 -0.93058259753775252 -6.3145357993627256
-13.504456840211613 -0.92976043254220886 -6.383534738742485
-13.650679367254599 -0.9299938767523912 -6.4553344088843678
-13.797448774988107 -0.93026030774995627 -6.5265957221170696
-13.945207897545883 -0.92937650173743869 -6.5964641880483024
-14.090005367701577 -0.93126732171938653 -6.6702645638127818
-14.241008896641201 -0.92748411718490198 -6.7359285080575582
-14.379686130820238 -0.93507315039425476 -6.8177309421408836
-14.543070044164249 -0.91960724300455599 -6.8668343356245156
-14.658191844663135 -0.94988551456238612 -6.9811605123893257
-14.769330804590149 -0.98207524094643195 -7.0972216170918099
-14.888216201732241 -1.0080172952641979 -7.2049399880270739
-15.001315339143041 -1.0387766555713573 -7.3192898523163974
-15.118128908170773 -1.0664818763402455 -7.4293191521855562
-15.232708177088877 -1.0959848257917486 -7.5419508131890423
-15.348537602926614 -1.124482192589894 -7.6531199966393562
-15.463762959082674 -1.1535046449816968 -7.7650176175594101
-15.579212609121205 -1.1822726306860498 -7.876614636878676
-15.694537267114203 -1.2111728955761629 -7.988386075629462
-15.810125232352085 -1.2399596306008118 -8.0998604955291569
-15.92521711281109 -1.2689215321761091 -8.2118490599208727
-16.039235499272763 -1.2981855340455297 -8.3249580772903755
