#spline3d 5 120 5 120
-0.38133679176829938 -0.095702279632958243 0.21571565888082841
-0.19075412311195744 -0.047757979342964503 0.10780056290034429
-2.3014052297415175e-005 2.0278643748474992e-005 -1.9464757637480519e-005
0.19080317257592522 0.047719774794052101 -0.10775721392709156
0.38162478455211352 0.095416296418772167 -0.21544632553408474
0.5724591735462633 0.14312760280754661 -0.32318969330131886
0.76326325670756456 0.19081104917315006 -0.43085951154128466
0.95411837454293358 0.23855830472440523 -0.53865858458810012
1.1448349028510694 0.28620565749292298 -0.64629713194590588
1.3358625003117919 0.33400212636850585 -0.75414606002648599
1.5263350582846749 0.38151491576471647 -0.86156115169382586
1.7177159069527785 0.42968302047816787 -0.97002904908842957
1.9076576810985264 0.476176280527012 -1.0758831406219125
2.0995615642164882 0.52737645791567411 -1.1887867676186485
2.2902962937278231 0.56434323153557175 -1.2809393416379575
2.4743287401891836 0.6465049145793621 -1.4378248162403222
2.7097522314235909 0.57343225918146934 -1.3761181733429788
2.9247404997476876 0.54903836522798655 -1.3794349194603697
3.1478117782213526 0.50673356578917383 -1.3636687921531983
3.3685922408257589 0.47419248166529798 -1.3511007106455348
3.587875926900391 0.43160997635614712 -1.3431737014833838
3.8126133627452177 0.404622618186053 -1.3230060340121739
4.0261458224030466 0.34991213315486858 -1.3269015001804865
4.2599753733863555 0.34578744250877552 -1.2860125411124241
4.4623870172432794 0.25516172754847366 -1.3214843920089263
4.640550419614998 0.12792797669379599 -1.3915355361728212
4.8368053592454148 0.032268878279172096 -1.4323240544613924
5.0221101959896082 -0.08337608822695465 -1.4915234987797097
5.2137734181289161 -0.18724348727135923 -1.539917725952205
5.401700965122572 -0.29797281877939474 -1.5945872746764718
5.5919811054814765 -0.40455472647898233 -1.6454731305015184
5.7804839520093294 -0.5139935144066774 -1.698937437374441
5.9707419280466008 -0.62092299340784929 -1.7501945531757899
6.1590598389582301 -0.73046639754712939 -1.8037020613734069
6.3486748701476534 -0.83796667667373093 -1.8554953629188031
6.5426808170386757 -0.941865387049586 -1.9039605736184582
6.699592802360379 -1.0833769837107341 -1.9859393441905673
6.8718848668271182 -1.2087768611116136 -2.0536315046661948
7.0373024612069015 -1.3415250849810667 -2.1278374928884625
7.2060390431676709 -1.470705594106658 -2.1988457004275999
7.3730198223511199 -1.6017227518895121 -2.2715757396230969
7.5410758861879863 -1.7317297314309057 -2.3432226575640946
7.7084299380541994 -1.8622058670947872 -2.4156831294254131
7.8762919348933487 -1.9926571851181838 -2.4873409398703497
8.0435759903755919 -2.1227758349684112 -2.5601270392442625
8.2117415439145294 -2.2536841535424816 -2.6310334709528509
8.3783946616930862 -2.3830648334292599 -2.7052630697368762
8.547740909668784 -2.5152638498907849 -2.7735060862365146
8.7122415161063262 -2.6423340648217186 -2.8526086985903176
8.8854545225032062 -2.7786732269743011 -2.9119591452522102
9.0432507527646688 -2.8985282011998539 -3.0069744239256506
9.2269987679643499 -3.0463731074920664 -3.0395830275333733
9.3748750214439838 -3.154484030968284 -3.1671789911360868
9.4778668664744909 -3.2156280992682795 -3.3720020140423483
9.6102875193868282 -3.3090482467346334 -3.5200287375783801
9.7261879753655691 -3.3819548670644521 -3.7042755802268545
9.8503845403012118 -3.4703214948172798 -3.8631892090466713
9.971895853429583 -3.54130138932861 -4.0461374810602679
10.09120270306339 -3.6426496915970761 -4.1938325177180058
10.218786867723541 -3.6746195938064812 -4.4131658914973757
10.328634629141925 -3.8871776384812478 -4.4618646938874296
10.436392152974008 -4.0664597733998145 -4.5308691025182757
10.546829495212721 -4.244887998063736 -4.6081114687889713
10.656813255568338 -4.434999762961148 -4.6699508130072473
10.764091361126617 -4.6051901288075516 -4.7533480362969289
10.878202115725276 -4.8083770504955545 -4.8032955858977378
10.979709913140562 -4.9564865646566121 -4.9088021987408128
11.100707060087288 -5.1911537812286666 -4.9235239701857756
11.20309567363163 -5.3251710335818956 -5.0602701027528925
11.231898263904325 -5.2379541625937067 -5.3403023174862394
11.303286043503803 -5.2896049881461584 -5.5170447088678136
11.349227370061273 -5.2542799724859366 -5.7629534405748339
11.416567716275637 -5.2918570439988164 -5.9507628500654492
11.448980192511998 -5.2203364772592584 -6.2160736210659202
11.576216723705983 -5.4161488892535425 -6.3260670037303033
11.675613721513491 -5.5445915087111688 -6.4684568775548792
11.785577994863898 -5.6882645466280044 -6.6051367266404286
11.888199050910686 -5.8323720209732892 -6.7431876417573298
12.000498648569303 -5.9693657535101385 -6.8780296080081769
12.096879558673828 -6.1193046838046907 -7.0203242018631258
12.219314938682514 -6.2492191763761964 -7.1498934701158401
12.304901279727245 -6.4032271928754971 -7.2939792049705972
12.416278623882958 -6.5593590735085474 -7.447098775408203
12.700848745312651 -6.4875170338625967 -7.4104705657599341
12.892899319212331 -6.521073671021604 -7.4633949328937268
13.126701678342673 -6.5008885129451945 -7.4788312689840764
13.365816781962517 -6.532658634718076 -7.4728572690375383
13.490064661733738 -6.4137622050690535 -7.6783286592581748
13.651080653519802 -6.3564046159789749 -7.8015224529837317
13.799209934265201 -6.2721075357234879 -7.95758473924377
13.952603491661822 -6.2004424714021456 -8.1020808120192278
14.103048300727195 -6.1222648112030527 -8.2455132906768771
14.255441221877584 -6.048654125087932 -8.4043438926046932
14.408618831561977 -5.9678251301569798 -8.5187980385947473
14.54859380046913 -5.9084579046199552 -8.7532692335873037
14.755895174225474 -5.772624986523792 -8.6450193902983958
14.932847206469413 -5.6633282934185081 -8.6130534653595099
15.123492021925696 -5.5440579060828448 -8.566932716200597
15.307652334619366 -5.4288786318328333 -8.520666713448044
15.495022526920074 -5.311809975413663 -8.4767685786585592
15.680769980497974 -5.1958040286956244 -8.430823203567309
15.867295143621499 -5.0789541082742744 -8.3864425989046136
16.053584422542816 -4.9631058438716851 -8.3407381944129391
16.239656746481735 -4.8457093180336015 -8.2965092751248974
16.426447440343733 -4.7309946015816307 -8.2499808496674341
16.611772997881367 -4.6114300150513907 -8.2076017499937937
16.799885023339581 -4.5007865827632951 -8.1575632449750017
16.982802479033293 -4.3737921059637026 -8.1214914880743621
17.174646486753186 -4.2745130250226877 -8.0618512449124893
17.368854444318025 -4.1829865430843318 -7.9954628748418326
17.560534561348838 -4.0831881292201926 -7.9363578909155219
17.75388170630363 -3.9889359112398348 -7.8722714356841621
17.946244816566089 -3.8913379304463409 -7.8112519631094681
18.139165359036006 -3.7956984371562612 -7.7483907133395205
18.331785750346221 -3.6989097716861443 -7.6866819562828415
18.524557652904782 -3.6028327310674459 -7.6241676864074295
18.717249743306574 -3.5062338188820705 -7.5623188402299135
18.909977316023742 -3.410118701155012 -7.4997571507966398
19.102788483915035 -3.3135366501095316 -7.4382432284167699
19.295803072075159 -3.2159863856478523 -7.3789804130105949
