#fname degree numKnot L1 L2 L3 L4 MSE traceH AIC AIC0 GCV GCV2 cv_avr cv_stdev cv_error ts_avr ts_stdev ts_error sigma0 sigma_opt
BG_0011_MCA_R_d5_cp120_lmd1d0.000_lmd2d0.000_lmd3d0.000_lmd4d0.000 5 120 0 0 0 0 6.60531855262163e-006 119.999999999999 -892.108635433208 2374.09134136397 -0.0128504071459059 0.00428346904863471 0.49820874375131 0.930237340273793 1.04544404931645 -0.763911675948054 5.93922855629564 6.00992883262102 1 8.89868832822209e-006 
BG_0011_MCA_R_d5_cp121_lmd1d0.000_lmd2d0.000_lmd3d0.000_lmd4d0.000 5 121 0 0 0 0 7.26851625147008e-006 121 -862.029581790462 2380.09154032328 -0.0128381837741316 0.00451846691491803 0.499346670012571 0.918019303993446 1.03406320374871 -0.24380153812623 6.18801479360948 6.20086669302584 1 9.16421583822411e-006 
BG_0011_MCA_R_d5_cp120_lmd1d0.000_lmd2d0.000_lmd3d0.000_lmd4d0.000 5 120 0 0 0 0.0001 6.87231034285693e-006 113.038870844099 -924.874360537864 2332.32464652611 -0.0201053389062817 0.00420650407589192 0.459563253678803 0.904719318084691 1.04139174696873 -0.319480480662101 3.8850488331333 3.91394275911823 1 8.89868832822209e-006 
BG_0011_MCA_R_d5_cp121_lmd1d0.000_lmd2d0.000_lmd3d0.000_lmd4d0.000 5 121 0 0 0 0.0001 7.46944873746559e-006 113.956398524541 -897.713459731723 2337.82999175028 -0.0195826252658948 0.00440707855900598 0.464749841659973 0.898121427823969 1.03309193436441 0.117488909530002 4.81631788182616 4.8164656967155 1 9.16421583822411e-006 
BG_0011_MCA_R_d5_cp120_lmd1d0.000_lmd2d0.000_lmd3d0.000_lmd4d0.000 5 120 0 0 0 0.0002 7.3596437392706e-006 109.568140005325 -929.26935580748 2311.50040769348 -0.0283531212045628 0.00427375912750318 0.438049087609308 0.887092863707255 1.03709567143993 -0.120273449145385 3.11311957139208 3.1252858768832 1 8.89868832822209e-006 
BG_0011_MCA_R_d5_cp121_lmd1d0.000_lmd2d0.000_lmd3d0.000_lmd4d0.000 5 121 0 0 0 0.0002 7.85659229420085e-006 110.438289404517 -906.148573248684 2316.7214531732 -0.0268526885494615 0.00443596125221977 0.445980862575199 0.882473962659616 1.02904531279342 0.161539630854347 3.77947189285366 3.77947717118144 1 9.16421583822411e-006 
BG_0011_MCA_R_d5_cp120_lmd1d0.000_lmd2d0.000_lmd3d0.000_lmd4d0.001 5 120 0 0 0 0.0005 8.89868832822209e-006 103.054524462677 -916.465494737216 2272.41917615097 -0.0976606005188504 0.00454399918318523 0.412822087310615 0.8523495666301 1.02121305211368 -0.175584411281675 2.43981878795631 2.46214323812152 1 8.89868832822209e-006 
BG_0011_MCA_R_d5_cp121_lmd1d0.000_lmd2d0.000_lmd3d0.000_lmd4d0.001 5 121 0 0 0 0.0005 9.16421583822411e-006 103.850401076021 -902.869506018632 2277.19451548929 -0.0786215650337475 0.00463000526534507 0.419791447448882 0.851350564706776 1.01655423408625 -0.0428465871605777 2.39289371610332 2.40107724490642 1 9.16421583822411e-006 
BG_0011_MCA_R_d5_cp120_lmd1d0.000_lmd2d0.000_lmd3d0.000_lmd4d0.001 5 120 0 0 0 0.001 1.0957218216869e-005 97.1013782251712 -882.785496303717 2236.7009162849 0.11419802815842 0.00489431946112323 0.403687567622531 0.819657924637064 0.99928710361277 -0.196960246855669 2.08201664313816 2.11159333428198 1 8.89868832822209e-006 
BG_0011_MCA_R_d5_cp121_lmd1d0.000_lmd2d0.000_lmd3d0.000_lmd4d0.001 5 121 0 0 0 0.001 1.10222775386881e-005 97.8400486231405 -878.106066211745 2241.13295819052 0.153706309898847 0.00492676447689348 0.407266504117904 0.821072335979341 0.998407078754886 -0.212303214810901 2.12995167056114 2.16142770135006 1 9.16421583822411e-006 
BG_0011_MCA_R_d5_cp120_lmd1d0.000_lmd2d0.000_lmd3d0.000_lmd4d0.002 5 120 0 0 0 0.002 1.37799772977296e-005 90.7714702641689 -825.601736524581 2198.72231534661 0.0402246000942103 0.00532260947228419 0.399638614054743 0.785971275029592 0.974233888237797 -0.190588601894827 1.48596715678132 1.52567497243902 1 8.89868832822209e-006 
BG_0011_MCA_R_d5_cp121_lmd1d0.000_lmd2d0.000_lmd3d0.000_lmd4d0.002 5 121 0 0 0 0.002 1.36692594924739e-005 91.4548487498553 -829.765597686978 2202.82255304539 0.0432665971393718 0.00531855496642401 0.401621345465273 0.788221085692935 0.974881782108231 -0.240619580414296 1.91822458983729 1.95864162154127 1 9.16421583822411e-006 
BG_0011_MCA_R_d5_cp120_lmd1d0.000_lmd2d0.000_lmd3d0.000_lmd4d0.005 5 120 0 0 0 0.005 1.88735694522262e-005 82.3913198056795 -704.163213896534 2148.44294067332 0.0246717647809803 0.00598924475994962 0.393398886481586 0.742048254598081 0.942994832526636 0.173621601017602 2.01123920904797 2.01132336062449 1 8.89868832822209e-006 
BG_0011_MCA_R_d5_cp121_lmd1d0.000_lmd2d0.000_lmd3d0.000_lmd4d0.005 5 121 0 0 0 0.005 1.8544118708979e-005 83.0052169088077 -720.879874904225 2152.12622445687 0.0253388834213179 0.00595353705813285 0.394124264066515 0.744956111323924 0.944838391739251 0.106541349065814 2.04830571147196 2.048884135364 1 9.16421583822411e-006 
BG_0011_MCA_R_d5_cp120_lmd1d0.000_lmd2d0.000_lmd3d0.000_lmd4d0.010 5 120 0 0 0 0.01 2.44374467129929e-005 76.284047605069 -553.232778129123 2111.80097663284 0.0208443013854902 0.00662906405294532 0.387129705535174 0.708011822811061 0.920445389974646 0.106879371830802 1.51728916919558 1.51805913542187 1 8.89868832822209e-006 
BG_0011_MCA_R_d5_cp121_lmd1d0.000_lmd2d0.000_lmd3d0.000_lmd4d0.010 5 121 0 0 0 0.01 2.390907284436e-005 76.8483555511025 -582.193769639774 2115.18666579688 0.0211202727991081 0.00657358875014675 0.387457952817867 0.711159426723597 0.922659571573916 0.108898564803054 1.66299756389959 1.66364264784811 1 9.16421583822411e-006 
BG_0011_MCA_R_d5_cp120_lmd1d0.000_lmd2d0.000_lmd3d0.000_lmd4d0.020 5 120 0 0 0 0.02 3.22074078498461e-005 70.4827218725299 -326.093324650409 2076.99535322594 0.0192265596190801 0.00741794751585887 0.382825338615037 0.672861880540122 0.896528847904035 0.0728542716694132 1.33596459641219 1.33850141057475 1 8.89868832822209e-006 
BG_0011_MCA_R_d5_cp121_lmd1d0.000_lmd2d0.000_lmd3d0.000_lmd4d0.020 5 121 0 0 0 0.02 3.14517527531058e-005 71.0006255497096 -370.362790588826 2080.10254859249 0.0193389903506084 0.00734698892537235 0.382470861995588 0.676275015739261 0.899326926668213 0.0781622693975615 1.33539822622012 1.33761982401925 1 9.16421583822411e-006 
BG_0011_MCA_R_d5_cp120_lmd1d0.000_lmd2d0.000_lmd3d0.000_lmd4d0.050 5 120 0 0 0 0.05 4.61305795539222e-005 63.3532836460716 100.519618606356 2034.22290081871 0.0185335830583623 0.00861023941290561 0.381480418967163 0.627570189241734 0.863979551571455 0.0907644511943299 1.57364490289029 1.57496450667949 1 8.89868832822209e-006 
BG_0011_MCA_R_d5_cp121_lmd1d0.000_lmd2d0.000_lmd3d0.000_lmd4d0.050 5 121 0 0 0 0.05 4.50959783074094e-005 63.8161676297002 33.1881725506576 2036.9998943401 0.0185589902528773 0.0085298225394946 0.381205726519191 0.630599181679961 0.866370567092358 0.0907660782530358 1.48367831553683 1.48507779296185 1 9.16421583822411e-006 
BG_0011_MCA_R_d5_cp120_lmd1d0.000_lmd2d0.000_lmd3d0.000_lmd4d0.100 5 120 0 0 0 0.1 5.91276998133601e-005 58.3857149441476 508.883960634355 2004.42138774324 0.0184779188067223 0.00954759831709557 0.381215211366181 0.595846119958832 0.841405942840726 0.0666090541448941 0.701787564949324 0.707360046055233 1 8.89868832822209e-006 
BG_0011_MCA_R_d5_cp121_lmd1d0.000_lmd2d0.000_lmd3d0.000_lmd4d0.100 5 121 0 0 0 0.1 5.79126577809521e-005 58.8115984149174 422.727898623388 2006.97632405525 0.0184761640533346 0.00946567488045834 0.381218452820591 0.598517151277106 0.843297273203745 0.0627036351995441 0.573672155371671 0.58108484105206 1 9.16421583822411e-006 
BG_0011_MCA_R_d5_cp120_lmd1d0.000_lmd2d0.000_lmd3d0.000_lmd4d0.200 5 120 0 0 0 0.2 7.47451501039847e-005 53.7827587867955 1007.77472858171 1976.80833603421 0.0187062826007607 0.0105340239891617 0.378485352430392 0.566315217818752 0.822736440595569 0.0496432475433046 1.72312237086759 1.72635390618869 1 8.89868832822209e-006 
BG_0011_MCA_R_d5_cp121_lmd1d0.000_lmd2d0.000_lmd3d0.000_lmd4d0.200 5 121 0 0 0 0.2 7.32654533864657e-005 54.1747944856706 897.49657784454 1979.16010631845 0.0186786377433747 0.0104458663406014 0.378870425249757 0.568719830626032 0.824114729916037 0.0730506326236019 1.79946716910255 1.80134239011839 1 9.16421583822411e-006 
BG_0011_MCA_R_d5_cp120_lmd1d0.000_lmd2d0.000_lmd3d0.000_lmd4d0.500 5 120 0 0 0 0.5 0.000103055937307171 48.2366573499837 1928.93498162951 1943.54022064951 0.0196116527732691 0.012096654243828 0.368970233891918 0.530296674602279 0.805509071013901 0.131652283646899 1.63393505249493 1.63410505750792 1 8.89868832822209e-006 
BG_0011_MCA_R_d5_cp121_lmd1d0.000_lmd2d0.000_lmd3d0.000_lmd4d0.500 5 121 0 0 0 0.5 0.000100860182796606 48.5876056564412 1767.31520036476 1945.6452517619 0.019534038774924 0.0119837970666596 0.369693412918772 0.532511714981102 0.806425809714058 0.148164040498987 1.72111063407868 1.72112511021286 1 9.16421583822411e-006 
BG_0011_MCA_R_d5_cp120_lmd1d0.000_lmd2d0.000_lmd3d0.000_lmd4d1.000 5 120 0 0 0 1 0.000134127783733417 44.4248565246909 2953.58416884453 1920.67873725168 0.0208390915074291 0.0135944617070989 0.361483351439325 0.503450763347307 0.793869004660839 0.0359507464279889 0.966404421135027 0.973736822038621 1 8.89868832822209e-006 
BG_0011_MCA_R_d5_cp121_lmd1d0.000_lmd2d0.000_lmd3d0.000_lmd4d1.000 5 121 0 0 0 1 0.000131087124569862 44.7470566405025 2733.78183183788 1922.6110257488 0.0207216627169637 0.0134564503901035 0.361949940949772 0.50575660299728 0.794973262461707 0.0323230442840094 0.981373949029432 0.989039559663065 1 9.16421583822411e-006 
BG_0011_MCA_R_d5_cp120_lmd1d0.000_lmd2d0.000_lmd3d0.000_lmd4d2.000 5 120 0 0 0 2 0.000175879991127964 40.919787636322 4340.13898115247 1899.66084958368 0.0224474064242568 0.0153566055059882 0.360127471768471 0.474213944393229 0.776730673836387 -0.0710065387376954 1.01905607814031 1.04386547892398 1 8.89868832822209e-006 
BG_0011_MCA_R_d5_cp121_lmd1d0.000_lmd2d0.000_lmd3d0.000_lmd4d2.000 5 121 0 0 0 2 0.000171888292033254 41.2153543212878 4048.2596614406 1901.43305218375 0.0223027924710818 0.015198680929696 0.360113658205024 0.476651706989408 0.778232304593311 -0.0566913925101773 0.984243029795354 1.00679794010434 1 9.16421583822411e-006 
BG_0011_MCA_R_d5_cp120_lmd1d0.000_lmd2d0.000_lmd3d0.000_lmd4d5.000 5 120 0 0 0 5 0.000246872543388687 36.7200091713657 6708.3004206018 1874.48347655962 0.0248296151461599 0.0179035764979596 0.361476445517522 0.437793586370713 0.753947629241122 -0.105438937925197 1.37834245485957 1.40277318867612 1 8.89868832822209e-006 
BG_0011_MCA_R_d5_cp121_lmd1d0.000_lmd2d0.000_lmd3d0.000_lmd4d5.000 5 121 0 0 0 5 0.00024174518151302 36.9837214452092 6309.70675387384 1876.06421199412 0.024673238739543 0.0177344424512797 0.361525360355174 0.439886337696612 0.755124987097655 -0.101762120286808 1.400424359635 1.42380819934368 1 9.16421583822411e-006 
BG_0011_MCA_R_d5_cp120_lmd1d0.000_lmd2d0.000_lmd3d0.000_lmd4d10.000 5 120 0 0 0 10 0.000312178881127124 33.8438503471874 8892.7051731685 1857.24611551587 0.0267073955703391 0.0199152842475329 0.359337608155059 0.415091116640772 0.742768289082699 -0.0589872038645896 1.09119355444296 1.1120204251198 1 8.89868832822209e-006 
BG_0011_MCA_R_d5_cp121_lmd1d0.000_lmd2d0.000_lmd3d0.000_lmd4d10.000 5 121 0 0 0 10 0.000306024774697285 34.0858284153043 8396.5777736831 1858.69613769265 0.0265399130220634 0.0197359513073791 0.359688112222136 0.416873766500269 0.743475732438956 -0.0646180332547781 1.11138343042142 1.13291802509559 1 9.16421583822411e-006 
BG_0011_MCA_R_d5_cp120_lmd1d0.000_lmd2d0.000_lmd3d0.000_lmd4d20.000 5 120 0 0 0 20 0.000393025089988383 31.2045077082884 11602.4239141535 1841.43431354514 0.0288170921412752 0.022126331323925 0.354940081256563 0.394279486650338 0.735049066785154 -0.00671187178879681 0.954312318288322 0.967953994089182 1 8.89868832822209e-006 
BG_0011_MCA_R_d5_cp121_lmd1d0.000_lmd2d0.000_lmd3d0.000_lmd4d20.000 5 121 0 0 0 20 0.000385076164114801 31.4265562584623 10968.450411475 1842.76422016842 0.0286165555425397 0.0219195435062605 0.355371754318484 0.396081307326804 0.735653331343998 -0.0112019999384256 0.953398223066876 0.967814798579773 1 9.16421583822411e-006 
BG_0011_MCA_R_d5_cp120_lmd1d0.000_lmd2d0.000_lmd3d0.000_lmd4d50.000 5 120 0 0 0 50 0.0005447065009303 28.0469435014105 16697.0887155123 1822.53443272715 0.0324363540475236 0.0257459303319339 0.34810079519502 0.365188446941652 0.725765644422595 -0.0644413033426623 0.625717195851672 0.663154927284872 1 8.89868832822209e-006 
BG_0011_MCA_R_d5_cp121_lmd1d0.000_lmd2d0.000_lmd3d0.000_lmd4d50.000 5 121 0 0 0 50 0.00053235808783823 28.2451289244649 15770.786604048 1823.71984074155 0.0321551499933974 0.0254709911884089 0.34860222247231 0.367211116322562 0.726352833808364 -0.0694789100321252 0.584788319992172 0.626472960928592 1 9.16421583822411e-006 
BG_0011_MCA_R_d5_cp120_lmd1d0.000_lmd2d0.000_lmd3d0.000_lmd4d100.000 5 120 0 0 0 100 0.000717630977451286 25.8866359957854 22513.9009948028 1809.62446503636 0.0361454854860302 0.0293184923617299 0.340648846278984 0.341951936752489 0.720907395505054 -0.0651010686931906 1.01613500232568 1.03974664248483 1 8.89868832822209e-006 
BG_0011_MCA_R_d5_cp121_lmd1d0.000_lmd2d0.000_lmd3d0.000_lmd4d100.000 5 121 0 0 0 100 0.000699589438438452 26.068490746355 21232.2164711745 1810.71018107807 0.0357760220986118 0.0289668244012746 0.341458235904207 0.34398533849467 0.721162645496031 -0.091274989203715 0.930693600706574 0.962783404755009 1 9.16421583822411e-006 
BG_0011_MCA_R_d5_cp120_lmd1d0.000_lmd2d0.000_lmd3d0.000_lmd4d200.000 5 120 0 0 0 200 0.000973906936464574 23.9051914812114 31141.8011222227 1797.81268073662 0.0410113155765717 0.0339095279188179 0.32983645754256 0.318630869758158 0.719821489621334 -0.0540224190131129 1.1502182523746 1.16909610969549 1 8.89868832822209e-006 
BG_0011_MCA_R_d5_cp121_lmd1d0.000_lmd2d0.000_lmd3d0.000_lmd4d200.000 5 121 0 0 0 200 0.000946955948785586 24.0720726173216 29318.0342620694 1798.80588225698 0.0405287625031251 0.0334572687016849 0.330886000267357 0.320711062034232 0.719804945087837 -0.0583452444541131 1.13613040258919 1.15602929365536 1 9.16421583822411e-006 
BG_0011_MCA_R_d5_cp120_lmd1d0.000_lmd2d0.000_lmd3d0.000_lmd4d500.000 5 120 0 0 0 500 0.00151274567945183 21.5355489138891 49293.3642149503 1783.75647695558 0.0495689842639489 0.0419019712497962 0.315022878917003 0.28374003377718 0.718657296981723 -0.158355712164685 1.13110301609722 1.17376560779342 1 8.89868832822209e-006 
BG_0011_MCA_R_d5_cp121_lmd1d0.000_lmd2d0.000_lmd3d0.000_lmd4d500.000 5 121 0 0 0 500 0.00146777837918163 21.6845048237553 46353.3650263363 1784.6367222247 0.0489195602962315 0.0412965823477857 0.316050172820297 0.286197487068622 0.718688647917428 -0.153727860737662 1.14147098818711 1.18254247730268 1 9.16421583822411e-006 
BG_0011_MCA_R_d5_cp120_lmd1d0.000_lmd2d0.000_lmd3d0.000_lmd4d1000.000 5 120 0 0 0 1000 0.00214299303865407 19.9146995933759 70531.0635468527 1774.22045524026 0.0578039572464377 0.0495839725332098 0.301313984038448 0.255827756675596 0.720901445342848 -0.158013634759515 1.02077945374313 1.06775837283788 1 8.89868832822209e-006 
BG_0011_MCA_R_d5_cp121_lmd1d0.000_lmd2d0.000_lmd3d0.000_lmd4d1000.000 5 121 0 0 0 1000 0.00207750749284168 20.0513546903633 66303.6737143443 1775.02074015844 0.0570112010264009 0.0488443330507431 0.302684572087403 0.25829848693609 0.720502281549448 -0.158046436989207 1.02527040549666 1.07206212729063 1 9.16421583822411e-006 
