#spline3d 5 121 5 121
-0.66381419858322022 2.4218282199161627 0.9890662416116347
0.40994618975194252 0.67217807743672964 0.20852474748018615
0.23964488378339049 -0.16867926868603644 -0.08200223552834271
-0.98198659743503869 -0.27190565620846258 -0.014070568187788193
-1.5356437244611754 -0.88160680270438829 -0.10987048882277284
-1.2591385134785056 -1.9418921717205326 -0.94713045888411829
-2.319428514222571 -2.2820985290569591 -0.39267980257905272
-2.9692003855848417 -2.6107824651231488 -0.088339759025127265
-3.6336344643925211 -3.4140177387850379 -0.055429635417886293
-4.0343220276308855 -3.9157725594199086 -0.070598681937484406
-5.1381283706618914 -5.2328571216383217 0.17019887126139949
-3.4745470086827486 -3.3546459952113086 -0.86428030141446444
-4.7196315710782324 -4.9067790912190583 -1.1225444382776848
-5.1533437627317618 -4.8409705650766623 -1.772676848809646
-5.3579538577511361 -5.8441008240418197 -2.2018339812951977
-4.9379855493878546 -6.4166986387388425 -2.7958745292370937
-5.0816885785283583 -7.3522167570040438 -3.1717085584371687
-4.4597964407783746 -7.4630761622497976 -4.1008786310927894
-4.1702872709904355 -7.9918956657226072 -4.6659126278282441
-3.9573535935669404 -8.1230199313352376 -5.6954991204246816
-3.4996070336030236 -8.5745745558853113 -6.2639528917967819
-2.6401133681197919 -9.0623241560018162 -6.4318912052978181
-2.0149734984247862 -9.5055686678135967 -6.8661540608733196
-1.3302979155157855 -10.002497104575305 -7.1512793972019777
-0.60152326340541784 -10.603155967731052 -7.3619111961339199
-0.064538572847836206 -10.998022887409556 -7.8248405339542044
0.87256196866031255 -11.734314068947878 -7.8166577957556669
1.112983603367723 -11.946139563914629 -8.5264187637286071
1.2234645148196588 -12.01225636350018 -9.9576531196333224
1.577603489183661 -12.929074874710393 -8.3978916022770633
1.8257925375384554 -13.567002472618571 -8.4203340902253014
1.9935947547314972 -13.978702116621458 -7.4512383982363479
2.3184155681106628 -15.042201149066084 -6.7787439683176087
1.695864235912786 -13.457861403375379 -6.3760945242273674
1.4670656792201915 -13.194995890506622 -5.8247092597410424
1.1442710301728252 -14.076832625898207 -4.9396699056284881
0.94993510719560126 -14.325993016435465 -4.2739262923326109
0.083755405664828295 -14.233511739488939 -3.6390350592862899
-0.46819074497497193 -14.33023749338707 -3.0085153440298376
-1.1963732390054187 -13.695872701464149 -2.6063973488852819
-1.9114232443425467 -13.587940173618117 -2.0971429276467592
-2.5034522011890759 -13.020968860837474 -1.6189525689152886
-2.9885213385451581 -12.505047656279844 -1.0985576213992254
-3.5244809267528776 -11.985322885149117 -0.55142751746580254
-4.0247522311270778 -11.279069155580576 -0.29114974893626816
-4.5406624485453078 -10.603974143479704 0.12635221032837898
-4.371773609396679 -10.032594243315424 0.90451634076827303
-4.6906877296577472 -9.2584069979398773 1.4020944019778656
-4.5588680695928501 -8.8043768685393271 2.1258061363606378
-5.2508849231949295 -8.2867958846533867 2.9651064383503325
-4.4296152673604627 -8.405060474811803 3.6886479531997183
-3.7740835420703429 -8.2235704631552178 4.4276582899852404
-4.3858366333231231 -9.2642913279374213 5.0624882756497733
-4.4072954157975026 -9.7179215390110194 5.6577082289238749
-3.3342396249297579 -10.230470811036906 5.770176931505258
-2.6615974368186643 -10.706211110586237 5.7835784658948981
-2.1057527279577637 -11.198649396551858 6.4851151585678624
-1.7954150063638723 -11.508933840047861 7.1275615280618165
-1.3343978727566335 -12.109207646935856 7.9685508461059547
-0.85391647622690547 -12.204291521180538 8.2650961397140303
0.13248443001876622 -11.824819893449101 9.6300916675816026
0.13360861876420541 -12.76166584360754 8.4860286626961443
0.28599138563406323 -13.381871752007653 8.0823478692257993
0.51634344263240406 -13.643750548319201 7.1602078460681664
0.43824365354597061 -13.733445854329634 6.1877760123534076
0.94537696407309313 -14.346806262327609 5.6209944729707795
0.96224319906259981 -15.080727607662993 5.1014982840975707
0.90208023954907546 -15.665065737533283 4.3620518375150619
0.94750374387415581 -16.351611717680036 3.8404575169557909
0.92251649667058921 -16.899888360716503 3.0068483536486097
0.92674359839584997 -17.633521391214678 2.647451595963747
0.95074979574074481 -18.137330111880061 1.5079809317811028
0.86558989789172536 -19.157168648105099 2.1013001511090157
0.81547243267174541 -19.927361752135432 2.258537576913048
0.73824435509125308 -20.895019920756887 2.467277442957156
0.70806360523826961 -21.617264448975813 2.8426901912826379
0.56199522919627032 -22.765837532529961 2.7520385199696156
0.7614151280847451 -22.955734447311137 3.8634994831655516
1.1414581605819847 -23.356901501132111 4.4658557349804813
0.59848611764227622 -23.862975660351889 5.4920234342544063
1.5692432291983498 -24.074255795933382 5.9191520929384041
2.0113404712493672 -24.621496535041011 6.4682141509214537
2.637963599604781 -25.075739632299459 6.9618426077138178
3.1227140279897347 -25.581490628150629 7.5158416947985307
3.8276377363055514 -26.028314907784477 7.9559469921432351
4.0273050787787845 -26.566877118827062 8.6902001965117357
4.3481187204084852 -27.149324037173997 9.3851126627425856
5.4217298112888743 -27.006331800833664 9.6101296960423674
6.0967185080826116 -27.194070753061997 10.069775560377449
6.9856589221019059 -27.286062866460554 10.405150161893188
7.7656821606471933 -27.252947875803653 10.809294795730718
8.562310349022626 -27.02384733459181 11.212903760549452
9.4245367070418293 -27.114487575869866 11.560137336030305
10.114167918191992 -26.70422278730252 12.040900343513856
10.786524487857726 -26.424083170067384 12.526150693924125
11.453935857185309 -25.899583505015634 13.010592829814405
12.26450694596293 -26.187077902746434 13.443341656462977
13.050077553011601 -26.264957390809808 13.861303020089697
13.841743982922051 -26.43454687709578 14.310113552606058
14.448635482391804 -25.808250654654042 14.820320525175214
15.040890597461798 -25.422327035486145 15.349292687914508
15.879553944326751 -25.346187885887247 15.756638897882434
16.658582530470053 -25.53088550572097 16.177136633215213
17.496863696796325 -25.244002543708142 16.589339957056161
18.215361064416605 -25.719016212945821 17.028487964688509
18.742156305885768 -26.266350050083339 17.427738334258127
19.662273378684066 -26.481233629304921 17.925186729607294
19.731366581855227 -27.461281213697223 18.151478367927684
20.170360835079116 -28.23346500982192 18.375150437129658
20.305641308034456 -29.020772532896551 18.737038734296895
20.855314260868273 -29.920746620265081 18.800613784915662
20.685135104577284 -30.556959562933059 19.448951727989712
20.06141364185439 -30.98967432207759 20.186285288993012
20.260302292157402 -31.729056717369879 20.699824243702473
20.487526947082642 -32.451076062530568 21.11644268579289
21.014053969116656 -33.23446126490515 21.646564592481276
20.119171621554216 -33.795397335185768 22.031794177972927
19.803983055675488 -34.424544715847375 22.483108182951579
19.149567546306351 -35.026668616123629 22.889409178534144
18.802201818441489 -35.642339205013542 23.342419150656767
18.785435201789369 -36.284279054723811 23.837948947802033
