#spline3d 5 121 5 121
-1.0186083563385915 0.94407383221428531 -0.23365286008966521
-0.52734735467353888 0.47406228439045517 -0.046327635159373715
-0.0051935856847675948 0.00062980299609348834 0.020442542330777816
0.53924820248367022 -0.47556278952095665 -0.0007085612496350492
1.061884157555476 -0.94883561763658752 0.064478747612134971
1.6131936028389289 -1.426252979544639 0.015928288500068982
2.1184283668403592 -1.8964881671545779 0.14981474113143287
2.7067069619471318 -2.3808695268023921 -0.043950287038349183
3.1368932969489798 -2.8362480730987292 0.38633352125341902
3.5786589857989601 -3.2527075292014707 0.68150991162732244
4.01821080998032 -3.7398172340596609 1.1221459059276562
4.4866767013223949 -4.1129953556069294 1.2478576806915911
4.8254023907282493 -4.6513573435276721 2.1302571358639555
5.4078809034163271 -4.8050447084808594 1.5930521895809526
6.2594506755645769 -4.876592910509034 1.446811239613627
6.3678826577737295 -5.2163433577963785 0.78932871844671626
6.3613682871468828 -5.5376027889203954 0.070558870150966083
6.8733186011821958 -5.7696115853168966 -0.3817091519690099
7.3916911253146909 -6.016927918100361 -0.81476621098019641
7.9557545999976824 -6.2441001455923182 -1.3066551327226286
7.4632354999833384 -6.5317183170472584 -2.0387462134540901
7.5820741974592831 -6.6900218069621511 -2.7104760992645538
7.2473349520324639 -7.0555665961429916 -3.293445658092252
7.1608207602792886 -7.6690100808268138 -3.7746521838341427
6.6461184976759498 -7.2782416141335595 -4.4995981792939119
6.4543438085783968 -7.5147283304885972 -5.1093562491549847
6.4826389632636463 -8.121001020974969 -5.5735588862403533
6.64802164069601 -8.6531015298174712 -6.1267746592093006
6.1555350459816705 -8.9107590866786062 -6.6218720974320524
5.7851095284819731 -9.1847365276726567 -7.1891941367633212
5.3279750403566428 -9.4298978409120746 -7.6510694054252895
4.7109124170047254 -9.5509113260110006 -8.0687587611154363
4.2590151013900019 -9.800258148652464 -8.4946430524469818
3.5302151700304338 -9.8007424308502742 -8.9808485236615834
3.6858165056572045 -10.699564043821777 -9.2459348342390335
3.4693802220130632 -11.154203768141681 -9.5812792905139563
3.3674146908248592 -12.002495252708993 -10.17630329627965
3.5662503789032884 -11.95614752216882 -8.9063953516651395
3.6421453103317192 -12.310212945395813 -8.5355519836327129
3.7476038055350895 -12.420364028063259 -7.6863220773972696
3.9707695769838223 -12.93009948356301 -7.22310277667059
4.08418546987303 -13.062510243852206 -6.5033596901683248
3.9530845803992225 -13.129583731505328 -5.7097669983822366
4.3044657550827772 -12.263093455377488 -5.4329597172747386
4.3490675759706203 -12.031247436883167 -4.8677612945166793
4.6620136949473912 -11.12987246648631 -4.5292275317934374
4.6720884364843132 -11.12434753221511 -3.9009362165161945
4.1602077577975116 -12.085079882324335 -3.1976784650400738
4.6095847852843752 -11.376433598672314 -2.7375013350180653
4.9137097901416542 -11.07045540321475 -2.2664972545919464
5.2958736436446774 -10.399518409182056 -1.8964553693715427
5.4401147526351457 -10.578740907192689 -1.1147189909553534
5.6170453377009339 -10.585101210144206 -0.43612278554491934
5.7799327998072956 -10.081801999779961 0.16162306818499231
5.9129770278854883 -9.9078916659722545 0.800965987651028
6.0835898645569602 -9.4852294712569361 1.4201037537269829
6.3254704769493975 -9.2304159011337106 2.0436890112021309
5.6776065128723561 -9.3019448046000743 2.6996700129407545
5.488020964188447 -9.2990620203563523 3.3049051347332701
5.6630046625513497 -9.76955489056453 4.0208083180955594
5.5212880343321817 -9.9908843763634856 4.5900752237548579
5.2817729026803395 -10.633177154373834 5.0608251895062466
4.9064656931373465 -11.021509818669221 5.4140757504703245
5.0055294112073643 -11.572596234231799 6.1515110063517984
4.8721714284006934 -12.246032031872858 6.0669737695154655
4.640328499041976 -12.949198300554773 5.8171298667854279
4.5392197400371384 -13.60136022280939 5.7459310953220717
4.2354002339151879 -14.346328275375306 5.6557523010577864
4.5155683152509951 -14.801471901770901 5.0700104605386054
4.5950735028580016 -15.269464078239389 4.5457789275850775
4.7144856953143659 -15.880962222152421 4.1751684346225595
4.7401092084795735 -16.58269011190249 4.0032783138817152
4.8342737376169103 -17.209488956997429 3.6217804003561471
4.8761006099949586 -17.885182032094974 3.4925668337919644
4.9687543388072051 -18.523151385159185 2.9403963993185873
4.9921175462925031 -19.230663533867027 3.3251283647087821
5.0710934818846134 -19.907111739166542 3.4792412015278691
5.0734340478570328 -20.584160690813373 3.7029454812304423
5.1989932789885547 -21.288064034059499 3.8931720500268749
5.1187872206885281 -21.931709832277182 4.1181129036990702
5.3826556535103194 -22.682227070188009 4.2892967774844033
5.116528137991299 -23.275265432684133 4.5432183308739056
4.6443654668352705 -23.759728875278626 4.890254757380851
4.2855288654408952 -24.307875437825309 5.1190720089405124
3.9629212554655417 -24.843304576084147 5.4995021809513469
3.4695771754506972 -25.380906765799121 5.681478202818492
2.7741241622036212 -25.442512522866306 5.8813538618284005
2.1595038635830779 -26.050040268909871 5.9469920172596771
1.5648789549123376 -26.036737108318672 6.2676213919810317
1.2342786998515984 -25.480262165320234 6.8699854903858117
0.71449107991693817 -25.389200483081034 7.2705829167553455
0.32627769486829272 -24.921600722918196 7.7875253218833462
-0.15315014406065566 -24.724430405735898 8.2477076766362458
-0.68073589829319936 -25.01698372329793 8.7582882968581917
-1.1704862094085267 -25.101318369997628 9.2317176073589735
-1.6866616507107166 -25.129411596076771 9.7456176367764833
-2.1486661186336402 -25.091904394466212 10.285909864969753
-2.6675588559614694 -25.12701344454408 10.785760749285904
-3.31844002445616 -25.092329113745365 11.10377973283123
-3.8913109413225602 -25.12563230014257 11.533339069967514
-4.5146995885232659 -25.124996173635328 11.891136894726774
-5.0440059299178595 -24.838650577136722 12.31812138820262
-5.6382199397272528 -24.692055678382779 12.6722153324577
-6.1639907470219297 -24.507187532772104 13.149871950948178
-6.8257876833579374 -24.237509635111984 13.316520260184339
-7.4295562350746103 -24.004585598459279 13.592302361285213
-8.0752495986322561 -23.726827023610518 13.806347919165688
-8.6656105678756692 -23.52566832827193 14.092971560535501
-9.3686138493111191 -23.191885471593658 14.224526413001971
-9.7660111500132754 -23.083402324975328 14.8213308911873
-10.301083937689214 -22.642101830883732 15.215754885731293
-10.760490481963622 -22.61014075379439 15.749194584223288
-11.005526606778682 -23.306850374440263 16.210159460539597
-11.532751241817202 -23.353276557555258 16.796291888661536
-11.546535332384948 -24.16315528104154 17.115157429069736
-11.64601410996384 -24.615848867338592 17.564229047668125
-11.787709534763149 -25.373177658855429 17.829744201440707
-11.79237322596143 -25.709318507303554 18.449173444493141
-11.75782018834375 -25.994492407134381 19.153258858371416
-11.819341837001163 -26.477018408976583 19.62612636501947
-12.038028632394116 -27.296917551712795 19.7256184761236
