#spline3d 5 121 5 121
-0.74448351056106232 1.0951500919203134 0.16964443132079629
-0.39970720237673757 0.52819553302395217 0.032331228682463513
-0.0072577123375995208 -0.00059144007224306487 -0.008231976260849469
0.41483631673602245 -0.52339464034140382 -0.011016092696699866
0.78984981083148131 -0.95105097086646373 0.053254307650513047
1.2479190957435162 -1.6923709757574319 -0.17959222823113966
1.5660655559127512 -1.5036993484338477 0.59057748091808393
1.9787406606920672 -1.592836641582831 1.0125385605283574
2.212243564210266 -1.480248312025884 1.6995466949182139
2.7691575070734902 -1.6232694382097652 2.0543830769453999
3.1161915899857937 -2.047396368486623 2.2069659832856443
4.0514511414713752 -2.3304880894534077 2.335174981718203
3.9888853165267983 -2.6406646151097499 2.6923727077081754
3.0605537932985971 -2.7852607293396656 3.3680647266502706
3.9812420897920768 -3.2013993683031772 2.4503682601341499
4.061585017307916 -3.5176318176590771 2.222876703947712
4.5102657132650954 -3.8646402619204996 1.7015678373022258
4.788104292780277 -4.0216554612133102 1.1687952068014948
5.1256268522784216 -4.3757516819362907 0.74559853813897381
5.4707709469546026 -4.4426400720928507 0.089963838128721565
5.7645918280280641 -4.9786349372317025 -0.15509130915998035
5.8122832273308189 -5.6160916599993644 -0.29978030756534274
6.2158241841551787 -6.2081919861150903 -0.47312479373700467
6.1764146651421239 -6.756890872653015 -0.71641478166824013
5.6945163002619825 -7.0788135634924529 -1.2205586706029934
5.4556089824049669 -7.5297259983581197 -1.5476096144967575
5.148046180544199 -7.9257501736892113 -1.9897648502919312
4.9640771214382866 -8.353971587081789 -2.4355540842492189
4.7903304149162649 -8.7873074660201453 -2.8772839750355232
4.4937573949966403 -9.1866809386907811 -3.3304245420986143
4.0761892622146396 -9.5552593654292082 -3.5943656520742504
3.7017953800027978 -9.9373073730827848 -4.0582245077708272
3.2915642313242164 -10.272089278073537 -4.4607340176293668
3.3313957712510538 -10.950060089022067 -3.787737522500517
3.2274473389435943 -11.321951773708401 -3.5370784459378868
3.0468771787559157 -12.171938618376187 -3.2533167774035707
3.2039530713649658 -12.071134714220792 -2.6401209101310159
3.3777776763249951 -12.16513295450703 -1.9246319505304337
3.5205017105007599 -11.900535627812006 -1.4203476417834888
3.639343197229123 -11.606218986538828 -0.79085839744184494
3.8337303785044781 -11.248066925416822 -0.32857987777707892
4.102876804726435 -10.75258313668329 0.038606862942721212
4.0999388575830888 -10.424848725466768 0.6543533643385584
4.2516705429101993 -10.158822983331383 1.156152910151568
4.2604011168547933 -9.5831680473775478 1.7061361806199782
4.4679041895351022 -9.6343534206001866 2.2515574805122629
4.8292176878089874 -10.197971994431901 2.7373531467617336
5.0533267109033453 -10.257730091076779 3.305256439125055
4.8828313816372697 -9.7900658353634071 3.9174751655434585
5.0536664209428759 -9.5293473563159576 4.4588954794276834
4.8259516657191384 -9.6692542740992717 5.1823987535999914
5.1014529393385573 -9.5340909650112646 5.7739405970301849
5.3609684851135633 -9.7042176216814067 6.2893836374005812
4.9034021377434343 -10.023385899787051 6.9126295838342218
4.8952609968868153 -10.27154864360697 7.4191890139669461
4.6389918182172263 -10.423093076629423 8.1204785158209081
4.5249866230357929 -11.029299619773319 8.3701630095085964
4.3406470290729251 -11.586567367593744 8.6640071746733121
4.2197950388612027 -12.118979220721775 8.9915943086330561
3.9795280975832736 -12.686421140677631 9.2552643391845777
4.0552506890510722 -13.208351988932968 9.657685241305856
3.9984495459431195 -13.737569332309485 10.01272964041852
4.078808561202802 -14.274346766642649 10.399693880748698
3.9891078925003849 -14.798727484344818 10.753819799542166
3.6305304633600439 -15.284475058137394 11.059981100064531
3.4417008259019162 -15.798626353505439 11.387465708650563
3.1509281895753682 -16.282954339193449 11.720088564944625
2.9377989532040236 -16.814272866426347 12.01662968314402
2.7055287500555703 -17.347510018004673 12.304723957258608
2.4827410416192963 -17.876569581487583 12.600054076130508
2.2477406441004484 -18.40492852652995 12.895082247769913
2.0335726537876568 -18.940592787108368 13.182302536985903
1.8435407451179444 -19.495345228809875 13.466103259092383
1.6279762274894967 -20.03048051918304 13.752033767875963
1.4145522639768855 -20.56470039115619 14.032156026357582
1.3189839326313044 -21.206016564329449 14.344387934156638
0.57194796007287252 -21.270995734367546 14.508083035038453
0.055426854913854157 -21.525924329274993 14.729996871854626
-0.54606679747802134 -21.7286507174687 14.917471301828249
-1.1111792448959841 -21.92956826395579 15.140226812043966
-1.6949608622125276 -22.150804275769293 15.323978223053622
-2.2852358519995852 -22.390750331366934 15.505896900285064
-2.7463211641056664 -22.291789625586173 16.02026689240131
-3.2579954797286095 -22.324199389037645 16.38797887849794
-3.727898670278369 -22.352814590270409 16.864887816626741
-4.3289767210435075 -22.155695208628224 17.074830911243566
-4.8875716974565009 -22.034551809024656 17.370354245877042
-5.4559979139831878 -21.877852520477028 17.640826253876153
-6.0311329104685774 -21.757720369790469 17.912588530575409
-6.5844931130185937 -21.575815618848068 18.197361795231366
-7.1205181141256526 -21.391486797288881 18.506932920272849
-7.6787485215940778 -21.204515816951201 18.782936429549743
-8.2248908290960294 -21.033591247956181 19.079770120676233
-8.6759819839434638 -20.85603812143998 19.53146650897633
-9.1933695687630799 -20.737500732890162 19.881058845617567
-9.6462422367432623 -20.492412407150905 20.320331349385874
-10.171271595843114 -20.436107349356899 20.668579591791307
-10.801556662384098 -20.600830306863667 20.887489617807169
-11.33406170331166 -20.622815903554891 21.221658551903431
-11.946604065441599 -20.716729389682939 21.454458491913503
-12.582367721088591 -20.796778321318197 21.717683420443393
-12.529275018664773 -20.769392734068209 22.515340647066989
-12.688447768196424 -20.686759259786111 23.146612033813277
-13.272109213690927 -21.258215782909431 23.327113095407942
-13.566800035229001 -21.418080892910741 23.792818173178539
-14.198148586017647 -22.012779788806178 23.941442152629165
-14.344491938154146 -22.007281725633803 24.562319930030423
-14.202667817938714 -21.988327136289804 25.269037177976976
-14.297135385607172 -22.788232284438525 25.535711893028481
-14.230280329357967 -23.048550736231409 26.080292885228502
-14.295002653340163 -23.724247529498726 26.429630074061674
-14.206219248017693 -23.975924148345193 26.94592129730438
-14.344238092188839 -24.402037714169442 27.567328678534551
-14.172396839563548 -24.513001672943286 28.138429664550291
-13.78973174474709 -24.165939469102597 28.576261740322739
-13.242455690777115 -23.736988639825373 29.113208781473514
-13.466864961588486 -24.182601736807374 29.573461982821691
-13.787484950715438 -24.737649036937384 29.960532374173951
-13.886183377172046 -25.035546300181068 30.414191956115246
-14.251157480972566 -25.644258944693739 30.809475485034099
-15.109861492972868 -26.827574983928116 31.098668374569343
