#spline3d 5 120 5 120
0.56596963146558354 -0.5474833243660544 0.17019401463211331
0.29024537052574295 -0.2574058455289529 0.090992921105689073
0.0031393517896672208 0.0072007841670366883 0.002675877928489973
-0.29787181582642241 0.23985388454368123 -0.097548795553899698
-0.58731902004913727 0.4991728506485576 -0.18776574808593108
-0.88990880992309374 0.72812468704101796 -0.28944046568482179
-1.1742351811287481 0.99920856141984493 -0.37519639923243614
-1.4868350283610372 1.2054344015946259 -0.48543892338198252
-1.7524952891481869 1.5181871056917651 -0.55547336127231262
-2.0981979201709366 1.6526281266483374 -0.69307032719859174
-2.4530165811072604 1.7806065775183177 -0.82750329427755265
-2.7893207363007768 1.9261416974081595 -0.96378574212767965
-3.1460600897725159 2.0573423610786099 -1.0919790811884653
-3.4759891350445113 2.2304119554434956 -1.2291699820634359
-3.8601186386507371 2.1354247421743153 -1.4068486457931395
-4.1787113033775913 2.1926952105202968 -1.5997835915372689
-4.5967108408461668 2.1522571822940475 -1.7166560502273696
-4.8451827821409736 2.1873324692553626 -2.0061168883788145
-5.0506268103067491 2.1485473047845467 -2.3896672028254811
-5.3515857172019858 2.2025329426563975 -2.5884252451127878
-5.4893620698953951 2.1106463367699586 -3.1086419955740889
-5.9675206205026807 2.3001673983215323 -2.9688549781208717
-6.2831244860813911 2.2987263377411318 -3.1206144451223308
-6.744252121148369 2.5394188394554233 -2.9988366188130251
-7.0196371248353868 2.400304513788714 -3.2682293510263283
-7.2645383411666415 2.2395062761403337 -3.5565618852355305
-7.5524827009135436 2.1242478982193003 -3.7857610440113474
-7.8012353190880912 1.9882545482688303 -4.0748080586724544
-8.0955836447920202 1.8260145897412765 -4.2904369367486073
-8.2962405537591657 1.8159336350469524 -4.6606113672417102
-8.5471157257956101 1.723766352503447 -4.9350217330608173
-8.75897230197792 1.704201808364062 -5.2977808472901886
-9.0140280211448864 1.5922055555502832 -5.5498824195119134
-9.2060472545442078 1.6232108680566006 -5.9692134502816225
-9.5051819341173776 1.4149501010304699 -6.1160145988989463
-9.8523969282030155 1.1828798707261672 -6.2018847701146962
-10.10678586717051 1.0045810966229973 -6.3918783279902884
-10.501198127977595 0.76573505297754829 -6.4534023302601824
-10.677360275483654 0.60122066220328763 -6.6916577754877133
-11.211904839531616 0.33001034794271633 -6.652133006195692
-11.144141328085309 0.22507727311696021 -7.0893558162525192
-11.196003974416172 0.15248155818605919 -7.456373049327456
-11.083585805003146 0.022380386513138766 -7.8712346007614702
-11.279965307810397 -0.041176350865800654 -8.1997707126387116
-11.629330170064403 -0.11172489619885645 -8.4384661050852223
-11.84607954777273 -0.16882881670870459 -8.7528637660795461
-12.13816231628566 -0.262232559251179 -9.0109641408857897
-12.428601612043359 -0.25880856700740174 -9.3127704657823109
-12.555142181980967 -0.55562673219196368 -9.5829155749774824
-12.681332288350534 -0.76415441510531124 -9.9031036290228069
-12.895318778139876 -0.96916307551553849 -10.142503665568123
-12.910142735614713 -1.2603592223485232 -10.52374667366275
-13.362658442566206 -1.3158461957251333 -10.626310500824363
-13.644780477598545 -1.3967401213513393 -10.841082204861026
-14.052675636325052 -1.5008716258203949 -10.958259315928755
-14.394319363815683 -1.5780581574995951 -11.15394437465601
-14.172877290411504 -1.5398991608407087 -11.690778492923462
-14.333368423777969 -1.5387528888193738 -11.978137634222119
-14.151137458937754 -1.6153773446340882 -12.503492793446791
-14.578787627898569 -1.2660515301158672 -12.599927293232504
-14.693316113867494 -1.0855086068541295 -12.889258270146167
-15.008486885632653 -0.81613904967058659 -13.065003652524611
-15.217539991211284 -0.80195909459056602 -13.403979239529571
-15.616926234726556 -0.5199752807317225 -13.546818356906082
-15.440257728747616 -0.70192206789988909 -14.098507181565491
-15.538966704112896 -0.52637889522450521 -14.353540510634842
-15.46732167522724 -0.74724625915146625 -14.918200659824977
-15.528737947750633 -0.46950838990909022 -15.111380690976864
-15.609005132953717 0.016172623067612774 -15.120987558097712
-15.646461263368382 0.32177528753412288 -15.284524221953221
-15.747208850511669 0.73926006775903119 -15.347751914043386
-15.750224491678544 1.1027416861490789 -15.470191566520491
-15.905346225777965 1.4722423766150488 -15.563809731826517
-16.10073506142259 1.7879349664982001 -15.683701247781178
-16.250501673667838 2.1457025195502371 -15.788084590677638
-16.434624493565632 2.4750196367962638 -15.901634594026801
-16.602939787008115 2.8132400489402238 -15.999320283047018
-16.728102225412229 3.2047756508416394 -16.171324158301911
-17.192821991571186 3.2367504897464312 -15.937884671829684
-17.486252243813578 3.4531486926372716 -15.916881682258872
-17.871981000309255 3.5638223574236081 -15.769373899043911
-18.207186947513726 3.7445713042820139 -15.712217342141694
-18.564640969612789 3.865977510297451 -15.568142200258492
-18.931754053288227 4.0672948995336053 -15.556815378686817
-19.214537429750944 4.0791619108094546 -15.216712040309913
-19.512925004939873 4.152060571853057 -15.001567214225881
-19.826088386053481 4.2198071426450312 -14.73804934651211
-20.099203455496294 4.2512019570599211 -14.481590932121387
-20.446241420134612 4.3715154960696196 -14.254208145252655
-20.66252784964475 4.3085602111350561 -13.946775202216996
-21.05607142204385 4.3900742729605691 -13.720958009251214
-21.163227392070176 4.2585391756984734 -13.358693074379023
-21.210060536829094 4.1045435854952679 -12.984177710478287
-21.339214706885063 3.9837108978991811 -12.635465529197218
-21.391371400110096 3.8440365495716216 -12.262505754654708
-21.523163835388619 3.706072739487646 -11.91316318060643
-21.555744932920927 3.5855782015030644 -11.536316007776364
-21.734784910543986 3.4216176256366233 -11.198371814672946
-21.670870608590725 3.3432623355558984 -10.796544223908372
-21.745299432547082 3.219259842741415 -10.43462074587662
-21.622608095094144 3.1625969484025243 -10.01772439909897
-21.81954568519053 2.9910276817872985 -9.6837120775920908
-22.065673953640673 2.9904959230822703 -9.3959236761779099
-22.27816744997131 2.6865312329942066 -9.0573327569046089
-22.458829315696423 2.9506443061784906 -8.7713408749570778
-22.608341209284351 3.1685983790072356 -8.4778420106390993
-22.784295576557351 3.3565637423865691 -8.1790749700662406
-22.945706234043907 3.5813696585327515 -7.8944235170338777
-23.110196702125535 3.7721155231970003 -7.5855043426408368
-23.282142198697123 3.9959062118312905 -7.3134185604209021
-23.438228264007513 4.1860511069543946 -6.9939843758297089
-23.602895925921274 4.3963517075588419 -6.6953131910752806
-23.898178538091198 4.7429212078485934 -6.7202072701925157
-24.114673817593776 5.0075101300904512 -6.5538787472083824
-24.379337899055635 5.3220095914163075 -6.5033182872206741
-24.612636486843034 5.604110289653816 -6.3777533705381497
-24.868582335624552 5.9095034665999231 -6.3061384551366118
-25.104600955442628 6.1945789946240319 -6.1873299408956077
-25.364588614318009 6.5037232083643168 -6.1246797576283249
-25.643639250974957 6.8312309534308042 -6.1057241865812557
