#spline3d 5 120 5 120
0.32811168150374875 1.081885588087264 0.59817809590086057
0.19236375491651539 0.52087899569330032 0.229158169460323
0.0055482794632918638 -0.0037835254107980421 -0.013429389801866875
-0.20506307454754064 -0.51213275308372541 -0.19841161492119189
-0.41995122689141673 -1.013409803859475 -0.36604632860373548
-0.56813974368981224 -1.5735241856957016 -0.71741709148816235
-0.9825194105219528 -1.9143063822119841 -0.36024182862836474
-1.3885567059493786 -2.2856595332904779 -0.091262047847139482
-1.6970366381207007 -2.6630248728046846 0.12480566332593775
-2.0845064182982793 -3.2936469164665647 -0.28239792788956847
-2.2870920861505151 -3.6008753089105374 0.14894256219026702
-2.3442784026805406 -3.7343329011772819 0.73153744172209145
-2.3923153952469893 -4.0888071808779065 1.5075307000717575
-3.0100960919029065 -4.1039905836511945 0.87359568783883301
-3.3218541164191171 -4.2343353649909243 0.50827312802311619
-3.9521593483718886 -4.2601139705045945 0.22010383069017103
-4.1242205275189088 -4.4481824285421565 -0.28930943173425583
-3.9681748641913583 -4.8028397723974745 -0.82867150120870126
-4.0539124622266911 -5.0301719964658798 -1.3336689400922681
-4.1462532389292006 -5.0557910776189532 -1.9485411166187496
-4.2601967991526282 -5.1982313538251503 -2.4649079149855337
-4.2595765083731161 -5.196145205681991 -3.1637087595452025
-4.7166908127443383 -5.5861478739207922 -3.3638080593280968
-5.3276366793642422 -5.7633533683951548 -3.6224175288966851
-5.2809147450270233 -6.2940186346019296 -3.9884041257057645
-5.2601729287336951 -6.6970586279664674 -4.3801809457681982
-5.2652968993299201 -7.2696874967714713 -4.6646819081213815
-5.2797507127288821 -7.5844779822774342 -5.1324680443696762
-5.4970414288207188 -7.596627570941874 -5.7473540833713779
-5.6591294872833782 -7.8024174388632517 -6.2916088368251035
-5.2198949546497246 -7.7676383211873095 -6.7772738188368091
-5.0273923283509889 -7.631002562175075 -7.3991965167244382
-4.6798461047363471 -8.1050260504460194 -7.6557266217769122
-4.3855600578871856 -8.5366708149112593 -7.9175676322931574
-4.0699233928193914 -8.9177622780014527 -8.2157054458723611
-3.7743703478379165 -9.3582420882133004 -8.4935687627285912
-3.4328045163666987 -9.7244592597756849 -8.7593000872590725
-3.2181528712592522 -10.23253039211586 -9.094069438547189
-2.6570068097795372 -10.406606506839294 -9.2400408105515215
-2.1199097268761502 -10.577276721373941 -9.421507891150096
-1.608894783273821 -10.809774970190308 -9.5677325422400621
-1.0951302744272025 -10.970667355868576 -9.7547472865454203
-0.46424669332684804 -11.171210333268258 -10.019387689232001
-0.41561450224205221 -11.62002197155075 -9.4212455396833246
0.14777981192960665 -12.075460782127353 -9.2342394226275673
-0.22081811597753859 -12.259158618422926 -8.6957658842688765
-0.48983461227190467 -12.385366883359975 -8.1936329522238136
-0.76990715947195376 -12.627547700062426 -7.7379295306496543
-1.0324964409298707 -12.759278050305719 -7.2142649611494019
-0.86904236707501625 -12.685424388249277 -6.5893243946771092
-0.95085971100874178 -12.722848552505395 -6.0222645512203457
-1.116563354504877 -12.699500650817292 -5.4557807597871113
-1.2472478982944699 -12.729355727655705 -4.8726537522893398
-1.3592754461594392 -12.658126597995331 -4.3459203712976677
-1.6379677309960137 -12.854367162314462 -3.6673522826404734
-1.3946340605706689 -12.313663818958634 -3.4044552059635094
-1.2388888659430448 -11.598102422867262 -3.1987077650679026
-1.1215147185893455 -11.993364652912364 -2.5157106965937199
-1.1337849452164901 -12.140970515875104 -2.0502593678992116
-0.8379172195756337 -12.294162733758121 -1.3987838224657947
-1.0561852472110518 -12.531083518271386 -0.96678293638685719
-1.7456773792025722 -12.745465192300932 -0.78990989288694524
-1.9831939803131229 -13.002740141173259 -0.40895067942627533
-2.6885458477136925 -13.168019692544222 -0.20781382921467348
-2.8644814101679095 -13.48491972107862 0.20138532454850447
-2.5788718184033561 -13.965378785175124 0.61935757914874923
-2.5597195414942515 -14.289608437308143 1.0669184637693108
-2.4371317826981622 -14.747122873006331 1.4496226599624427
-2.4952450521201195 -15.333737062855263 1.5905427031413133
-2.4839327694431095 -15.851035495337806 1.8694820908737764
-2.4616292431860787 -16.392608985946694 2.0750048835178538
-2.5004841991648035 -16.931774589432106 2.3195732382902983
-2.5236758187724502 -17.495289510880429 2.5604881344201882
-1.9362157409979657 -17.830611412072674 2.675439799831556
-1.6170185769517975 -18.251811034280436 2.8538950346684047
-1.1825729138652665 -18.646947979681681 2.9868090829561464
-0.7974647194453659 -19.044688988065015 3.1555412069487061
-0.42224345634724636 -19.42146650777687 3.4175955750062244
-0.032357702628382549 -19.795987379623501 3.6278770543119214
0.33232211033681985 -20.199732165862411 3.8688820958573817
0.74876487716432971 -20.529010405038456 4.0825130123913507
1.0559786747539694 -21.018744026857792 4.3356028911425444
1.5761088044877525 -21.205070480939842 4.5231722073994343
2.1528551528784514 -21.27941694962205 4.6843249265633684
2.6719295414410724 -21.455088260421103 4.8672891658356576
3.2267322921268673 -21.565612789212718 5.0390129913163229
3.7626003014365268 -21.7220554985532 5.2124140057218797
4.3074275378074303 -21.826493145591911 5.3958088964679005
4.8488137915046456 -22.027970089030742 5.5473453830914856
5.3911139856706178 -22.01520718637725 5.7780264043796352
5.9293680642724409 -22.004131999749983 6.0096960998314524
6.4706105634812108 -22.012871815708149 6.2311754074382879
7.0097567652058848 -22.008780396590694 6.4608849255127074
7.5489768656773686 -22.015717946579091 6.6864880064058756
8.0965100975899258 -21.978435797905782 6.9072347255676929
8.6010691402347579 -22.153313539770416 7.1644587550060121
9.1167904227803671 -22.280602345297023 7.4116581820449792
9.6331879414828645 -22.387780429058516 7.6594883370770699
10.142586976044692 -22.548249423401629 7.9098078305886492
10.662380706508117 -22.680666132272705 8.1613745630454364
11.195432772622352 -22.451346271603885 8.3781496471074046
11.718268940011502 -22.382083577422293 8.6092105132343821
12.250328936395784 -22.242122672212904 8.8304652601206115
12.765326835747221 -22.146587422434187 9.0745831626933686
13.32741751738107 -21.979651189592211 9.24181890079719
13.749979358243465 -22.015611630435917 9.6656923119574252
14.20955831216023 -22.009441575654975 10.029522729314349
14.642517030792837 -22.011279234916824 10.416150971301754
15.118163999116851 -22.005532603286646 10.774788609848494
15.557554713419739 -22.020243845831139 11.144124706116999
16.028955708792108 -21.990049893989074 11.484901617482716
16.632008717282179 -22.043390871902105 11.825772147157796
16.130949753095535 -21.968591985829821 12.511033339816983
16.087342360234484 -21.990643548464533 13.057740832237046
16.442906842962685 -22.631998237029148 13.293023822472069
16.595003975507126 -22.971443021339532 13.655925676047584
16.84274992612746 -23.449971182515693 13.969230244524317
17.044423612707529 -23.861735393653483 14.301212788860234
17.268643221068274 -24.307048140975773 14.628346885741365
17.526186807657155 -24.801314393521352 14.951715510426311
