#spline3d 5 121 5 121
0.20321000057999769 -0.067642390003248135 -0.06556733620966991
0.1015950702859461 -0.033850574510300185 -0.032783747141607283
-3.2273734917959525e-006 -8.8830156940231256e-006 -7.472373198249638e-007
-0.10159513811459545 0.033857599286077636 0.032776136148862295
-0.20319472656401563 0.067717662161961456 0.06553584378440637
-0.30478823968375007 0.10158511601469472 0.098307116267804195
-0.40637701776484009 0.13545453216287073 0.13109085674827328
-0.50797694050250297 0.16930693459476873 0.16385651411463412
-0.6095709815288346 0.20317537396004129 0.19662518371656781
-0.71116174369730145 0.23704485918947774 0.22940689193134309
-0.81275918900755106 0.2709027574247212 0.26217127044473365
-0.91434967695232239 0.30477225024856758 0.29493228410930283
-1.0159429376252447 0.33863280071091689 0.32775082273227324
-1.11754585946563 0.3724904454837335 0.36052996566764717
-1.2191335275539517 0.40639484381551816 0.39311406780982422
-1.320710503378806 0.44022616818783505 0.42595945975677008
-1.4223602429791995 0.47393313678271365 0.45947220313895765
-1.5239833251684116 0.50801367792510732 0.49145906784919569
-1.6253071169645605 0.54252805809873395 0.5212375117793504
-1.7270434103991574 0.57454838095372596 0.56141868108187964
-1.8295840504516532 0.60796754178013002 0.59743271954291666
-1.9297140451762469 0.65224604947492715 0.58752261075559586
-2.0252728109965319 0.70274099218081132 0.54621602612683307
-2.121019991054137 0.75104736481433598 0.51364885971606677
-2.2174931714991448 0.79857108430883372 0.48528151617217685
-2.3138137277386455 0.84679521407189651 0.45397086283658195
-2.4099873318468137 0.89501691329739186 0.42241439054973118
-2.5062205514972735 0.94310781838019719 0.39147845311175877
-2.6024838022061951 0.99120961078078063 0.3605517332503721
-2.6987241623980855 1.0393429153421305 0.32944654381382515
-2.7949650184629626 1.0874451020358358 0.29839924486682212
-2.8912009030585817 1.1355892582284857 0.26735378611683819
-2.98744230378697 1.1837934700218355 0.23626034729514395
-3.0837262690737361 1.2316946880380601 0.20533417021338701
-3.1799328514421097 1.2797215128310087 0.17434458996747335
-3.2760308251631529 1.3287481512484034 0.14279303719503511
-3.3725600661579467 1.3766843133447733 0.11184771806441283
-3.4690962517885602 1.4211485948238272 0.082886688732379768
-3.5640809680403729 1.4727791975069022 0.049872828038900925
-3.6597294126258824 1.5352661852696081 0.010608380393104596
-3.7645059354499062 1.5436915331383827 0.0020192386339643173
-3.8694756736770795 1.4945241182862656 0.026450516730008436
-3.9710419899959453 1.4454831196471718 0.050933352721223991
-4.0729875603385972 1.4089444775138422 0.068241401478542255
-4.1755613200356292 1.3686587484020838 0.087668180547710306
-4.277979545853162 1.3266685819529129 0.10807491071411217
-4.3802282106981361 1.2857420047260109 0.12787608290555991
-4.482565279766539 1.2450099958889902 0.14756323112936989
-4.5849277885936983 1.2040444245904776 0.16738924723850554
-4.6872706813834926 1.1630620449105877 0.18722831759726474
-4.7896082471558135 1.1221456301764006 0.20702498254953147
-4.891951752146392 1.0812127059223462 0.22682719331860818
-4.9942952215321368 1.0402697385327204 0.24663698901850514
-5.0966393774033785 0.99933758836625108 0.26644473669518998
-5.1989843102970674 0.95840737945765675 0.28625068435625028
-5.3013269887811685 0.91746998081626041 0.30605857501919331
-5.4036688394010008 0.87653240458807413 0.32586885177021513
-5.5060106955201524 0.83559405142829846 0.34567400873364901
-5.6083543532309967 0.79465738941152064 0.36548442407723458
-5.7107003475390341 0.75372651822675818 0.38529183292974661
-5.8130402089315254 0.71279123210831308 0.40508218030373228
-5.9153833205200028 0.67185683189853818 0.42490461953873737
-6.0177420981751286 0.63093018770497411 0.4447726263400768
-6.1200719919855322 0.58997289862862068 0.46450148110537243
-6.222340686484694 0.54899206518425381 0.48404306649280604
-6.3248322288565015 0.50820496288124772 0.5045140108577445
-6.4273316480983818 0.46733268137059303 0.52475623873255806
-6.5289803174121364 0.42574514920776307 0.54151447022244859
-6.6312663310288897 0.38516738853614862 0.56235792251819372
-6.7364614868255384 0.34646595800468366 0.59337063357967934
-6.8363327998819106 0.30177321065363394 0.59782192114690813
-6.9193888504175289 0.24575620905734161 0.54222121571840642
-6.9989930058175709 0.18970187545066167 0.48148859779123881
-7.0813563830863906 0.13546788305054999 0.43038958611149591
-7.1640983629394546 0.080967466533061375 0.37910613781288083
-7.2456778358744378 0.026066854919025533 0.32510233180532039
-7.3279761433541166 -0.028673659713031964 0.27213763970193011
-7.4111659876725513 -0.083400322473412433 0.21996910820582555
-7.4910662408061892 -0.13821886096129141 0.16540720790571267
-7.5714035176443355 -0.1926239486619955 0.11200835710999357
-7.662910442361591 -0.24739365001731867 0.065049151907128774
-7.7459861157014638 -0.30374261191300261 0.0092596625361261609
-7.7608325844920705 -0.35768267051790853 -0.08523077353296267
-7.7476212034395529 -0.40866978918719998 -0.19143738750536685
-7.7481225068597022 -0.45912031594944597 -0.29050488183437417
-7.7542572361135447 -0.50946014889327873 -0.38790203341144674
-7.7440319795156869 -0.56541129182918637 -0.48930405275929595
-7.74365006022167 -0.61678195916001399 -0.58942194351442889
-7.797721453506484 -0.64306262128510194 -0.68051798061965207
-7.8724656335151932 -0.65931822238168791 -0.76813617098808573
-7.9362695273061137 -0.6806506216346595 -0.85758828152798394
-7.9975473152027581 -0.70325201290555794 -0.94745041884598491
-8.0622619454298157 -0.72425764387496072 -1.0367226979654445
-8.1266293853010438 -0.74535434720006455 -1.1261016116307616
-8.1904033181004703 -0.766708745441263 -1.2156348199541509
-8.2542854828282728 -0.78823433470879067 -1.3048988862494173
-8.3182548937393559 -0.8096862020141995 -1.3940664985453701
-8.3823561940906171 -0.83017727853640977 -1.48440774441407
-8.4464916735039974 -0.8513386796970398 -1.5742340134453103
-8.5096595215512121 -0.87688601339534145 -1.658840865574069
-8.5738113543817747 -0.89360888807740835 -1.7524115337988342
-8.6405021393293779 -0.90428425128668954 -1.8551884430828987
-8.7021657439217535 -0.95615973885654215 -1.9149885431439726
-8.7503168968202552 -1.0671728385386663 -1.9033535077541057
-8.7988923397775611 -1.173603184583548 -1.8955665679161198
-8.8511690008390644 -1.2679983557764833 -1.901621730379063
-8.9004521057433621 -1.3674718251801088 -1.901807304892168
-8.9434395085222249 -1.4803885151814129 -1.890817059863926
-9.0082128261400776 -1.5640890126219542 -1.9085073131636572
-9.1024402102844402 -1.5940247637832843 -1.9700228283731172
-9.1967477309610253 -1.615504207238218 -2.034690265350211
-9.2858942776287829 -1.6476910681661001 -2.0912139633763989
-9.3757932636408654 -1.6797212498026322 -2.1484166321158846
-9.4669995624060821 -1.7089239820687046 -2.2077620200137269
-9.5576134464416835 -1.7389949297784237 -2.2662840291915916
-9.648117707645179 -1.7694172454699855 -2.3245666854868037
-9.7387487923582512 -1.7996400041246223 -2.3830327019063717
-9.829405772790702 -1.8297728782767293 -2.4415428565375077
-9.920021574764041 -1.8599740780321952 -2.5000041342784938
-10.010544951556827 -1.8903317895771905 -2.5584230646714925
-10.100922216783374 -1.9209449813232844 -2.6167932810604313
