#spline3d 5 121 5 121
0.59224099639215244 -6.5610072686323246e-010 -0.19049218885002497
0.29605817651758204 -4.7839916573245014e-011 -0.095307606119616278
-1.0789070463980568e-005 6.171339220432808e-011 2.5639281481570084e-005
-0.29603493677097104 -7.6599981096433874e-011 0.095266299436618559
-0.5920722288023732 1.0135516661313902e-010 0.19178619167252692
-0.88825032363910172 -6.6605632973648141e-011 0.28408360861717508
-1.1836878619008193 -3.495187981937457e-010 0.38891555975532816
-1.4818031639360298 2.4099038961885132e-009 0.45942239571519305
-1.7717961490771839 -1.074419454991941e-008 0.61569831928953689
-2.0833287184769991 4.0821344884223612e-008 0.58278220293624028
-2.3917041356274975 -1.4035727074988564e-007 0.51604591059795368
-2.6991144483039804 4.5193562474124146e-007 0.48979917639327025
-3.0077744583264487 -1.4123335757874644e-006 0.4384923090023638
-3.3156169557181712 4.3103518533098497e-006 0.40002440040092185
-3.6238995930443654 -1.2666153552140006e-005 0.35558240480597603
-3.9319591648655683 3.5935738114714261e-005 0.31381762545301195
-4.2401506922200838 -0.00010023044814469883 0.27069240257767452
-4.5481949510199886 0.00027552597192927479 0.228812499894434
-4.8565504698556383 -0.00073350170265673706 0.18458970088269339
-5.1641307384696997 0.0018717166845629233 0.14604226586916816
-5.4736128108050224 -0.0045791407250984403 0.093456868473822952
-5.7786605525542978 0.010543265674306765 0.074271886628015329
-6.0932588957377511 -0.021958400421240348 -0.0186408517662696
-6.3906117585309277 0.03506578722534285 0.026957517798152312
-6.6804075703432941 0.12891049401995297 0.12963626078065296
-6.9763761569753111 0.18883170589737092 0.17977651363907327
-7.2697619431781613 0.27120975572107686 0.2646879614458692
-7.5622356040023861 0.33612262019869149 0.32249047189817887
-7.859416477785814 0.42212954631206151 0.41317004225136506
-8.1476888320737206 0.47545664368956253 0.45268847921868677
-8.445944480246947 0.5735053015667867 0.56285559064427382
-8.7535223455558047 0.65356665072617526 0.64200927945356423
-8.9305722579410816 0.46688521985618436 0.31323340387685178
-9.1527746230770397 0.39545873552480215 0.16015549625346095
-9.3561299395497297 0.27349688569772429 -0.064885855130218051
-9.5761930787008289 0.18314906117229474 -0.25502776478576572
-9.7708511194516117 0.058638726849204591 -0.47251421284861289
-9.995768804562049 -0.031434986254770411 -0.66656441165847635
-10.292611262188123 -0.026591890602776298 -0.79315698275761826
-10.553022104865473 -0.067623568240307644 -0.95172480504943002
-10.82936094514741 -0.089311226908645708 -1.0969665096111707
-11.099254244462793 -0.11853637539555414 -1.2473859220837751
-11.37169164794852 -0.14492366425213302 -1.3957751074244364
-11.643013094872321 -0.1724495610246374 -1.5451978302991127
-11.915041964288035 -0.19938367086637113 -1.6937437636795225
-12.186415564268891 -0.22670914091501931 -1.843063557686055
-12.458067098122648 -0.25422396190744057 -1.9931807674947832
-12.732023929390786 -0.27886076730666737 -2.1347281862403027
-12.993221459412462 -0.3159746300541143 -2.312488596203599
-13.30423567299804 -0.30954618598596867 -2.3652865393017839
-13.606589371753911 -0.30942693879706257 -2.4358442893736765
-13.908538030920797 -0.31051925471818981 -2.5100964188182036
-14.212139352751073 -0.30967596587522001 -2.578732299132406
-14.514565620323502 -0.31021865308608132 -2.6512021781789139
-14.817555643519023 -0.30973039478621728 -2.7213122281838551
-15.120478558793792 -0.31060930449330576 -2.7935104449571884
-15.42295554351205 -0.30835374995339676 -2.8620201582359757
-15.726651148094701 -0.31446022358299608 -2.9396997523070345
-16.027837861417602 -0.29867311874043978 -2.9938111122828177
-16.333242682833458 -0.33601747333754856 -3.1045834901755271
-16.634824924349779 -0.26022580937327994 -3.0959202839367119
-16.927979466492591 -0.14979074502087483 -3.0490720774466586
-17.226415901163193 -0.072189889973861013 -3.0377816574704863
-17.522214598273095 0.024570072518782331 -3.0058507682310616
-17.819201746703548 0.11185699893623909 -2.9840844572323286
-18.115678053348233 0.20345177566029468 -2.9577381879556999
-18.412373683476549 0.29316292543070305 -2.933358425232047
-18.708972671616351 0.3836816730939287 -2.9081546573099053
-19.005614730874374 0.47386154413256948 -2.8832900582558474
-19.302235253036592 0.56418906861164708 -2.8582897577269746
-19.598870789670507 0.65443802278599994 -2.8333433327972997
-19.89549804747891 0.74472506313797704 -2.8083745911844189
-20.192128573670004 0.83499685840787607 -2.7834159065334103
-20.488756120212781 0.92528328093188728 -2.7584548118573955
-20.785378792616438 1.0155722849095126 -2.7334828128364288
-21.082024889254573 1.1058212783008186 -2.7085432926261137
-21.378622150578337 1.1961349382567148 -2.6835402971414197
-21.675325316906907 1.2863621712936522 -2.6586962385605668
-21.971753868069943 1.3767649579021222 -2.6333698904409237
-22.26892359201554 1.4666914224024248 -2.6094575904351203
-22.564150486417216 1.5579071289378545 -2.5816131904311317
-22.864314209291958 1.6457153339675274 -2.5643212887839111
-23.152496406373889 1.7422866001099895 -2.52011249505497
-23.467397882785157 1.8179244144404667 -2.5390578230734362
-23.73200210979072 1.9370317601079803 -2.4300163207309997
-23.971159491660419 2.071462899249203 -2.2712498687979532
-24.230520139438827 2.1922204463922159 -2.1553634061499167
-24.478797883646273 2.3208060541931701 -2.0152324600404756
-24.732218594850654 2.4455868586258283 -1.8868065740339446
-24.983951917933741 2.5718600485487411 -1.7533549107427979
-25.234304778196499 2.6985291226284192 -1.6212201254046488
-25.491989856064446 2.8212314371364111 -1.4915962488837813
-25.726909957053753 2.9575959258655753 -1.3511410431878792
-26.02401460162984 3.0541040433422966 -1.2432449836283859
-26.166790677468406 3.256480053617274 -1.047923753742976
-26.299912090181547 3.461563852610225 -0.85093733736590171
-26.461940350039669 3.6492103166197185 -0.66761102886357304
-26.594329713138485 3.8561625990529498 -0.46963704395173628
-26.764851888813745 4.037093232925729 -0.29049706609110637
-26.872202681690123 4.2616728449811214 -0.080500807336370217
-27.07635867616985 4.4203062499554253 0.08285174649809339
-27.355896144619329 4.5196619376492499 0.20827904204050468
-27.59603535693326 4.6545154732743681 0.34995013960316607
-27.829081076178685 4.7795333492756038 0.50395945808197451
-28.12058778017251 4.8917684301549169 0.60971506374575746
-28.303752362730386 5.0379511706686824 0.80450918149089212
-28.38006191146102 5.2130189214170386 1.0721005994927166
-28.525757222913857 5.3685140009756163 1.2907704863106106
-28.63654261676286 5.5341944354242116 1.5344172324830221
-28.762860259329646 5.6952961977131142 1.7665896967382173
-28.883389070561666 5.8569621780894154 2.0046705023336524
-29.003685141413058 6.0247549795715383 2.235852928109118
-29.132081763043715 6.1682290897686451 2.4847998008391388
-29.234168546262673 6.3881543406872661 2.6822599271933623
-29.338689904407182 6.6000126379290318 2.8845975862354831
-29.444853877697902 6.807759710092105 3.0900686061299574
-29.549392973966832 7.0199402764952019 3.2923566840940568
-29.6548854126058 7.2292610949587761 3.4967014415837609
-29.759869618416943 7.4402667563171825 3.6998202397280417
-29.865381098022908 7.6501984919990704 3.9036179238311615
-29.971811618248466 7.8580503882857329 4.1087755653215652
