#spline3d 5 121 5 121
-1.1559158181158575 1.9591809212893885 1.0524245024768977
-0.55377933464396489 0.80410270408919404 -0.075508229716064121
0.0090855704566962809 -0.049239568499602121 -0.16658733735434841
0.53240740098093742 -0.68778135496780612 0.46913505914532339
1.1044846997816531 -1.4656932972140018 0.65216468871184585
1.5645308255356611 -2.2913887634841994 0.5666555138934154
2.1255504848882731 -3.1245667216762048 0.48290424178726193
2.6630670050021656 -4.0292865339706179 0.41409494651007017
2.5917673160510071 -3.9724226432274752 1.8300071163784331
2.8178971982299394 -4.3416253321684639 2.7033091741472792
3.0986943395737261 -5.2654365057572976 2.6580896375652405
3.4984112894586215 -6.5424375753153736 3.5218914271170254
3.39763705266938 -5.9720610713196205 1.8357735901535488
3.3943320588045149 -6.5554766544169931 1.2227835196734411
3.384246100570679 -6.8791517275421894 0.13680882765166333
3.9627009471091452 -7.9670829335960365 0.35190613087908357
4.589264597216232 -8.7702257292752996 -0.010024712104762475
3.7166955524794858 -9.3547248732997534 -0.65423404628902093
3.399619026515547 -9.9312287017122571 -1.263940743387808
3.0873590225090255 -10.749596036149736 -1.7627828789825244
2.967782163875242 -11.54055582322022 -2.3262595804779171
2.486543097794276 -12.223026783171576 -2.8335621420290988
1.9052549545791628 -12.834601233427234 -3.3247547189619722
1.4233812481813886 -13.525767146480105 -3.8080505795844899
0.98597211067996038 -14.004896496090581 -4.5639562724644094
0.53500204413610286 -14.627366457256173 -5.1388723995855621
0.089389865027303977 -15.134039478435762 -5.8604795961471607
-0.51394897199302525 -15.695820336315482 -6.3972388703450997
-1.3041344562847403 -16.272984573653069 -6.5169501268634553
-2.0198988209667998 -16.877900325569215 -6.9048978679938493
-2.6667268998555231 -17.418270151238477 -7.0700548433350567
-3.7231789278006429 -18.010140375533787 -7.6154626606079523
-3.113129234956912 -18.89409465319871 -6.9215192993362846
-3.1076587909138875 -20.274864025236422 -7.0324213955275132
-3.1141478649131216 -19.481267643418647 -5.5824855011363299
-3.0007592750200862 -20.357722864118045 -4.8908401912413426
-2.6523227207158722 -20.569965164527453 -4.0306516662005469
-2.0786219271210298 -19.812997960989655 -3.2458498918647698
-1.3612289749110178 -19.696715023627934 -2.8333218446430029
-0.26023963910905235 -19.416082741042228 -2.7508795799347827
0.56525125588314318 -19.17624717253878 -2.4617735293145713
0.64659958266357598 -18.359087163529445 -1.5510384840765885
1.0610040183354996 -17.815359605993134 -1.0271645966677319
1.1597641752250238 -16.748354050004057 -0.75568604960924779
1.2788542125148146 -15.914806028454791 -0.43300175202885099
1.7018862223917861 -15.073910641310533 0.041168899636902755
1.269762537182616 -14.004951622118469 0.07067360689665525
1.0206125395892363 -13.416412471985581 0.42235796517462149
0.62761230964976633 -11.904390834283879 0.2109238896016411
0.51408102767827057 -12.133745079603912 1.1353873801489298
0.33632099572330409 -11.547467706963127 2.3687488725824855
0.25125563892044561 -12.162862937382442 2.8405839910863206
0.40359287881448669 -12.949126961455145 3.8762055549052903
0.11369340846450263 -13.822576711500133 3.6470084587700042
0.086305294116670733 -14.914355802652237 3.3131129067317397
-0.347093196543865 -15.631619870415907 3.956675988107984
-0.62371340073142501 -16.515458470300207 4.2328441658389844
-0.97716914254373577 -17.273351840816161 4.6736003469335969
-1.3609458439378848 -18.214217571466424 5.3063136140794169
-1.1835935051484288 -18.693146569704901 3.8242838674023214
-1.2787841003484048 -19.334913710262121 3.4580851382156514
-1.1158590365810759 -20.302618881622553 2.8669463078415722
-1.0409222967886189 -21.108172837992804 2.6646516146369064
-1.0018338461011005 -21.988222963480084 1.8330183591547062
-0.81521217600453433 -22.853728241176729 1.967264538191553
-0.38349932872028158 -23.752785754521568 2.4374515885602337
-0.25052341941097683 -24.606769114450202 2.5963057377008258
0.24107195193202163 -25.533320170414623 2.942837591288805
0.346219750614712 -26.306160642448571 3.2388563759328233
-0.013710068074421933 -27.508971756144401 3.3542596418026167
-0.41137842671359226 -27.468167057359942 4.4053890756622458
-0.70072189495798143 -27.80269634239292 5.282543755866433
-1.2533241945156739 -28.058509029446736 6.0026388219097004
-2.0666051835400308 -28.63292181264821 6.3835103362671335
-2.7579278187130152 -28.913675879791359 6.9628513507972851
-2.8452826400907507 -29.155411167856954 8.1031101127250906
-3.7828586765651879 -29.151040552153304 8.5381951238019251
-4.6208002476189671 -29.130627111378107 9.0181448083335543
-5.3607020303546422 -29.142417514926549 9.6511954248847669
-5.9929723701041953 -29.147236306488026 10.38099123986968
-6.6946315692544083 -29.11632195582666 11.082196373253263
-7.3769914455881596 -29.190748758803089 11.701048835700384
-8.0288907005241388 -29.678137902380861 12.506759149848417
-8.8877125751658248 -28.918455923220503 12.720611193953154
-9.6804918603595951 -28.763391406796291 13.14665050846779
-10.474659378708841 -28.016505675266032 13.434568504678055
-11.343332606516242 -28.381606416523162 13.946616284152194
-12.143492470090292 -28.365787499560497 14.443530766377538
-13.067919639842186 -28.57860731946516 14.820866837509016
-13.677495550401009 -28.499332937582572 15.593911583113412
-14.442590145832529 -28.455323043383803 16.244432696925571
-15.027828360521189 -29.09673040937718 16.788766405250275
-15.859704042058826 -29.348729479371784 17.322283499359852
-16.163014218555713 -29.92964924731103 18.022724984392863
-17.090178180121885 -30.436873219177954 18.598458265055182
-16.136890434023748 -30.901828365193751 19.531577036726716
-16.751902748027103 -31.68937329784519 20.043333061961064
-16.848184232272654 -32.361728604596131 20.704895956744156
-17.189915801841192 -33.100071455562812 21.300401822560573
-16.920095406960122 -33.946352082619462 21.775467499916573
-17.269477019675723 -34.781999426241818 22.364932685553139
-16.412595971469649 -35.48117563013399 22.708816207564581
-16.223372970301902 -36.305307528901622 23.082483648395286
-15.428600986411288 -36.926139805745215 23.565959196577985
-15.464099479161538 -37.929824040191093 23.764171082703491
-15.286174409777686 -38.843850988114575 23.887649497169246
-15.314654366745648 -39.843464286060055 24.152540072572986
-15.092568106745176 -40.752630424485886 24.201066860899111
-13.992594019680851 -41.137227080130003 24.889032882570337
-13.801335346973053 -42.073412657240162 24.698651133945095
-13.775010525574391 -43.032615962937889 24.284430159292921
-13.470516550093674 -43.866320569161488 24.041991452329782
-13.517084651512583 -44.893858625774655 23.768796762706284
-13.116090121462058 -45.655678716280875 23.398917322246916
-12.644101189092664 -46.322551547729169 22.829586423422327
-12.044711629179332 -46.974659688259251 22.368769786963007
-11.990355617864743 -47.856371929212841 21.924494759877213
-11.910736524258688 -48.746640652128384 21.535417364376801
-11.74636464927946 -49.579759313354799 21.081437784772675
-11.730246845114227 -50.501746687779345 20.708461373738366
-11.899339051357174 -51.534727908000605 20.436355876024663
