#spline3d 5 120 5 120
0.25044315363032044 1.2994821056236168 -1.3111224720772836
0.18230577062270928 0.63329492297692214 -0.50282095948575889
0.011429792839955153 -0.0030671005091459382 0.03115930613878045
-0.20899358074403435 -0.62583810169804632 0.43072552742802211
-0.43766485442957337 -1.2388429023027443 0.82636610841654501
-0.53161801447728596 -1.9122845416716281 1.5298765505302971
-1.1853881111842033 -2.3640283526633654 0.88907195354951074
-1.6141949093845018 -2.9074035881147045 0.66273750940701959
-2.2030310716596264 -3.3766061952231254 0.29619944787476626
-2.6364544609852048 -3.9076687024432402 -0.056536008252454729
-2.866554353248695 -4.759265753525689 0.13857827481577664
-3.2213645223364265 -5.5668606449929294 0.025561189939286279
-3.0351258120534137 -5.2942480009348714 -1.18667497667888
-3.1477312583836112 -6.0810041508866837 -1.542616230576991
-3.042714965711701 -6.4750918111173492 -2.1835115087735653
-3.1901821778535169 -7.4085104299059088 -2.5607299782330348
-2.976757453921167 -7.4189869081436619 -3.3545264250924434
-2.6331889007143197 -7.528277332028912 -4.0116728138774977
-2.4440261886817383 -8.3898815867370775 -4.3476770263045275
-2.24021135337181 -9.0283088278169608 -4.8250190107937421
-1.7858432868180718 -9.0813382689166495 -5.46094533194601
-1.2017261017312029 -8.771226696529574 -6.1819085825103386
-1.0494906569631419 -9.5545321505563532 -6.6381168815294309
-0.76535446240209937 -10.129382367618865 -7.0306756014929359
-0.53756245654800017 -10.719979122483082 -7.6040054786590803
-0.66733524185218629 -11.185071198289167 -8.0532126084451257
-0.57396925670508958 -11.69482332478572 -9.2069972559582336
-0.71278525739588228 -12.25302399824262 -8.3774555083155029
-0.89879733248074745 -12.677536498374995 -7.7110963950180889
-0.93704114154414841 -13.267027780620994 -7.2033463866043457
-0.77157548422249067 -13.803057223592972 -6.7256690280502669
-0.49289415999076636 -14.75627930123081 -6.3022533499834132
-0.98735221926709427 -14.388705420391419 -5.5837840947287436
-1.6612493777156909 -14.338233549392069 -5.0043382654368704
-1.556891272056399 -13.958625250547454 -4.2936249673125761
-1.3770805786475802 -13.474765338549918 -3.5032718846229565
-2.5215539769395345 -13.755824787956291 -3.1700118347975175
-2.5655296279462614 -13.522794908071646 -2.4514793114929243
-2.7020892568054915 -13.135316876539893 -1.6737101361579658
-2.8845734889790671 -12.884506572648259 -0.94074413614966723
-2.2417785747552919 -13.847840626757696 -0.45543837300640522
-2.1245212901139965 -14.019058187762514 0.23086349216522239
-2.5324444898242002 -13.225682000083584 0.67612434914932695
-2.9351507731677833 -12.451104579886715 1.3509759752676747
-2.380342723325823 -13.408926696110068 1.6583849758754441
-2.0907359301518604 -13.972358239852804 1.9961419434396743
-1.6849478421455513 -14.575894530444609 2.3274464575918579
-1.4041865566501426 -15.220889112951182 2.7014454931433551
-1.2468148905237566 -15.842736735168815 3.1663106354012744
-1.0091345297695145 -16.484470829326806 3.5611247344590877
-0.80481750792281292 -17.102087921380928 4.0171288181891738
-0.60761249766755776 -17.761049612111403 4.3924261780818208
-0.35684592176617375 -18.338613289692979 4.9095529435712084
-0.22309832193046009 -19.069952644512593 5.1732582239339759
-0.1254689612896201 -19.843173171230326 5.3477903957154993
-0.0080009405428400175 -20.579011834067753 5.600377191247266
0.1213808653435877 -21.330546022667512 5.8098891526270808
0.21114352955504034 -22.083557747027736 6.0366185448357692
0.32641139179467982 -22.837235547367349 6.2552180418247962
0.73473421085481982 -23.477579311917875 6.5360755426240562
0.99074192078426682 -24.18096326089012 6.7819950135518594
1.335521361219095 -24.838813864778643 7.0515315326611621
1.6115737091897766 -25.543149027244944 7.30121490505441
1.9407533630298572 -26.203861266082036 7.5572389144903465
2.3778911919664929 -26.784498386260339 7.9202199751566527
2.8364015735700732 -27.316373696740772 8.214615998467039
3.14872130157557 -28.029040206084975 8.5727614526692317
3.7408571912469126 -28.416960918607639 8.86383455690763
4.5711089335574373 -28.640218443699585 8.9208822582888896
5.2087729925103181 -28.946109114269198 9.2089402100736368
5.819117323625977 -28.992512702801903 9.7866665642081809
6.4450246095115675 -29.166226860040894 10.201538259024019
7.0672904474546199 -29.315451447638473 10.683128313352475
7.6795170779007309 -29.373788637244758 11.180255019991669
8.3325492186291541 -29.745353370006168 11.528713765851641
8.9824202650581437 -29.891358698184888 11.864940344304127
9.6208763450628307 -30.413301557597329 12.261352647944129
10.288729551563588 -30.322258714809404 12.569958137270776
10.947399724633518 -29.79350549342249 12.824186811315318
11.614601865370172 -29.556680635585511 13.105215608599973
12.261025397391826 -29.239754889146106 13.410619834714931
12.961679423165087 -28.72951511146189 13.587713252570881
13.529975121746382 -28.944257689023694 14.158881157946094
14.030807263325798 -29.119091207776997 14.759750255995096
14.691491888696072 -29.199898690177076 15.185434889494488
15.342714856620649 -29.335418151649684 15.607568842657946
16.03753218031591 -29.410703635294244 16.005009137254532
16.6009387921486 -29.576541181614193 16.513322776498452
17.225135287546923 -29.631103538822039 17.032654186135542
17.881626651894614 -29.809365034969275 17.459747456331904
17.787946395687527 -30.171701653453585 18.370083060088763
18.133528924797371 -30.619465260704565 18.834709649952746
18.611933182709656 -31.334333194161022 19.042369718137266
18.853696336457013 -31.908278905011166 19.419688884679886
19.449445448965886 -32.508510279936878 19.725057893749877
19.585732245419532 -33.163126805890677 20.042733090700068
19.161666708873661 -33.93521677512561 20.256967187990419
19.081776978074341 -34.625730017765463 20.536735728319485
18.84058598178326 -35.370174833759904 20.765418916831518
18.632833669043624 -36.065419903667483 21.059752942155281
18.5075812637577 -36.831382394650419 21.236938960120558
18.419091420762239 -37.598288353051075 21.397882716107425
18.296915076959579 -38.356273261749521 21.587451981853285
18.195042137458454 -39.122527283158547 21.754884779476861
18.082963011373099 -39.881014603282345 21.915356055405532
17.976175600149599 -40.648100279725654 22.202365504517509
17.858436930623053 -41.410511471674681 21.86823574563293
17.73588247042704 -42.161939175772496 21.721016795424713
17.63545209318362 -42.931354757209796 21.530456836431938
17.481507123759204 -43.66831294774213 21.321469924851183
17.447357851164192 -44.470726091102179 21.185960508783538
17.159981166159369 -45.14194493554313 20.886814846141085
16.815034428164473 -45.807272248052705 20.605534806756744
16.575528191440544 -46.47419627512361 20.282189430153164
16.191525888120079 -47.16858236560018 20.074689083567293
16.015251258573027 -47.801182501706151 19.646498095507575
15.956703557517484 -48.368759041405731 19.068055941424927
15.785737967064499 -48.991061562439 18.630094436673517
15.714208031260128 -49.568283023405527 18.068624144066781
15.829224536920265 -50.061930637795285 17.276922393994482
