#spline3d 5 121 5 121
0.3300215353740279 -0.047052060882872337 0.091059422943122692
0.16498543109163602 -0.023555678643994979 0.045586330934355879
-6.0693175022071858e-006 -7.3009965087131531e-006 1.417266061703742e-005
-0.16497605497520698 0.02356683505870686 -0.045608434066899052
-0.32994857655101678 0.047139298335215442 -0.091231136489759987
-0.49493463547431232 0.070698778433835902 -0.1368306326148146
-0.65989840563829816 0.094268986072964731 -0.18245688767140272
-0.82484437299185975 0.11784409417207084 -0.22810620227885267
-0.98994094431544344 0.14139742448054776 -0.27358289499163541
-1.1548070689707608 0.16498090330753112 -0.31935776143568306
-1.3194119399699191 0.18857847093080524 -0.36532010109750063
-1.4855122915305132 0.21200876951258085 -0.40959719058287936
-1.6503731885403874 0.2356605752649765 -0.45575440511307808
-1.8104838812679058 0.25972398296989396 -0.5066212221284222
-1.9834489124893278 0.28207108363396 -0.5412953624618837
-2.1601995522115609 0.30531702743760741 -0.57908369935207282
-2.2431465130337251 0.33891915607220907 -0.72280311107793116
-2.2936187174684624 0.37491203155459313 -0.89610117850987359
-2.3666754702773702 0.40862191409633269 -1.0457992659923125
-2.4373410689906376 0.44254056963150618 -1.1985485669249889
-2.5033693825437355 0.47773113950659102 -1.356166542558485
-2.5724041902834953 0.51182165083993014 -1.5107976628559321
-2.6459510727369389 0.54299652956930289 -1.6596607584756107
-2.704959216220443 0.58281129642401308 -1.8238665730965058
-2.7657661154422879 0.62375752574348298 -1.9926657447692759
-2.9202817776371619 0.60437750302865312 -2.0531679609607951
-3.1015813378841006 0.56565997537802859 -2.0765415167868517
-3.2617247786350956 0.54113868165511148 -2.1260721246544976
-3.4250709784307789 0.51468189829995148 -2.172254330616548
-3.5910532219246902 0.48639896022506257 -2.2150395072843496
-3.755683497606392 0.4589592813452168 -2.259481496717306
-3.920238813581455 0.43168449685318394 -2.303858635792865
-4.0852994909301135 0.40411464384909185 -2.3475462307476471
-4.2492062272138362 0.37678890840418844 -2.3938550582307525
-4.4141891912875053 0.34930712186852558 -2.4372924956087858
-4.5832529907991733 0.3211256036344286 -2.4715092446041953
-4.7359796614133574 0.29566563841768856 -2.5452071725880066
-4.8759590127362644 0.27234035729777284 -2.6470770530145988
-5.0194883236992727 0.24841631255851052 -2.7400867385115002
-5.1641787257224445 0.22430468507646725 -2.8308022900224987
-5.3076896060439802 0.2003848024793124 -2.9242561008810108
-5.4513760884687326 0.17643860571704975 -3.0172123647220439
-5.595253412266711 0.15245833469904782 -3.109757406181183
-5.7390074252544121 0.1285011912885719 -3.2025852553890601
-5.882809587246415 0.10453458426009703 -3.2953255054204287
-6.0266279271445429 0.080564261455445513 -3.3880313119159213
-6.1702247146332194 0.056636218521364523 -3.4810816909687095
-6.3142154056410202 0.032627261078825208 -3.5735202037848883
-6.4584476633698715 0.0085905953941538288 -3.6656050084449787
-6.6001132221363967 -0.015010633265692108 -3.7616397991650792
-6.7397293095504347 -0.038278022332372437 -3.8607784700127366
-6.880063474051517 -0.061684098220692971 -3.9588092589671371
-7.020495711636924 -0.085085703781426505 -4.0567041119491938
-7.1607952083515043 -0.10843990776965669 -4.1548029118839613
-7.3010850439296293 -0.13185678187067951 -4.2529059249888252
-7.4413886118393266 -0.15527287330652326 -4.350994603336054
-7.5817400542603055 -0.17849415620180151 -4.4490165283725158
-7.7220352289462202 -0.20202065923229032 -4.5470929106565086
-7.8622902640621311 -0.22592049360064587 -4.6452671421548128
-8.0027629547751093 -0.24795230944242322 -4.7432001504109751
-8.1430305774578482 -0.27062492291834978 -4.8410726865586016
-8.2826270850395751 -0.3033587964864104 -4.940205143698007
-8.4250655448422016 -0.3085404977912688 -5.036797866342769
-8.5695252558331934 -0.27717600615734989 -5.1287769755828689
-8.7133030247734897 -0.2510877787327826 -5.2212064600588075
-8.856956284774375 -0.22930516266805717 -5.3142279238074739
-9.0007627558407748 -0.20513752260370943 -5.4069961297073128
-9.1445995208529816 -0.18067128073727817 -5.499674342320211
-9.2884072636907593 -0.15686563373824494 -5.5924455777701132
-9.4319557941705998 -0.13334777286027888 -5.6853334629482273
-9.5759068984399693 -0.10902402651456312 -5.7779855546995771
-9.7207655791919461 -0.083059826043610188 -5.8702284914698177
-9.8615113185550545 -0.064824071226941046 -5.9646038004877129
-10.006085087353323 -0.039119908741466418 -6.0567858786627422
-10.161709711686193 0.0065944853137186281 -6.1435076289156063
-10.280650974361341 -0.016740162924694331 -6.2500517732571295
-10.353164681584621 -0.12570193639985192 -6.3805091785785164
-10.437292949188672 -0.21291444721559574 -6.5047636516088971
-10.525462040227898 -0.29283389467832693 -6.6270289080288007
-10.609891827393117 -0.37963987372976432 -6.7512237578981367
-10.694827808807959 -0.465359904087781 -6.8751410920281284
-10.78029325840345 -0.55021186982660675 -6.998782755668973
-10.86549172605142 -0.63556522193447329 -7.1225770939819375
-10.950821525415133 -0.72077439059236559 -7.246311196874955
-11.036224155786348 -0.80580317603898355 -7.3699556335121965
-11.120779366589144 -0.89189580259182777 -7.4940610157029202
-11.206313173980407 -0.97705066823649778 -7.6178754730304741
-11.295286223205883 -1.0575328905432142 -7.7395010192398672
-11.371234648315969 -1.1532074888906241 -7.8672403806007321
-11.457202613465983 -1.2410612584509231 -7.9937070340167198
-11.60518464546967 -1.2492539627367705 -8.084516568355518
-11.76464428978348 -1.2363822302828886 -8.1631193753988445
-11.912424863316639 -1.239292823316781 -8.2491992025412735
-12.061921925231463 -1.2410416454125794 -8.3349733101759966
-12.213665988577977 -1.2393876335384739 -8.4190107077303367
-12.362583803995989 -1.2410111466521934 -8.5055888921381335
-12.514072401198383 -1.2399180190364341 -8.5891829140165683
-12.670117444991547 -1.2340000243929021 -8.667780396737367
-12.799906381461776 -1.2564656804346377 -8.777316324499413
-12.916418111227006 -1.293107225918102 -8.9022098206782658
-13.039229573964322 -1.3230316410680214 -9.0197487245930859
-13.162437505743926 -1.3525089299919937 -9.1368462637534353
-13.284099822190095 -1.3835837814186298 -9.2557318209665098
-13.406296958623361 -1.4141882327045896 -9.3740049748836949
-13.528718142715352 -1.4446122967787316 -9.4920272843521776
-13.650645342250492 -1.4751590195878723 -9.6105830798201577
-13.772893531329029 -1.5057410424805726 -9.7287959958278876
-13.896145385493723 -1.5365257205578466 -9.8459534214344142
-14.015618606850428 -1.5664062498536513 -9.9671013516306424
-14.132252642478569 -1.5955672684145334 -10.091241062706933
-14.249696718803815 -1.6249230775700139 -10.214522238925282
-14.367450539826116 -1.6543626661148298 -10.337477690646217
-14.484889869599433 -1.6837235984230934 -10.460765328005325
-14.602389587955217 -1.7130977885555867 -10.58398886598569
-14.719930939802278 -1.7424827962805534 -10.707168773570872
-14.837445581588273 -1.7718617909650216 -10.830376647592567
-14.954959499505481 -1.8012410324986952 -10.95358507258401
-15.072478031548084 -1.8306190556890884 -11.076789206241564
-15.189999060043959 -1.8599985404107242 -11.19999064784872
-15.307519112617964 -1.8893936166472391 -11.323189480994861
-15.425034556990056 -1.9188174872246471 -11.446386172715705
