#spline3d 5 121 5 121
0.1956323090002052 -0.11740151376493642 0.075775727485592165
0.097807378776974832 -0.05871561455379639 0.037886832256095036
-2.8606640883920036e-006 -4.6536923823853158e-006 -2.8214624731988602e-008
-0.097812835660435762 0.058710047288992817 -0.037880221386049837
-0.19564385042909013 0.11739849724463747 -0.075744594840828822
-0.29346791622670831 0.17609396444105613 -0.11361526773942847
-0.39128562901037534 0.23480473749955652 -0.15148758465466225
-0.48912939781987391 0.29348323480047922 -0.18934146957608017
-0.58694065028295306 0.35216313315674097 -0.22723359338317722
-0.68476723860965472 0.410877980999172 -0.26509089310294803
-0.78263443302351854 0.46962063422920497 -0.30289302162009413
-0.88040425789410737 0.52826484027405063 -0.34086023083911993
-0.97809317521288064 0.5867439131389387 -0.3789571283465199
-1.076246819004008 0.64589894228886968 -0.41622915447352354
-1.174476928198694 0.70515580585120385 -0.45348127562402979
-1.2704034197975174 0.76111292434097078 -0.49475964307099046
-1.3687183871086965 0.82076685093670221 -0.53118967984139076
-1.4729094995802443 0.88837525704064191 -0.55813782711798265
-1.5638082041621528 0.93614007613757744 -0.61066911074121188
-1.6182414826264702 0.9342451615924583 -0.72214947209730185
-1.6688790890884444 0.92764223801734924 -0.83623310776887794
-1.727320563512055 0.93093231317635017 -0.93745622154742281
-1.7786658451353299 0.9292034789231457 -1.0480536530836493
-1.828974192881837 0.92499401115823421 -1.1643640128447876
-1.915942462165084 0.94531049666877653 -1.2337961302378624
-2.0343861580231772 0.98811356385765869 -1.2564937574329695
-2.1449322984409362 1.0256619310151016 -1.2887473317250098
-2.2519456406619653 1.0605779659084518 -1.32678222540188
-2.3608075980243131 1.0967735861377141 -1.3624082871911332
-2.4704849774772448 1.133564021083638 -1.3966422398958023
-2.5794086484774268 1.1698371924348718 -1.4319596301610273
-2.688330172044076 1.2060905571995839 -1.4673193269261848
-2.7974413946958623 1.2424873990987544 -1.5024024402965817
-2.906525873952452 1.2788908002824122 -1.5375102435452361
-3.0154512042150077 1.315119200427239 -1.5728769695367695
-3.1244478697959819 1.3514208839003226 -1.6081286288738612
-3.2340228955854453 1.3882702365038821 -1.6424418402367584
-3.3427188290005994 1.424283869136872 -1.6781954972402202
-3.4501620782828279 1.4591405864979416 -1.7159478900159124
-3.5613408983219492 1.4974938397878761 -1.747612115332869
-3.6768572054950974 1.5398689338265876 -1.7724363000728363
-3.7644850805828747 1.5561534910758736 -1.842379278007678
-3.8282861648394086 1.5503583688731 -1.9502331725241613
-3.8962562469543087 1.5485794299786899 -2.0510084179798831
-3.9678668981516805 1.5501562261613315 -2.1460666816458858
-4.0380302600767974 1.5503598714960982 -2.2434910644252217
-4.1074448467669065 1.5498520466088628 -2.3420939271675962
-4.1774720886085781 1.5499773830911765 -2.4397059692148577
-4.247503114986511 1.5501128591980364 -2.5373137085388278
-4.3175197273605619 1.5498889240990779 -2.6350808734638012
-4.3875416986172535 1.5496913516908031 -2.7328549134244522
-4.4567879533881829 1.5508669840441354 -2.8308790291506902
-4.5269874713919371 1.5503636228552318 -2.9284700163992157
-4.5995156573926321 1.5460541729628774 -3.0252721088864014
-4.6651810685612292 1.5535299378759122 -3.1250885924309952
-4.7183889779931532 1.5815130324886555 -3.2294978985147988
-4.7700428392439571 1.611815819035783 -3.3343358327625316
-4.8245794016907713 1.6374413713637734 -3.4381230566408725
-4.8786310687025001 1.6639595207906277 -3.5421182351574299
-4.9322306469996295 1.6910467288864166 -3.6462777272669973
-4.9859547284103245 1.7180305557969631 -3.7503653606054264
-5.0396636865073532 1.7454018819264585 -3.8544734272841294
-5.0936318141140884 1.7714524941575964 -3.9585638127998291
-5.1476996313350796 1.7969803761963217 -4.0625071370370103
-5.2004100036361454 1.8283025029569475 -4.1666712765350642
-5.2540801651252567 1.8569924092716295 -4.2713620307781621
-5.3144218342734497 1.8551211092687305 -4.3743657178174393
-5.3787244199911006 1.8322662403236765 -4.4751914638208321
-5.4415797119765363 1.8159766796929548 -4.5762715990996279
-5.5040737161705531 1.8017300794204629 -4.6776879955059085
-5.5668751080093353 1.7860428213062378 -4.7790195036499208
-5.629778408102311 1.7699221505300125 -4.880246522876674
-5.6925354205651688 1.754323001169142 -4.9815465936148309
-5.7553117311181889 1.738699772800796 -5.0828478855778654
-5.8181429248035341 1.722965734657411 -5.18411941761289
-5.880925258653936 1.7072425904011257 -5.2854075913331329
-5.9437155279364422 1.6915564850476241 -5.3866982027715116
-6.0065249600233335 1.6759068066950751 -5.4880035496790125
-6.0693141999712177 1.6601651369963915 -5.5892876436113825
-6.1321486778302416 1.644275010802464 -5.6904349459096863
-6.1948835036322096 1.6289019265875635 -5.7919020811735766
-6.2575510124062621 1.613822521812694 -5.8936715282490741
-6.3208526916025924 1.5959907224421859 -5.9936196948994018
-6.3835228974647213 1.5801746299404245 -6.0944799704395995
-6.4446129972745014 1.572317838899417 -6.2009582295803174
-6.509475317277623 1.5510342158617434 -6.3001548067049367
-6.5836194266018184 1.4815771325491691 -6.3649395812646556
-6.6587847950955581 1.3997921630135866 -6.4185752401054748
-6.7321801061060107 1.3268501313966983 -6.4783725657566338
-6.806154864727664 1.2543432600239373 -6.53873047468816
-6.879777928208676 1.1803604510802026 -6.5985802958579285
-6.9527667926401229 1.1070033171266056 -6.659127266877424
-7.028270074206401 1.0317236254944246 -6.7158417290230439
-7.1049197363627972 0.95511488629933994 -6.7717256012054534
-7.1650472478839999 0.89490775834764724 -6.854090273932405
-7.2112429527434578 0.84871080997408854 -6.9573869564734334
-7.260573553155556 0.79941827206539262 -7.0555363573565035
-7.3116069636339489 0.74836302467990312 -7.1512143039149771
-7.3619020996214575 0.69808902112081739 -7.2481100038158397
-7.41174148183143 0.6482506380451285 -7.3456170213397591
-7.4618394531773804 0.59804595261192017 -7.4426222508705422
-7.5122438970708023 0.54784508119386044 -7.5395272306716823
-7.5625731602283164 0.49772491214638309 -7.6365415981642437
-7.6114456905540013 0.44757123182153441 -7.7340663603826325
-7.6623024236190052 0.39742997684116466 -7.8308589421634345
-7.7164214011230303 0.3473517936644529 -7.9264763393531323
-7.760288557416863 0.29709645409965807 -8.0258126537937517
-7.7832673319645487 0.24646711975205615 -8.1327149370126364
-7.8058217721949505 0.19583505685159019 -8.239778468063145
-7.8322985084668133 0.14527256354769774 -8.3454226907099187
-7.8579168435116786 0.094690535397937273 -8.4513684417773351
-7.8828919602740193 0.044096063853257809 -8.5575464025510186
-7.9081353996728465 -0.006490154413215171 -8.663634419073091
-7.9335640375272147 -0.057069673504704016 -8.7696597635262759
-7.9588207425629856 -0.10765692597546236 -8.875737291835458
-7.9840677052896032 -0.15824615156398847 -8.9818168971200194
-8.0093767868885379 -0.20883152016532769 -9.0878804569698737
-8.0347034126917727 -0.25941469664577754 -9.1939410513191948
-8.0599869014753729 -0.30999871173129034 -9.3000122912946814
-8.0852889420993392 -0.36057821664698803 -9.406081882135533
-8.1106552960228981 -0.41114890714256491 -9.5121409022579684
