#spline3d 5 121 5 121
0.74098709348913083 1.1616218552225086 -0.24741864352101181
0.37896087882034635 0.56780751349389558 -0.12207567264636163
0.0024463873165180968 -0.0035343906685459149 0.00045171347926977184
-0.3833691798519509 -0.56134172346568445 0.12124495824945769
-0.74797772313335886 -1.1464996204144227 0.2456482901992259
-1.1491724565836925 -1.6882081850030954 0.36419267738425798
-1.5047798127275345 -2.2737073863498503 0.48930908414643498
-1.848570162035025 -2.9192285899632857 0.61857229231599842
-2.6154850366974793 -2.9247399304317292 0.67314125745889686
-3.3262654742785216 -3.0363309132531375 0.60034033547850518
-3.8548687214228314 -3.3199388192075712 0.97445441202343852
-4.3960253055898564 -3.5903447057724716 1.3415231278625375
-4.8996898048130255 -3.8590548053875313 1.6693048431944582
-5.5103182084758382 -4.135922395954486 2.0718808490832998
-6.0456051007690785 -4.2812753665682965 2.0373455908556974
-6.9217532851234171 -4.5722515980564022 2.6028787004640974
-7.1840784128476054 -4.6959175996567106 2.3511473963234768
-7.2474561877702248 -4.6371811497455981 1.4383572310381505
-7.9722903902776769 -4.6619958420567498 1.1651648105670795
-8.4622522290963023 -4.5519503636008629 0.5568922149433595
-8.3493667505030107 -5.1570064551140655 0.086576903619805037
-8.3901164007628086 -5.7408489203477622 -0.34254285131302475
-8.3344260129223553 -6.0697556325796445 -0.93367052408490991
-8.1798044853577725 -6.1817159170591971 -1.5887804828785863
-8.0476620179145328 -6.7028045624093018 -2.3168104151428448
-8.0382865280145115 -6.0340237623161084 -2.6761248024801283
-8.1334237054332306 -5.0369956457768694 -2.9948790434361667
-7.8481109280544361 -5.667057819179786 -3.546434747113385
-7.6063427012181339 -6.2216158069171579 -3.944081078715918
-7.3661528670993937 -6.6137659399259148 -4.4113215749505397
-7.273332698035226 -6.8699188645656122 -5.0959437171648867
-7.1514138699929006 -7.1714873175643614 -5.7118184263542782
-6.5936528417184848 -7.5040849905278071 -6.0696279164243503
-6.2055134228541222 -7.846061028667342 -6.5202471909629374
-5.749375229375957 -8.1669920350647711 -6.9348776594456538
-5.1593092354284114 -8.3419877038590595 -7.2836577424499609
-4.6598252523729125 -8.6214172335023598 -7.6688484599631908
-4.0908979365685543 -8.7872950779526278 -8.0194343803977741
-3.5324123706779957 -9.0821655170877111 -8.4525453394585721
-3.3827298302161517 -9.5532500702560998 -8.6573216820920784
-2.6860193500596448 -10.189747627078836 -9.4714781686116059
-3.0018613851139762 -10.310933806390928 -8.9569179272253052
-3.2739162283433498 -10.17866006422557 -8.076542873449041
-3.4474002236610257 -10.255188420495628 -7.5278442925246205
-3.2766754354067653 -10.219160612282851 -6.7844811764736344
-3.0673797082146002 -10.234353177518766 -6.1673283901328837
-3.0015761359740449 -10.229683069108125 -5.3954771989348096
-3.4162270224482745 -10.222496090061382 -4.8449236433825895
-3.8456195760409173 -10.260241466168964 -4.3211657493594595
-4.4436891310589219 -10.141182492709598 -3.764899678577811
-4.2427402767771971 -10.459291550127091 -3.1774205795456503
-3.9165280177837323 -11.02932206495786 -2.5239876298239996
-4.2478261166492262 -10.442964699782559 -2.0383397661447078
-4.501418552628226 -9.9329740564764268 -1.5917931869476829
-4.6167878497380306 -9.4717580145508471 -1.1291725507414063
-5.1280439187465925 -9.671109719095087 -0.4246689647187139
-5.3930282591826106 -9.6161016764390119 0.18293827093037532
-4.4828475059580848 -9.2437343651486596 0.35545403061406211
-3.9504778288099271 -8.9103950314053364 0.65365949943881207
-3.9116774954128699 -9.0448708335203172 1.4092676925480885
-3.8005175557204063 -8.9125038458107149 2.1393600497796186
-3.6699491775731321 -9.0500729533349453 2.7531855712832165
-3.3614552837481271 -9.7421627338867758 3.1091967770972313
-3.0436735200323071 -10.10934479720339 3.6846304166832335
-3.5217426484346155 -10.445505764050473 3.8087662088455008
-3.1131274653277443 -11.177283967319919 4.2141953626508135
-3.0640524066602484 -11.729630846811412 4.4307481679774714
-2.8557142667543016 -12.333181504731829 4.9032363404387187
-2.7479149772193066 -12.947803269544908 5.0560444070286268
-2.8077256297987336 -13.601184454655145 4.5630660160484027
-2.7884992117198846 -14.234432777006646 4.3625990816261302
-2.7771222109806479 -14.875968184350892 4.1462828699614045
-2.8209949768059519 -15.511458775521133 3.6971166618600502
-2.7459286293310092 -16.165628261195614 3.7325256549297237
-2.5793893489822657 -16.789957627221014 4.1551491455066669
-2.47376063179843 -17.424126341883262 4.3243607454296216
-2.3381763733670118 -18.055843329689409 4.6156450412275936
-2.215584116924123 -18.68794434270195 4.8570461289480118
-2.0877836588925911 -19.320214190868143 5.116536386149229
-1.9593774250018856 -19.950877878652353 5.3687251539226635
-1.8464280584252153 -20.589227722642416 5.6299166393593225
-1.6709335535809517 -21.200555951738437 5.8650864110360761
-1.685958947529189 -21.889189213643739 6.1730838502255878
-1.2202869838797232 -22.394270056005976 6.3087654266239976
-0.67800547411642764 -22.847515623243218 6.416656443496243
-0.23479684926775199 -23.298446272658527 6.5770860312699897
0.24188779887328238 -23.985519727723105 6.6175201887214623
0.83427327143148222 -23.775311829281002 7.0374693533817281
1.409695559095804 -23.628689089673497 7.4158446634009572
1.9797240355140391 -23.545599004228905 7.7731156069318148
2.5591001641894309 -23.427146893853074 8.1519868630770524
3.1261420754993874 -23.280290980771944 8.519583566759021
3.7136203198373741 -23.229103369582422 8.8873824209891303
4.2825445324674778 -23.252651282544882 9.2812162864690126
4.8911514390257551 -23.260799351385575 9.6256532858777515
5.4477369915162965 -23.246373799572165 10.034750410034857
5.8993431046826448 -23.084736497348857 10.541144986343888
6.3226197863103932 -22.967911953414205 11.1071985049226
6.9253672762617775 -22.882704322544622 11.422147567243387
7.6018538631937229 -22.827258195126539 11.633865658948967
8.1998624346295532 -22.74443833161666 11.958346630956541
8.8652028959073732 -22.687371522540598 12.181211906376575
9.4821530604381721 -22.603816996883744 12.482553575206646
9.9681852812977976 -22.501165787568912 12.986252108773481
10.504408820767685 -22.37357091022125 13.40317599069061
11.025331414774424 -22.294643920173918 13.855152473956712
11.594230679368122 -22.321254638784129 14.254637480321207
12.117207152508831 -22.337830679876209 14.715328831023546
12.697694057751969 -22.293866415827022 15.089519356499785
13.32042810123485 -22.174783697299581 15.393006768534917
13.884985704401876 -22.147194114600495 15.746473913762451
14.601543025421011 -21.867392711010343 16.038697802951823
14.860401320435685 -22.399645680396617 16.506259156836805
15.161070211697597 -22.846117257098136 16.950279632916878
15.564817729620968 -23.188605835100699 17.43131079181633
15.56653848770738 -23.883781195184657 17.697555561947645
15.65231116594126 -24.489668116436299 17.996421865852291
15.737227900205978 -25.107154338078324 18.303618928170465
15.804860270225213 -25.733789095072581 18.596762612487439
15.893135958759771 -26.345007860824495 18.902742752755223
16.024338672485783 -26.922716976646711 19.234265759484174
