#spline3d 5 120 5 120
0.23534344072364582 0.00013178391522523903 0.11523007273736155
0.11782788142447014 2.1873515778918042e-005 0.057261140652449277
4.0498891265611882e-005 -9.8362594134678411e-006 -9.0660826085395445e-005
-0.11788991633405949 -6.6907457020038825e-007 -0.057117785565561512
-0.23582174379263121 1.4018907384658861e-005 -0.11413769597782276
-0.35373426963789428 -1.5196014542485854e-005 -0.17122892877870319
-0.47168880209547254 -4.1340534114512825e-005 -0.22823282715274051
-0.58948340740992744 0.00014304282455951392 -0.28541371555420775
-0.7075111594342316 -1.1819380367724009e-005 -0.34235139993412678
-0.82593470273343361 -0.00078518913388226231 -0.39893812651978466
-0.94230653560066047 0.0015726395441407093 -0.45749824415755314
-1.0607721360602502 0.00067542042375923531 -0.51398941877197468
-1.1846628741705272 -0.0082501463518964233 -0.56527321343103942
-1.288785230991871 0.012766495428295433 -0.63596210632953376
-1.3710494269177853 0.066534658846872263 -0.72787463328641167
-1.4591267009060243 0.11159949736692737 -0.81408510191569128
-1.549233505323931 0.15366355635822168 -0.89833732696103097
-1.6373387549654721 0.19866350970069657 -0.98455651585868875
-1.7258208612036285 0.24306048402016492 -1.0703549892867494
-1.8144937113557804 0.28730628460499164 -1.1560677046382144
-1.9031476989102782 0.33162360574725691 -1.2418492256645044
-1.9917534535711152 0.37546894383509005 -1.3269906622191767
-2.0799998415882648 0.42049873955952066 -1.4136407615699864
-2.1688447335356433 0.46562464270934961 -1.5006238873000253
-2.2587212899612439 0.50566340965415968 -1.5805873358293407
-2.3441884804004895 0.55195547894892838 -1.668392786181119
-2.4312685361854012 0.6157138194499745 -1.7819818315802722
-2.543819121042862 0.60496173945725062 -1.7937029915277445
-2.6550220566482259 0.53068263782930003 -1.7127145477492465
-2.7602528969750773 0.47733579985569113 -1.6607060536674971
-2.8679938091244819 0.42720007760308898 -1.6140795736871758
-2.9758406312427828 0.37205596453957096 -1.56006334375529
-3.083322802287916 0.31826606133164287 -1.5079567713882522
-3.1906919016522779 0.26487096357317602 -1.4564777612472324
-3.2980918695571111 0.20975651687080193 -1.4026170251164667
-3.4064149316260002 0.15774500443427641 -1.3530032870027262
-3.5135239360064694 0.10715894209042139 -1.3050060075233325
-3.6178620772523735 0.039775066168117969 -1.2348739509741136
-3.733862318029419 -0.0048143675185943514 -1.1960987094033644
-3.8546369477491544 0.027400964872422356 -1.2570613838653177
-3.9679654347892805 0.066313087734119883 -1.3255767620865644
-4.0826415837704895 0.090153389699399775 -1.3748301315305114
-4.1981218080604945 0.11901976396185278 -1.4305828800865918
-4.3129991381876094 0.14834660735850219 -1.4874585037207302
-4.4280323078098434 0.17704885807611234 -1.5427383104015475
-4.5434920374878267 0.20658236370004851 -1.5977105153728424
-4.6575806703199518 0.23321921309604204 -1.6549459712701546
-4.7724682507825538 0.26168519343842367 -1.7107261362760642
-4.8921329819529573 0.30098688163679965 -1.759427407883172
-4.9996285893248764 0.31187881350191771 -1.8269608481866675
-5.0874867491288311 0.27766092525549718 -1.9238775251768174
-5.1795103637694568 0.25312990042827355 -2.0144288784336957
-5.2732433863486721 0.23243073623813992 -2.1024809292254636
-5.3656815125556578 0.20871294376069041 -2.1924730001690929
-5.4581828470574498 0.185266491344069 -2.2823494495213477
-5.5508647591053926 0.16229952940771283 -2.3719955742929066
-5.6436364793720379 0.13912624917684918 -2.4614569131150703
-5.736289678477398 0.11592179399906552 -2.5510231981208036
-5.8284723370549854 0.092778729065955218 -2.6416310387160391
-5.9216215999683168 0.069586134228352664 -2.7306724953105221
-6.0160670010464683 0.046495698157571326 -2.8161937381763953
-6.102536182525137 0.023331729610843507 -2.9170610821382921
-6.19870048462586 -0.00029465042998685589 -3.0055585555845981
-6.3302373727198402 -0.02237767952679379 -3.014365739901304
-6.4630165682721445 -0.043474973394037081 -3.010259753183901
-6.5902576176694341 -0.065030023051121377 -3.0208882061915681
-6.7191279312629923 -0.086601606179055962 -3.0287686052820466
-6.8485944922331434 -0.10807648174569384 -3.0346343015503714
-6.9775266070689694 -0.12957039237974066 -3.0416943874024711
-7.106493350273773 -0.15110389357915183 -3.0488833545393463
-7.2355759840391478 -0.17261033097833528 -3.0557171810932289
-7.3646027512808612 -0.19403259946792334 -3.0627100598746382
-7.4936276144262495 -0.21565755583414162 -3.0695697175101206
-7.62268101948038 -0.23743119048498249 -3.0762790949909817
-7.7516978547756814 -0.25775271862093729 -3.084202767717878
-7.8806774632980767 -0.28032196927145631 -3.0902603731800191
-8.0099036698719726 -0.30529559817541513 -3.0942794209788054
-8.1389198267974532 -0.31371654136975274 -3.112124360288393
-8.2674182236558877 -0.30945166103241806 -3.1405955272960173
-8.395989249860623 -0.30940833912470517 -3.1655236790204793
-8.5246421880869683 -0.3103527532640119 -3.1896183799512365
-8.6532419233285829 -0.30998319688125237 -3.214835627369911
-8.781850661744075 -0.30994375082783626 -3.2397500763521645
-8.9104634803368725 -0.3100195521116047 -3.2645839411000956
-9.0390731254117309 -0.31000484912633719 -3.2894955781241468
-9.1676855380901827 -0.30999458405699293 -3.3143864702076704
-9.2962942809760154 -0.31000060685190267 -3.3392862171003754
-9.4249060318412869 -0.31000065791839471 -3.3641751543249621
-9.553517721575604 -0.30999969012767431 -3.389064498510451
-9.6821255410922493 -0.31000093539355261 -3.4139714987649352
-9.8107394989146233 -0.3099972435133671 -3.4388527040207886
-9.9393519908899819 -0.3099989558480325 -3.463738417041144
-10.067954241149485 -0.31001691681913751 -3.4886517424809003
-10.196576167319037 -0.30997498147077701 -3.5135242356628074
-10.325200011275353 -0.3099540980954042 -3.5384173528345881
-10.453736183674947 -0.31021527676791061 -3.5633712273138927
-10.582423714872395 -0.30982149158136074 -3.5881658502257965
-10.711220529683864 -0.30936437108974651 -3.6129880137682
-10.839254634915084 -0.31164863370169182 -3.6383580904525292
-10.967810072842028 -0.31052533829645362 -3.6629380968382619
-11.09951287372712 -0.30055635105461997 -3.6858778603788482
-11.221840889970368 -0.32941719122184976 -3.7170123567040769
-11.33118632091462 -0.39696483068592625 -3.7555580284075769
-11.443437322723335 -0.45329697618121834 -3.791863240201867
-11.556681772475654 -0.50760002050176567 -3.8278525892766568
-11.669112919537669 -0.56447384382342947 -3.8642629677717468
-11.781601036980842 -0.62100300228844274 -3.9005856222834261
-11.894247849541115 -0.6770987327756296 -3.9368298187726842
-12.006815064098907 -0.73337635916458421 -3.9732085157175061
-12.119356503604727 -0.78971877087716735 -4.0095735546103679
-12.231955422398608 -0.84598126011700447 -4.0458400919407529
-12.344540962104599 -0.90227374406120209 -4.0821184771171053
-12.457103973218832 -0.95858946945538148 -4.1184327173347413
-12.569666607428386 -1.0148507049346416 -4.1548285512044023
-12.682255856577122 -1.0711237129490163 -4.1911247031720169
-12.794835160532523 -1.1274245386100024 -4.2274091048082347
-12.907402086836985 -1.1837339779372524 -4.263718184533638
-13.019985283373753 -1.2400193368622654 -4.3000140730539727
-13.132621671352446 -1.2962322962872979 -4.3362575167086241
-13.245348639477328 -1.3523245744996721 -4.3724077526595124
