#spline3d 5 121 5 121
-1.3574683476097456 -1.5039442411034314 1.3112754828561981
-0.97039944530400524 -1.3467898646711327 0.98731954526021504
0.027003680702406548 0.26176037888128345 -0.089136024114861725
0.86227842565821977 0.62716504516100069 -0.72406198940910849
2.0020045455043198 1.6300792090952316 -1.7029212302435668
3.2875705827767687 0.87642476185472717 -2.2225342626105173
4.5622233156964551 0.92666089378635685 -2.9719506681576631
5.6268796030788462 0.66064518887001578 -3.9456468983943052
5.930685337261222 -0.92831774094219621 -4.9702579463905403
6.1289631570699834 0.58279763118406991 -6.7028246410081946
7.4097488265086433 -0.52278169262915575 -7.4330448911111704
8.4354334143818868 -1.1505246478121596 -7.8581176831790165
9.6269103287426496 -1.999957399728324 -8.372802130419009
10.790478193937126 -2.4399110137664568 -9.0428514551528014
11.99868539382053 -2.8168490742374539 -9.805580675983661
13.174407713595123 -2.9154897555663473 -10.639470306616465
14.343194174504251 -2.876274421246213 -11.511108064894987
15.467833619505461 -2.5985701273627035 -12.38991140499942
16.548654668321277 -2.1292285137234068 -13.246802431612801
17.54792170541004 -1.3991527602540685 -14.022408514516771
18.423758303416268 -0.4074062069878493 -14.65975233061379
19.08571809349807 0.86841968721087837 -15.014477289985809
19.45662955217454 2.2885108083620205 -15.04647163375655
19.70712489635509 3.7023142624350998 -15.008500401159681
19.87225616371753 5.1615214410746626 -15.035165128361053
20.082428225590629 6.567259295927987 -15.268608460411587
20.369926062497349 7.8542777681996752 -16.063289672044284
20.684667045971544 8.8077288198003938 -16.982005761194777
20.515214669418185 10.420889295305116 -17.576561439001232
20.272096395339009 11.448739244775325 -17.56528625529161
19.515300215875765 13.695435626706267 -17.49156150405047
21.84883678816664 12.413820668410928 -19.782985855949114
18.871547052697348 14.331671308714403 -19.799170388001187
20.098367985531187 14.373875805633643 -21.305268234000941
20.426816668015032 14.192651511903986 -22.678875580460577
19.26808337054403 13.626442920182608 -23.977480078961545
18.552435266991527 12.046069702559748 -23.58850099486402
18.118647749651739 10.530787327843216 -24.098151509592306
18.915066445237887 12.676660718323443 -26.102815510670073
17.791389150554878 10.390787243404731 -26.771123817003062
19.607311770916152 10.682742951368681 -28.388983944249038
18.290615659998448 10.012727684198587 -29.441299839226165
20.099211839151028 12.117005407355913 -31.314055570682765
20.550976207258895 11.460996505057404 -29.213472137360771
20.696597428794643 12.621840191717824 -28.20947193673317
21.153089062599516 14.035510441554052 -27.819030391639355
21.980820318227607 14.983352721122117 -27.208668010635563
22.71211693949148 16.319590763363969 -26.60934293982131
21.390388151324437 17.569709425756436 -26.070592716645734
20.596253306811811 18.174507228012459 -25.66016881386199
19.915920769110695 19.815251399567881 -24.711675867853316
19.621719482121641 19.38171806342724 -23.338655782890861
18.817176475125653 18.394242668068337 -21.987695741142474
17.867243565737411 20.238547963595831 -21.558320470812088
16.818960888292661 20.876177247024142 -21.644323142432032
15.6021628720314 21.765047431132793 -22.19094696646269
14.459261689930196 22.108953481380777 -22.948098109548337
13.277906672731914 22.527018389571985 -23.709963212803949
11.666769603666033 23.221435985143842 -23.286662614693395
10.622837692227659 22.452008518597527 -24.461492680117249
8.995620148702411 22.589504737474808 -24.387993321160504
7.9100043419002475 22.738808228910596 -25.394021216663258
6.9845818617678983 22.384879595448613 -26.601513962922461
5.7145365648588005 21.864435990791961 -26.946432241017984
4.2276882338982515 20.923821980415724 -26.63900793788865
3.22879355270691 21.297791092313201 -27.980454167741531
1.9604329768401365 20.544806811470487 -28.472732151230968
0.5688723092160598 21.032256281856046 -29.043917582639917
-0.1475910297301459 21.866602469979611 -30.11225126420447
-1.2166652337788724 22.283786594552943 -30.915694636708388
-2.9511478782129417 22.816470061654535 -30.83260185866769
-3.3647925237165519 23.063268618073 -32.499930734478056
-4.0616789529647166 23.996283387896099 -33.441729609809819
-5.4636592317073074 25.203589383862166 -32.557412210929471
-6.0996810168344 24.454905750171026 -31.166357388949894
-5.627585303467697 25.3525397856802 -29.657139109025483
-6.4481455669339578 26.426538999947457 -28.972509988217546
-6.9792371690889388 27.587503877621153 -28.370195161961036
-7.1929801390915662 28.854811566560574 -27.391803238085284
-8.6706061662408018 28.309026005054353 -26.134621454027144
-7.5856636769525299 29.084536722644057 -24.546109205565859
-8.8497110352404533 30.328001718124671 -23.967463691471192
-9.4816641484368489 30.657421925582891 -22.915109559356111
-10.354782598910356 31.331093569978595 -21.6378384200083
-10.992560870147607 32.369456626325302 -21.237985504520882
-11.607624872169199 34.002125352380325 -20.794183827919934
-11.795150077016421 34.875154758013188 -20.648089982510498
-12.345502593136173 36.415891551274399 -18.800044350605567
-12.440813336634072 36.676709918632142 -18.499826986347149
-11.795669532856152 34.896116363500404 -20.62518173481762
-11.672816849689811 34.210018275559307 -20.727101097647243
-11.034643101703107 32.469376678715641 -21.225049883899775
-10.467584341767694 31.464840389919125 -21.549223220853847
-9.5200673324138609 30.674408535605899 -22.757216884322389
-9.0042199256679183 30.403352380258173 -23.922921406980205
-7.5813190251678551 29.246529696092804 -24.404560519818723
-8.6178815391154764 28.286931042637022 -25.997415365412429
-7.4222150395031123 28.852999601635808 -27.236692761417178
-6.8944633772083437 27.806828519781305 -28.273595648908717
-6.6393075034471094 26.495906437511167 -28.926575795500522
-5.5928396416553765 25.54577476330666 -29.515176198653766
-6.0980565342280748 24.430716142870985 -30.989581012838681
-5.5816112763224233 25.178260918508862 -32.40293960161172
-4.252314461473893 24.200534257016582 -33.3968568812992
-3.3556098677838109 23.108339024466048 -32.741612921507958
-3.1150965330586526 22.858615377797854 -30.910948710586901
-1.407533880494056 22.35773700745284 -30.926729765326446
-0.24971176957553418 21.906896643068833 -30.246363783693543
0.46826502234923933 21.190594109115146 -29.172812955151606
1.749845637383888 20.473165698056306 -28.488847885232232
3.1016553960634656 21.271713896945855 -28.13104994578131
4.0906478223269964 20.93302092049883 -26.720618280467821
5.5384620480429332 21.723917283475483 -26.889369487204739
6.8498954010106834 22.352940897273239 -26.710687112486099
7.8169400878685282 22.716408046207718 -25.551066642388665
8.7977802703860242 22.633853176410017 -24.438173195947186
10.498157045244177 22.391737169003434 -24.494219709604572
11.429625980678008 23.202746058066175 -23.437571527744119
13.260488347559871 22.606873974913825 -23.503619385471794
13.935998163098475 22.143027377458679 -23.524948063184638
15.784553902596599 21.500203826286452 -23.900597704079701
