#fname degree numKnot L1 L2 L3 L4 MSE traceH AIC AIC0 GCV GCV2 cv_avr cv_stdev cv_error ts_avr ts_stdev ts_error sigma0 sigma_opt
BH_0008_MCA_L_d5_cp120_lmd1d0.000_lmd2d0.000_lmd3d0.000_lmd4d0.000 5 120 0 0 0 0 1.47936605224448e-006 120.000000000001 -668.523050204365 1932.9991892907 -0.00191131588564687 0.00267584223990578 0.63018722044179 1.86363118371779 1.89531551401028 0.000400069653731452 0.452626571816126 0.478373267483383 1 5.62646240033994e-006 
BH_0008_MCA_L_d5_cp121_lmd1d0.000_lmd2d0.000_lmd3d0.000_lmd4d0.000 5 121 0 0 0 0 1.52184754531519e-006 120.999999999997 -662.512531085378 1938.99919863661 -0.00189789515632848 0.00274140411469726 0.617280863221226 1.84201291898497 1.87648236265729 0.00574895276885149 0.653791816538519 0.67066106112378 1 5.56878556229452e-006 
BH_0008_MCA_L_d5_cp120_lmd1d0.000_lmd2d0.000_lmd3d0.000_lmd4d0.000 5 120 0 0 0 0.0001 1.59136092288455e-006 111.626344210566 -714.385879601299 1882.75727919297 -0.00241582936380041 0.00256084505311761 0.483149106353116 1.19043070359324 1.28815112085774 0.00179873944001393 0.0239061682415136 0.155275684210869 1 5.62646240033994e-006 
BH_0008_MCA_L_d5_cp121_lmd1d0.000_lmd2d0.000_lmd3d0.000_lmd4d0.000 5 121 0 0 0 0.0001 1.61576891439014e-006 112.50735172892 -709.757970566948 1888.04332967285 -0.00237953954943303 0.00260155817858625 0.487150410491812 1.19230710689741 1.28836401808 0.00581636501781664 0.0449245716451569 0.156014705846974 1 5.56878556229452e-006 
BH_0008_MCA_L_d5_cp120_lmd1d0.000_lmd2d0.000_lmd3d0.000_lmd4d0.000 5 120 0 0 0 0.0002 1.72924091798871e-006 107.609945473385 -733.093033842274 1858.65891710348 -0.00281339873339537 0.00257408302503513 0.454198861788085 1.16499365741282 1.27622564782416 0.00138059994363687 0.0210469371184026 0.155275520273954 1 5.62646240033994e-006 
BH_0008_MCA_L_d5_cp121_lmd1d0.000_lmd2d0.000_lmd3d0.000_lmd4d0.000 5 121 0 0 0 0.0002 1.73464794887037e-006 108.4277472205 -729.539171925891 1863.56572877571 -0.00275213102327515 0.00259700121122642 0.460430092100609 1.16758213053618 1.27606206592085 0.00213670949555692 0.0201123152909539 0.154401900896899 1 5.56878556229452e-006 
BH_0008_MCA_L_d5_cp120_lmd1d0.000_lmd2d0.000_lmd3d0.000_lmd4d0.001 5 120 0 0 0 0.0005 2.09329806224325e-006 100.578924298314 -761.04418231519 1816.47287014563 -0.00389422221113306 0.00266536835816963 0.427570375521015 1.12058806472284 1.24728521099007 0.000297190195557714 0.0174386853612299 0.155904278575591 1 5.62646240033994e-006 
BH_0008_MCA_L_d5_cp121_lmd1d0.000_lmd2d0.000_lmd3d0.000_lmd4d0.001 5 121 0 0 0 0.0005 2.06800242688658e-006 101.311980472989 -759.064296886503 1820.87120162864 -0.00376920915289836 0.00266557753608405 0.426351617702467 1.12608698550924 1.25276145357318 0.00101514839230894 0.0204418703204885 0.155556938800888 1 5.56878556229452e-006 
BH_0008_MCA_L_d5_cp120_lmd1d0.000_lmd2d0.000_lmd3d0.000_lmd4d0.001 5 120 0 0 0 0.001 2.54095364489536e-006 94.4621006349001 -780.241367729646 1779.77202664937 -0.00553255368903403 0.00279348404115926 0.412950729025536 1.08292422286665 1.22022804754275 -4.23339375655137e-005 0.0154821521833209 0.156035415248387 1 5.62646240033994e-006 
BH_0008_MCA_L_d5_cp121_lmd1d0.000_lmd2d0.000_lmd3d0.000_lmd4d0.001 5 121 0 0 0 0.001 2.50161942194546e-006 95.1416728394728 -778.955704130427 1783.84945122328 -0.00531850346579588 0.00278686408550559 0.411515990514467 1.08757373904973 1.22501589671995 0.000202747858642337 0.015344418966767 0.155777917475621 1 5.56878556229452e-006 
BH_0008_MCA_L_d5_cp120_lmd1d0.000_lmd2d0.000_lmd3d0.000_lmd4d0.002 5 120 0 0 0 0.002 3.17236930735209e-006 88.1072087352395 -793.6817696854 1741.64281416285 -0.0088409485626493 0.00297093733281555 0.403434795873665 1.04259033191128 1.18912540918808 -0.00064680635199727 0.0119510376284423 0.156327392998132 1 5.62646240033994e-006 
BH_0008_MCA_L_d5_cp121_lmd1d0.000_lmd2d0.000_lmd3d0.000_lmd4d0.002 5 121 0 0 0 0.002 3.12951634124625e-006 88.7401824355992 -792.559000744377 1745.44064693736 -0.00842027370922011 0.0029650327612428 0.403535814104463 1.04578673439557 1.19188044950647 -0.000377565082841681 0.0132705137173943 0.156165528544693 1 5.56878556229452e-006 
BH_0008_MCA_L_d5_cp120_lmd1d0.000_lmd2d0.000_lmd3d0.000_lmd4d0.005 5 120 0 0 0 0.005 4.36728235612802e-006 79.8055520246567 -796.769479882129 1691.83313678023 -0.0236784831716896 0.00327942347744645 0.399173561313122 0.986446434582307 1.14236291518858 -8.775374767737e-005 0.00674175538346797 0.155457104555631 1 5.62646240033994e-006 
BH_0008_MCA_L_d5_cp121_lmd1d0.000_lmd2d0.000_lmd3d0.000_lmd4d0.005 5 121 0 0 0 0.005 4.32133444746204e-006 80.3806294451797 -795.632447269257 1695.28359119482 -0.02163156026953 0.00327556291025038 0.399819975021801 0.988796350341027 1.14406742624206 -0.00024592696768511 0.00583277660017853 0.155578399616596 1 5.56878556229452e-006 
BH_0008_MCA_L_d5_cp120_lmd1d0.000_lmd2d0.000_lmd3d0.000_lmd4d0.010 5 120 0 0 0 0.01 5.62646240033994e-006 73.8013134187933 -783.55978116082 1655.80798216466 -0.371699317960347 0.00356941398008842 0.398110510958809 0.943711790746987 1.10622530660896 -5.60911360820162e-005 0.00510521832424548 0.155363088452812 1 5.62646240033994e-006 
BH_0008_MCA_L_d5_cp121_lmd1d0.000_lmd2d0.000_lmd3d0.000_lmd4d0.010 5 121 0 0 0 0.01 5.56878556229452e-006 74.3341626333951 -782.629543503798 1659.00506476336 -0.172910617724923 0.00356406173827872 0.398911209486625 0.945888419729147 1.1076658911323 -4.30962105363341e-005 0.00391512028352838 0.15531554542996 1 5.56878556229452e-006 
BH_0008_MCA_L_d5_cp120_lmd1d0.000_lmd2d0.000_lmd3d0.000_lmd4d0.020 5 120 0 0 0 0.02 7.2762366074562e-006 68.1238682602717 -753.116720656453 1621.74367416385 0.0379718452187302 0.00390738819511827 0.397185194269286 0.901079990252111 1.07058705755062 -0.000388299079213239 0.00437529404326469 0.155672892689669 1 5.62646240033994e-006 
BH_0008_MCA_L_d5_cp121_lmd1d0.000_lmd2d0.000_lmd3d0.000_lmd4d0.020 5 121 0 0 0 0.02 7.19391239233823e-006 68.6162429598727 -752.734930108882 1624.69790425013 0.0416974792830012 0.0038978576427711 0.398104498292034 0.903311096649348 1.07197031824344 -0.000387456201225107 0.00320266247683481 0.155643506273843 1 5.56878556229452e-006 
BH_0008_MCA_L_d5_cp120_lmd1d0.000_lmd2d0.000_lmd3d0.000_lmd4d0.050 5 120 0 0 0 0.05 1.02629811302283e-005 61.17744269188 -678.010739086146 1580.0657778373 0.0193264197145297 0.00443759089116439 0.394650156291849 0.845912801950794 1.02602020298214 0.000670421895162756 0.00578626893348314 0.154660951835771 1 5.62646240033994e-006 
BH_0008_MCA_L_d5_cp121_lmd1d0.000_lmd2d0.000_lmd3d0.000_lmd4d0.050 5 121 0 0 0 0.05 1.01184324533119e-005 61.6196789387312 -679.178457051617 1582.7191635177 0.019914327191249 0.00441853276953035 0.395312108399084 0.848384581918942 1.02768531499408 0.000521800695416193 0.00505614370717552 0.154783899032696 1 5.56878556229452e-006 
BH_0008_MCA_L_d5_cp120_lmd1d0.000_lmd2d0.000_lmd3d0.000_lmd4d0.100 5 120 0 0 0 0.1 1.33986024688584e-005 56.3557135669057 -584.335354583613 1551.13609292415 0.0158108192659534 0.00492097983151055 0.395692794404316 0.805200446814954 0.992112407535651 0.000670196895063125 0.00584131934254261 0.154663246038038 1 5.62646240033994e-006 
BH_0008_MCA_L_d5_cp121_lmd1d0.000_lmd2d0.000_lmd3d0.000_lmd4d0.100 5 121 0 0 0 0.1 1.31789410558599e-005 56.762822232378 -587.411387586088 1553.57869659147 0.016065926651605 0.00489264675305527 0.396150881132792 0.807636246934908 0.993823309370632 0.00069979748374424 0.00676389897766144 0.154671264801631 1 5.56878556229452e-006 
BH_0008_MCA_L_d5_cp120_lmd1d0.000_lmd2d0.000_lmd3d0.000_lmd4d0.200 5 120 0 0 0 0.2 1.75202985471975e-005 51.8987814447588 -449.914733350608 1524.3954069644 0.0143204863838993 0.00547800684201065 0.398543811423243 0.76750476826009 0.960055234354143 -4.75261992805915e-005 0.00740261846725368 0.155446984274823 1 5.62646240033994e-006 
BH_0008_MCA_L_d5_cp121_lmd1d0.000_lmd2d0.000_lmd3d0.000_lmd4d0.200 5 121 0 0 0 0.2 1.72131001417359e-005 52.2732200451423 -454.975832365229 1526.64197098305 0.0144467537699433 0.00544189075453825 0.39843642177168 0.769972728788698 0.962093744206078 1.51404807760192e-005 0.006243563011973 0.155333485048583 1 5.56878556229452e-006 
BH_0008_MCA_L_d5_cp120_lmd1d0.000_lmd2d0.000_lmd3d0.000_lmd4d0.500 5 120 0 0 0 0.5 2.45006037197482e-005 46.5386882532544 -209.138759969289 1492.23638348251 0.0135469588092326 0.00627781404774216 0.403900257953694 0.720846400310284 0.919843480790543 -0.00232907004776885 0.0129788970910616 0.158085852746133 1 5.62646240033994e-006 
BH_0008_MCA_L_d5_cp121_lmd1d0.000_lmd2d0.000_lmd3d0.000_lmd4d0.500 5 121 0 0 0 0.5 2.40870440886143e-005 46.8735930174011 -215.812111081389 1494.24572108427 0.013602151331723 0.00623664635999016 0.404007105036685 0.723250615210817 0.92166255012717 -0.00203138486883536 0.0126409547399445 0.157761736591646 1 5.56878556229452e-006 
BH_0008_MCA_L_d5_cp120_lmd1d0.000_lmd2d0.000_lmd3d0.000_lmd4d1.000 5 120 0 0 0 1 3.10911005236754e-005 42.8594690840642 26.4805817463048 1470.16251837667 0.0134181284493457 0.00692504797287751 0.402122647844827 0.686205398377958 0.89409448091814 -0.0021884322140432 0.0164213437770285 0.158265756841188 1 5.62646240033994e-006 
BH_0008_MCA_L_d5_cp121_lmd1d0.000_lmd2d0.000_lmd3d0.000_lmd4d1.000 5 121 0 0 0 1 3.05547449831209e-005 43.1671237856818 17.4615512264254 1472.00832858815 0.0134375475562917 0.00687699964058161 0.402682243562296 0.688857213356324 0.895773506788707 -0.00254892586240332 0.0145192462268425 0.158438692988908 1 5.56878556229452e-006 
BH_0008_MCA_L_d5_cp120_lmd1d0.000_lmd2d0.000_lmd3d0.000_lmd4d2.000 5 120 0 0 0 2 3.9852432142915e-005 39.4790825386584 348.77461313361 1449.88212659719 0.0136746315788646 0.00769347530756035 0.3942479153063 0.65005982520575 0.871891074194306 0.00192112151231403 0.0300445740175017 0.156218346717022 1 5.62646240033994e-006 
BH_0008_MCA_L_d5_cp121_lmd1d0.000_lmd2d0.000_lmd3d0.000_lmd4d2.000 5 121 0 0 0 2 3.90674262361598e-005 39.7616402862841 333.329959504535 1451.57730038164 0.0136532355507157 0.00762926771641282 0.395228255181263 0.652941154162575 0.873390023180195 0.00165795985676983 0.0314067664390063 0.156743854929619 1 5.56878556229452e-006 
BH_0008_MCA_L_d5_cp120_lmd1d0.000_lmd2d0.000_lmd3d0.000_lmd4d5.000 5 120 0 0 0 5 5.72748893570828e-005 35.4314366971292 1005.72328910274 1425.6000844886 0.0146427488216996 0.00902084204988758 0.383757716275445 0.600000279758665 0.842565877564364 0.0122606287699157 0.0375122916304573 0.14780202670593 1 5.62646240033994e-006 
BH_0008_MCA_L_d5_cp121_lmd1d0.000_lmd2d0.000_lmd3d0.000_lmd4d5.000 5 121 0 0 0 5 5.59813767052046e-005 35.6838090948148 977.064155821054 1427.11403430193 0.0145734951506939 0.00893060706530491 0.384446919983878 0.603015466341022 0.844233184574539 0.0114796971017713 0.0360240603335482 0.148188723216174 1 5.56878556229452e-006 
BH_0008_MCA_L_d5_cp120_lmd1d0.000_lmd2d0.000_lmd3d0.000_lmd4d10.000 5 120 0 0 0 10 7.59029889597422e-005 32.6606694841324 1717.47499423792 1408.97957939253 0.0157082660330121 0.0102311194705653 0.377936823438214 0.565084401625098 0.822288113684664 0.0103710892513259 0.0501810888901389 0.15329789816017 1 5.62646240033994e-006 
BH_0008_MCA_L_d5_cp121_lmd1d0.000_lmd2d0.000_lmd3d0.000_lmd4d10.000 5 121 0 0 0 10 7.41836243358389e-005 32.8923089162731 1679.41170352938 1410.36903772516 0.0156182834942976 0.010127099220034 0.378402498966294 0.567797040721109 0.823817156072611 0.0109273489735782 0.0491184037078275 0.152426638851535 1 5.56878556229452e-006 
BH_0008_MCA_L_d5_cp120_lmd1d0.000_lmd2d0.000_lmd3d0.000_lmd4d20.000 5 120 0 0 0 20 9.95811258226603e-005 30.1186133073478 2628.06019756977 1393.73245152194 0.0169339486450363 0.011561889172647 0.378094271005275 0.532224544247124 0.799945151808899 -0.00468971840714576 0.0562032929492401 0.169501971649347 1 5.62646240033994e-006 
BH_0008_MCA_L_d5_cp121_lmd1d0.000_lmd2d0.000_lmd3d0.000_lmd4d20.000 5 121 0 0 0 20 9.7401296544674e-005 30.3312523988011 2581.28087812946 1395.00780650821 0.0168303955464387 0.0114474636533674 0.377971864858289 0.534836702929477 0.801776649937147 -0.00275368391777987 0.0554087973701359 0.167412060084504 1 5.56878556229452e-006 
BH_0008_MCA_L_d5_cp120_lmd1d0.000_lmd2d0.000_lmd3d0.000_lmd4d50.000 5 120 0 0 0 50 0.000139901944023803 27.0780081659909 4186.39868405979 1375.4976912538 0.018752171335898 0.0134881633942798 0.377760785862755 0.497342849375784 0.777430136346433 -0.0326068034201638 0.0784360882638333 0.203549235097807 1 5.62646240033994e-006 
BH_0008_MCA_L_d5_cp121_lmd1d0.000_lmd2d0.000_lmd3d0.000_lmd4d50.000 5 121 0 0 0 50 0.000136984201693659 27.2679435817604 4126.66013129496 1376.6366618451 0.0186321047719334 0.0133599233697072 0.377948865996115 0.499258521611309 0.778512713474401 -0.0303437895856305 0.0745109098924905 0.199967359258779 1 5.56878556229452e-006 
BH_0008_MCA_L_d5_cp120_lmd1d0.000_lmd2d0.000_lmd3d0.000_lmd4d100.000 5 120 0 0 0 100 0.000178546530077204 24.9980659103335 5684.9588859125 1363.02653952879 0.0202727660017483 0.0150750745730731 0.375548884158875 0.476070611301724 0.765727890657983 -0.0408883136263207 0.0843741453307032 0.213491642550056 1 5.62646240033994e-006 
BH_0008_MCA_L_d5_cp121_lmd1d0.000_lmd2d0.000_lmd3d0.000_lmd4d100.000 5 121 0 0 0 100 0.000174944906863653 25.1723866835916 5613.7593924828 1364.07167181123 0.0201398885547317 0.01493560509784 0.375786797503975 0.477791663440098 0.766613025199628 -0.039617074334584 0.0820167943426056 0.211398785669919 1 5.56878556229452e-006 
BH_0008_MCA_L_d5_cp120_lmd1d0.000_lmd2d0.000_lmd3d0.000_lmd4d200.000 5 120 0 0 0 200 0.000225651277690725 23.0905415542641 7515.35391173714 1351.59175643684 0.0219253513338698 0.0167832089496219 0.373455178752832 0.456020289322663 0.755093536477315 -0.0318114859314396 0.077638617353035 0.202508493138255 1 5.62646240033994e-006 
BH_0008_MCA_L_d5_cp121_lmd1d0.000_lmd2d0.000_lmd3d0.000_lmd4d200.000 5 121 0 0 0 200 0.000221222517394703 23.250437473144 7430.46730223665 1352.55015762286 0.0217784345290042 0.0166311993964183 0.373510693760379 0.457817700371954 0.756136212645762 -0.0328801926708339 0.0760126756575382 0.202881182271931 1 5.56878556229452e-006 
BH_0008_MCA_L_d5_cp120_lmd1d0.000_lmd2d0.000_lmd3d0.000_lmd4d500.000 5 120 0 0 0 500 0.000304305463911365 20.8094255943555 10577.1202693022 1337.92236459836 0.0243556245965582 0.0192667637470083 0.374803668854067 0.427123843658279 0.736902428706497 0.00593937255381643 0.0936822311424401 0.176244122052293 1 5.62646240033994e-006 
BH_0008_MCA_L_d5_cp121_lmd1d0.000_lmd2d0.000_lmd3d0.000_lmd4d500.000 5 121 0 0 0 500 0.00029850609666534 20.9519990431059 10469.835614364 1338.77652943007 0.0241880842160714 0.0190959585487612 0.374702770631582 0.428982736234672 0.738063538519591 0.00215229411326462 0.0886424767935217 0.176884592668664 1 5.56878556229452e-006 
BH_0008_MCA_L_d5_cp120_lmd1d0.000_lmd2d0.000_lmd3d0.000_lmd4d1000.000 5 120 0 0 0 1000 0.000378136048441646 19.2491221875491 13454.6041150974 1328.57678688612 0.0263666507871994 0.0213102855228503 0.375051705159819 0.407058463432125 0.725251113922899 0.0471601723398827 0.13311862112943 0.17145892449935 1 5.62646240033994e-006 
BH_0008_MCA_L_d5_cp121_lmd1d0.000_lmd2d0.000_lmd3d0.000_lmd4d1000.000 5 121 0 0 0 1000 0.00037128053770643 19.3798571094807 13335.4240488113 1329.35968820535 0.0261898545660343 0.0211299873772764 0.375097394989066 0.408663744328445 0.726115551093562 0.0402817269784825 0.122160142732804 0.167733773629501 1 5.56878556229452e-006 
