#spline3d 5 120 5 120
0.13938209438903762 -0.016192169339868737 0.043092972476775536
0.06970304033316374 -0.0080926357671254699 0.02151029541166893
2.7849246437596716e-006 2.0503978469038172e-007 -8.6014597801937723e-006
-0.069707741726273587 0.0080913084204443202 -0.021496567519967157
-0.13941736744108171 0.016184736566335445 -0.042987758599181358
-0.20911733935837012 0.024290259341634365 -0.064504980826487868
-0.27881337447022059 0.032416464676085506 -0.086022827141617103
-0.34852424396001203 0.040504019325141159 -0.10751208380701319
-0.41825568660885848 0.048498922759319121 -0.12898430540066208
-0.48793783204934793 0.056703083223840323 -0.15050583756585986
-0.55757119701126401 0.065123335338113514 -0.17206848696500632
-0.6274520200734971 0.072470646860969476 -0.19339908562215702
-0.69728135885361764 0.080021403289787338 -0.2147967586963784
-0.76599735636814825 0.09239634637503108 -0.2372376122295993
-0.83401099070109563 0.10780643837826925 -0.26030824464913244
-0.90222143209555106 0.12233509220823395 -0.28319608511895883
-0.97052843188850602 0.13644555704634279 -0.30600176478391788
-1.0387758835171288 0.15081195938735864 -0.32886517859953635
-1.1070070545507735 0.16524533743730396 -0.35174212466763044
-1.1752543861960467 0.1796071787107506 -0.37460528939848903
-1.2435081225803155 0.19395702936799714 -0.39745675435073058
-1.3117603470187678 0.20832436491672499 -0.42030386832461986
-1.3800067586110436 0.22269601957116758 -0.44316548368684894
-1.4482565408246957 0.23705590194304416 -0.46602516832555668
-1.5165041080077142 0.25142369509819124 -0.48888526645732683
-1.5847394755273498 0.26581108796500058 -0.511764735492793
-1.6530031517454062 0.2801572600583172 -0.53459477456546378
-1.7212856596069794 0.29447982360545749 -0.55739836989539238
-1.789434972957785 0.30897295343460501 -0.58044237089862871
-1.8576117036909019 0.32341768189046155 -0.60340922502102667
-1.9263017619219083 0.33724769674558402 -0.62545101275100268
-1.9945677645780657 0.35164683139750857 -0.64836848509539702
-2.0598763411572656 0.36951147382011812 -0.67660730060362939
-2.1234796074406019 0.38924475275398901 -0.70771835325615151
-2.1876325848295339 0.40832543546360783 -0.73782366076532824
-2.2520125020602251 0.42715301231557595 -0.7675632983095364
-2.3162226506828771 0.44617199324557216 -0.79760272771795315
-2.3804265700582383 0.46523433757395971 -0.8276471643499943
-2.444668173124986 0.48426622499836847 -0.85762812731296445
-2.5088778567618939 0.50318423308409166 -0.88765630997070166
-2.5730721097275979 0.52212083800042808 -0.91770328159087389
-2.637406171890968 0.54155181865541613 -0.94756911795257248
-2.7016629493142585 0.56065593234160271 -0.97754871579230984
-2.7654060657051867 0.57780930185654356 -1.0081631077401356
-2.8298271174133935 0.59773254158996603 -1.0378677533464824
-2.8961272240503773 0.62459241849961011 -1.0653127906227438
-2.9570209485886649 0.63026633016296929 -1.0997249526922328
-3.0083766201895594 0.60030061149324054 -1.1456058585720876
-3.0590509855451424 0.56874067955453789 -1.1918364541634761
-3.1117527202141555 0.54481901405051658 -1.2356015051584988
-3.1641007259802025 0.5193665224612688 -1.2798949728163647
-3.216100565830597 0.49252516899126825 -1.3246210023681746
-3.2682564437064596 0.46629059185949495 -1.3691225099490445
-3.3204193425917587 0.44022045175626312 -1.4135741130825066
-3.3725842198348044 0.4140908570416979 -1.4581269649560524
-3.424778572123381 0.38799709828474482 -1.5026991915931271
-3.4767434672823634 0.36139175016080372 -1.5471060365153506
-3.5287816491393076 0.33502202810961351 -1.5915608491033193
-3.5817564324968991 0.31075589154425759 -1.6365788736540756
-3.6335042422288684 0.28331681573403811 -1.6808378223445912
-3.6806819390332302 0.2453282369624043 -1.7222220085503206
-3.7263799436463678 0.20412697005850255 -1.7626238314054172
-3.7729444657115425 0.16491732952914923 -1.8035770360810748
-3.8196475197990232 0.12599404382277984 -1.844631567150403
-3.866147875804721 0.086598680177834023 -1.8855449281230998
-3.9126456858096796 0.047192509072280148 -1.9264486841654689
-3.959164892246247 0.0078753959306238734 -1.9674027346034997
-4.0056744415490062 -0.03141932147725509 -2.0083671917008958
-4.0522303471562289 -0.070682399268691506 -2.0492933873748784
-4.0986285083424274 -0.1102105105934541 -2.0902668422743971
-4.1450490675115486 -0.14971076900242988 -2.131243308305399
-4.1922350238020725 -0.18802166936724882 -2.1719721460462278
-4.2386866379961798 -0.2274031124119566 -2.21290632533811
-4.2827253799082188 -0.27060194170854235 -2.2546438570088063
-4.3316459919283936 -0.30650768495258146 -2.294952277348997
-4.3931527775124355 -0.32277629678915015 -2.3312126580580221
-4.4576350774684208 -0.3342548771735922 -2.366455557804688
-4.5193750477357 -0.35002750934818716 -2.4025958560687357
-4.5809948669365612 -0.36602510247659048 -2.4387699698320038
-4.6433076902114818 -0.38095243072651808 -2.4746977198148628
-4.7055226351369308 -0.39601458463726386 -2.5106755303295101
-4.7675374536163613 -0.41134036461817169 -2.5467621359762913
-4.8296185346382172 -0.42658754293049478 -2.5828009255959161
-4.8919080283999463 -0.44169134323079168 -2.6186245615360133
-4.9539988836836066 -0.45691913779892673 -2.654673545220271
-5.015556873357359 -0.47242024061663179 -2.6913148382801277
-5.0782401230535292 -0.48732971479436199 -2.726653887128033
-5.1422339242679289 -0.50160422315698105 -2.7605832230576324
-5.1991141838753983 -0.51953494242951215 -2.8026684066526903
-5.248138964202969 -0.54131684638374344 -2.8533488739089385
-5.2976093257371888 -0.56278713915157619 -2.9033296287499297
-5.3483309714826621 -0.58364946718741084 -2.9519501777765424
-5.3987283778033186 -0.60468588719944982 -3.0009688513756108
-5.4488751330404579 -0.6258397760587191 -3.0502492607199692
-5.4991360768738646 -0.64693675441445531 -3.09939372394303
-5.549451412994193 -0.66800958591166781 -3.1484875910887884
-5.5997687578978406 -0.68908277025358522 -3.1975897765528427
-5.6500560808136111 -0.71016644517166205 -3.2467196242019822
-5.700322389169016 -0.73126594114856036 -3.2958604506633624
-5.7505620498850227 -0.75237979111413944 -3.3450150128340326
-5.8008764325038671 -0.77343325234165894 -3.3941320614873578
-5.851282320191455 -0.7944423582272625 -3.4431985179891713
-5.9013285554618555 -0.8157307547202568 -3.4924428141068393
-5.9513269827727555 -0.83700336996184199 -3.5416866218187324
-6.0030639858921377 -0.85697174491978256 -3.5900737448095459
-6.053097662212811 -0.87837367551425005 -3.6395003499688228
-6.0936556568537057 -0.90683934413524614 -3.6935500719439016
-6.1298135265154121 -0.93838854126731885 -3.7494827986916017
-6.1677321235497331 -0.9685925095815282 -3.8045468959691622
-6.2061438121228774 -0.99845793228931246 -3.859420914067738
-6.2440405991872518 -1.0287083763164848 -3.9145440377041472
-6.2819835661042553 -1.0589445440562695 -3.9696287121104206
-6.3200448491047325 -1.0890877341996406 -4.0246602903954498
-6.3580237597122364 -1.1192660300676951 -4.0797373450969605
-6.3959696276628808 -1.1494677728184355 -4.1348281871873906
-6.4339706325770072 -1.1796495442632924 -4.1898893927104304
-6.4720264250985737 -1.2098095171391927 -4.2449240557705599
-6.5100332583503828 -1.2399890206745381 -4.2999825197493156
-6.54790496301624 -1.2702142759536905 -4.3551105021620451
-6.5855526330689287 -1.3005137957610895 -4.4103544615917798
