#spline3d 5 121 5 121
-0.38060086638330831 -0.12601714615022483 -0.013659530691350428
-0.19021086310530902 -0.063277773014711519 -0.0068271223438750653
2.0224780448113614e-005 -6.0865504196628283e-005 1.4051336408404212e-006
0.19017100689391558 0.063397851621561779 0.0068231096349146451
0.38034845151082952 0.12677805390752767 0.013630499729299708
0.57052164236275316 0.19016867641825194 0.020457990575341575
0.76069920080602549 0.25354986609368391 0.027262361261862395
0.95086851493244018 0.3169485155579399 0.034088824000423644
1.1410419459807777 0.38035309069929191 0.04090330805201204
1.3312183765150769 0.44369651805459781 0.047703699886486164
1.521384083209034 0.50722558314728372 0.05455869071642961
1.711593834016202 0.57018753305065395 0.061282038063527118
1.9016432562529137 0.63479120423974555 0.068333379195550187
2.0921559679328383 0.69511993534781802 0.074580078700930502
2.2815014409551262 0.76552384298971998 0.082683560245223428
2.4735065791342334 0.81469483443991431 0.086901787736272551
2.6601829065900784 0.90151726689182732 0.097997354973243828
2.8550058313622642 0.94597444903794325 0.1013159132745609
3.0557845885562966 0.8740366923863051 0.083609991557406019
3.2514758640512005 0.85759712703070634 0.076026441812765799
3.4499554891199442 0.81847749655240332 0.064212870671006908
3.6471312710372144 0.7876295745669607 0.054077743849207334
3.8448586617886278 0.75410875691631285 0.043168754928208805
4.0423592424790185 0.72130140416630206 0.032733414708482796
4.2400084087504224 0.68814999047196068 0.02244113788756941
4.437341882038635 0.65653919987814413 0.0091946995592156223
4.6356337601664066 0.61851075605870265 0.0089471211680779844
4.8313030741782441 0.60199503872713478 -0.035323504898738589
5.0271974238055233 0.58266535123944174 -0.073782115319932437
5.2232914078929582 0.5623802186628013 -0.11030789984784656
5.4191958568926504 0.54324930136609273 -0.14922244960421838
5.6152147179354577 0.52341427904742721 -0.18663730976799123
5.811175897230596 0.50392116598891745 -0.22479849236538038
6.0071671000838398 0.48427177063109128 -0.26263613921052609
6.2031204965930797 0.46471253612910141 -0.30064670485781558
6.3991745215865521 0.44506922103437718 -0.33840862936571225
6.5949679836783499 0.42555346860949983 -0.37672888305094476
6.7913821369173322 0.40576608829161398 -0.41377544236132163
6.9864133860187625 0.38658229373041186 -0.45365822956683283
7.1842123467034273 0.36617527577191994 -0.48772105441009284
7.3775525101745201 0.34783146814538152 -0.53169790223167779
7.5745071719170465 0.32734555523190195 -0.56553752534124602
7.7827581893134656 0.30393397420537438 -0.58396453796053305
7.9055161789865487 0.31234117134581812 -0.76427980620689018
8.0555473467383631 0.30646575957658523 -0.8947662064943529
8.1990287354678149 0.32160973188905878 -1.0269814601027381
8.340492314077963 0.27549932952161504 -1.1941720549274852
8.4953502095816855 0.39826709440916624 -1.2639499789844237
8.6431248638585672 0.52083127046556299 -1.3284457112031844
8.7933028992620184 0.62382793660013369 -1.4070928963357543
8.9428626518397127 0.74143486810425174 -1.4759061948984533
9.092453743673703 0.85080468166154766 -1.5504467449187889
9.2421419736768105 0.96509349283476231 -1.6208295613112145
9.3917769367457158 1.0745627165581035 -1.69659466796605
9.5413727575460605 1.191718125253842 -1.762611026604346
9.6911253493531841 1.296652388472618 -1.8446621150253373
9.8408762441966893 1.3924725112909915 -1.9384436932988922
9.9906125684612999 1.4944347177771742 -2.0241886280075234
10.140341840761199 1.5933079389052385 -2.1140513560940262
10.290136280515659 1.6934696659526871 -2.2020381768479673
10.439800283712291 1.7932832106905359 -2.2908333432756431
10.589748400353004 1.8928114251737944 -2.3792293660511166
10.739119313825466 1.993359483049683 -2.4679393326130863
10.889609388226132 2.0916380314277072 -2.5562474940326334
11.037915588120391 2.1944822493401874 -2.6452582552623731
11.189885569439449 2.2896306033290283 -2.7331340750056645
11.337998198238855 2.3928013088965714 -2.8221526529193297
11.481418692424143 2.5063444277913498 -2.9127729527244806
11.677680863332768 2.5067629167248429 -2.9867337546783128
11.855442014540149 2.5462314873033756 -3.0663995168220732
12.038592853727643 2.5745598133839174 -3.1444800614245962
12.22065452939778 2.6048601125980699 -3.222797106315388
12.402630702959353 2.6358477665442721 -3.3012710141690911
12.58501880590878 2.6652410236206179 -3.3794135184550962
12.766758818982497 2.6967673256258107 -3.4577724714440099
12.949745561751678 2.7271762211122752 -3.536497234513631
13.129883049731465 2.7502411988276689 -3.6134117334972102
13.316071477513416 2.8142185396905317 -3.6960860632000974
13.492887315802262 2.7258076083296712 -3.7630494311437177
13.665962212946164 2.6520652170678165 -3.8297989795539329
13.842575256240359 2.5875402663376033 -3.8986341880427178
14.017228726293004 2.5137595240212969 -3.9656827884745147
14.192542177015252 2.4456858033739191 -4.0344599196947204
14.368138053172759 2.3743053888065062 -4.1008372821039094
14.542814272878729 2.3052956313920849 -4.1707186749196143
14.718218911759521 2.2346611862581036 -4.2374802433965471
14.896469238822336 2.1614846281417623 -4.2978949129799195
15.05451142202813 2.1119399157982808 -4.41526528689496
15.216968928151267 2.0593568127014463 -4.5182660180504994
15.380996496231761 1.9990524540864356 -4.6202310514630121
15.539902772090638 1.9578136529107166 -4.7312301719883045
15.707117551884622 1.8821527178716593 -4.8251428304749977
15.86715602615241 1.8478077617545288 -4.9416488922284465
15.992595082475448 1.9172981112558032 -5.0993303351491432
16.133278609713233 1.9363719865174231 -5.2358629267969139
16.268249382390692 1.9758601267925873 -5.3814253040830744
16.404989002077041 2.0090367031661835 -5.5237108540612283
16.541761170277876 2.0411294936282327 -5.6664557117606105
16.677058930563092 2.0810332594399088 -5.8107186503403545
16.81599011973934 2.1033816321659651 -5.9512268382562903
16.94796747759025 2.1557281534661521 -6.0976880326644984
17.089120653806809 2.17984772865581 -6.2408835867862829
17.246252728192754 2.0814828388382121 -6.3477446918862226
17.394659076615202 2.0356112504450889 -6.4683455012443067
17.547073453848821 1.9700871649054004 -6.5843623576598205
17.697918033705601 1.9113638365265475 -6.7015778553296856
17.849073634655813 1.8497264295171916 -6.8188486988999779
18.000715660382355 1.790946410383109 -6.9354180325693617
18.151073273360506 1.7275938249162228 -7.0533977696158985
18.303374940584863 1.670556392832637 -7.1695027639721181
18.454619460632731 1.6117322410390611 -7.2858266352964431
18.599109477633679 1.5213805084345755 -7.4121303793226181
18.785252284870001 1.6029421962394932 -7.4867522966629343
18.958941793206776 1.6393194345219244 -7.5738107818051859
19.135346397825181 1.6830533792402074 -7.6593297469850761
19.311669196723649 1.7285692256389682 -7.7440829966123781
19.487639896533754 1.7715483780347707 -7.8296259920950568
19.66392706728822 1.816146507646506 -7.914638287078879
19.839907172332651 1.8598889154697038 -8.0001514903816009
20.016246935407324 1.9040763697816034 -8.0850120375451908
20.193392659206097 1.9491397768106395 -8.1684204499377984
