#spline3d 5 121 5 121
-0.90010744728685954 0.63764839935820161 -0.49364671054380521
-0.43813787512955837 0.30226031591226615 -0.26346363611797746
0.0026551642721844623 -0.0026535659275702911 -0.0019605504834196374
0.43289898811391531 -0.29467017659657996 0.27140095639343931
0.87555978180832805 -0.56556505788398936 0.59306618330768335
1.3099027404794179 -0.91501161744222737 0.77266392322725286
1.7487101706658632 -1.2371523232405146 0.99501433756906743
2.2809560576723218 -1.552953879347341 1.3340281877329423
2.3102714801355675 -2.0971512174892597 0.80017657504733342
2.4835426538474472 -2.5827545604350406 0.50371147745186928
3.0598449554032889 -2.9113987528095628 0.74463907357388093
3.4854744353277867 -3.2916259581907994 0.78795256263308167
3.9355369505513376 -3.6438776865267979 0.87859736609597072
4.4473189682761038 -4.0546621218667269 0.99171059980414566
4.7754338625148858 -4.3128771376384565 1.018813813064041
5.4944455291505383 -4.8980769392308634 1.2335049878223279
5.6283661656909931 -4.9969675040384516 1.1461965646881316
4.8958209018024634 -4.2764428683594433 0.81412105846901262
4.5583260541101707 -3.9055488832328971 0.59802402630321183
4.9052708211269849 -4.5417997844418743 0.1250074075901782
5.100646169614806 -4.9030293122606103 -0.23704659001256398
5.2300895839235189 -5.2509084295082076 -0.67570996958746665
5.5435748087539993 -5.7050229988258936 -1.043832385911027
5.5892858330898134 -6.0430493490013149 -1.4911516310546111
5.348517042341161 -6.0266364384298408 -2.1554373286809425
5.2352359960229959 -6.2670280940456697 -2.6600066102490123
4.9287136149633506 -6.8357284119664632 -2.8487465411291661
4.7019910437996089 -7.2534047143173677 -3.1671531762173126
4.4486841318009001 -7.7256635512878553 -3.4437619518168048
4.2028474923050645 -8.1829328364566898 -3.7302836075805499
3.9525264621966576 -8.6415234808095356 -4.0137701962485934
3.7146414669209813 -9.1049510146017809 -4.3058204418287618
3.4408025756009475 -9.5549725928667737 -4.5707937303053523
3.2514518777600858 -10.035510603718242 -4.9017821907111596
2.9129740723045772 -10.461589683167031 -5.11131399527215
2.4455840561141318 -10.855697301466376 -5.23969372303785
2.1019097898805925 -11.258292650891441 -5.3642631168982602
1.5893910982171933 -11.677769205319427 -5.6727661904090247
1.3884303176392885 -12.079188731637332 -5.4524547655127407
1.1019666137089108 -12.69647404005168 -5.1893813766299637
0.78050415153051189 -13.222527695118519 -4.9202661877719658
1.5683119581503446 -12.388137347143253 -4.6106150156683299
1.543156973327652 -12.370629798675278 -4.1544202392056482
1.2315226286467316 -12.589968253486353 -3.5149011975130708
1.0949953625587365 -12.606944445156689 -2.9986877968943384
0.85898517536753516 -12.722405256906743 -2.4185440525534503
1.1187052113857303 -12.878874325470113 -1.8629407160292606
1.2061610562423188 -13.018766595925225 -1.2841789212919619
1.5517950983875193 -13.148217197583085 -0.82635703662066917
1.9652197431192626 -13.222535218795905 -0.35212189838884295
2.2614076037304027 -13.362220002819356 0.11519294324224137
2.1310447452743642 -13.692326543138645 0.66459222345504432
2.229484359696047 -13.889068770276264 1.2762730993492797
1.946411559031632 -14.489115240996385 1.3512121612559516
1.7361670995131371 -15.036948773576245 1.452735750711013
1.5253907687033894 -15.602592038615299 1.5800172371117611
1.3062083136551084 -15.809468846485853 2.1638783795498013
1.0931698938997383 -16.096778630119076 2.629295944432597
0.90557044260834485 -16.415538195534683 3.0721221675812376
0.61217112464471746 -16.588128395459055 3.65726156131179
0.60028951171438982 -17.144523893066008 3.8913384018182291
0.63143392516233299 -17.73551439838813 4.0610556673533242
0.62270454464963432 -18.270654142299122 4.2989984778177766
0.60323153523668871 -18.822630757028001 4.514525356409858
0.64143374952858101 -19.392085919466368 4.7126412596830694
0.64801392590560025 -19.963942410832392 4.9278621900585726
0.22041904050435052 -20.250524895881426 5.3420974486440143
-0.058006269147489388 -20.624451059201558 5.6864794627135336
-0.37914912630468306 -20.978246789166981 6.0449657672279384
-0.68168576663336422 -21.337966058205541 6.4151338687165191
-1.0153913933541687 -21.685612827631779 6.7526724614649005
-1.2915473314183248 -22.05718284080141 7.1441623206904783
-1.6197998951557562 -22.409916771543354 7.4973788795773473
-2.2090059871476182 -22.636400336226497 7.5808005017972517
-2.6902544314482326 -22.877090102294449 7.7942673566607095
-3.2172435653803282 -23.194837901081421 7.8898987969231857
-3.7137006550543381 -23.329826006790508 8.1778443008243489
-4.1859012558681208 -23.365924466582129 8.5639148025068277
-4.6775942361002096 -23.453695868344301 8.8698764331314877
-5.145995811993096 -23.581484379555942 9.238127787337362
-5.6639995632617595 -23.52028960728143 9.5226977532757129
-6.1837676734680409 -23.412454723576356 9.8028359931607643
-6.7004050531303774 -23.377274596466833 10.087163460386513
-7.2101568388657649 -23.245882514938181 10.385791729290002
-7.7415491995491461 -23.259301076423064 10.64629803777583
-8.2906939918752016 -23.374903581342444 10.869109029967236
-8.8249069220270009 -23.413274478689033 11.118679264006257
-9.3634078155025282 -23.482334078327579 11.357212987137958
-9.9330667475742178 -23.630426785281806 11.571773155714155
-10.350880023424253 -23.339865614549868 11.92669393200266
-10.788700586691865 -23.11068629985078 12.260722126639957
-11.244694615837824 -22.930882290828137 12.583133700866842
-11.651628405586555 -22.61393686019418 12.93527008374279
-12.171168847741015 -22.612201442320643 13.226105888548862
-12.709771025924459 -22.641484072211281 13.499366494896188
-13.203183910062732 -22.634330571462325 13.814223623245208
-13.772438035643557 -22.603801471423182 14.046660833513814
-14.212242668889271 -22.680376430654935 14.430266383339514
-14.586824104241183 -22.777324018225681 14.891051839620092
-15.002421094330893 -22.943364083158087 15.296114653582087
-15.409070555418948 -22.910963279768392 15.735926591467528
-15.842636416117511 -22.806004456964232 16.090463979714865
-16.241987219194691 -22.566993582906822 16.602107336742847
-16.710374304777485 -22.75349647602588 16.837839592667873
-17.203944047550614 -23.221021799786481 16.87093307746748
-17.648831590091046 -23.489786866809233 17.067298147244284
-18.132572882263222 -23.852323899737776 17.166156355896923
-18.700616041775302 -24.200051538408129 17.223181513168168
-18.618827351457739 -24.461984158640611 17.86459964180407
-18.523030227899032 -24.666964103906757 18.436929025085121
-18.706539337754673 -25.023179191442424 18.863501460086692
-19.000084679515947 -25.451432864822806 19.248120705429216
-18.73904781257821 -25.996376239748475 19.47419032099857
-18.643571625604842 -26.51691293861256 19.734168085729358
-18.495730308315274 -27.037637113344363 19.970183174569605
-18.393124808148457 -27.559563228500004 20.259444403239129
-18.233874061592374 -28.085839126267853 20.476762424499736
-17.917900461788111 -28.614395711566075 20.496320699749894
-17.671940227154945 -29.139140506770325 20.601498782441581
-17.423092788222498 -29.66714604227316 20.706894484870055
-17.172545237488634 -30.201694143244595 20.818076430012297
