#spline3d 5 121 5 121
0.63685330076496727 1.3171992898750666 0.34688536098210965
0.43825467821049496 0.59776555284239674 0.1817126073961649
0.034272827828212636 -0.017398147424825872 0.0024590985757358308
-0.51636311469084173 -0.55815599695710416 -0.18755787193657125
-0.90839074216484483 -1.180305712620952 -0.37157092916392243
-1.5369568659765349 -1.6791488307465339 -0.55408711408145239
-1.7331005576621141 -2.409086221060547 -0.76186332806328139
-1.9766621311447936 -3.0917450217719074 -1.005359698737339
-2.1109974927938904 -3.8769904616501449 -1.3044153606241675
-2.8842365603466908 -4.1874724318861789 -0.9373500429983439
-3.360665904030681 -4.7419811349312289 -0.66222657777742899
-4.0086667290315825 -5.1331062529036569 -0.56126974308883248
-4.5308506553017427 -5.609012802777964 -1.1046386043384036
-5.1411311758392131 -6.0393321448342085 -1.2212594435095172
-5.8852830732160593 -6.0139955738426494 -1.6151667671057859
-6.66336426599982 -6.2549217032346807 -1.7126915797646647
-6.9460334772177035 -6.335329809139246 -2.578471656950899
-7.5109598959567645 -6.5391600542945056 -3.0410438525177921
-7.7458947235592639 -6.6425600984831679 -3.8275435478646811
-8.1852010661935051 -6.9170553105044394 -4.4046253509885931
-8.4225823447044625 -7.0066492284447168 -5.1497516570703885
-8.9566993673954354 -7.5270258798919105 -5.640791891957762
-9.0517174682154753 -7.2907118083132998 -6.5220279076402869
-8.945271918249734 -7.6754292462339127 -7.1450938545165288
-9.0122185655014597 -8.4476502056543197 -7.5250518141537821
-9.0106529849332393 -9.1138698199160544 -7.9614674028094061
-8.8125116682813029 -9.1283564677478406 -8.8131334835238153
-8.6291185654235907 -9.3574732688011437 -9.4861592765012386
-8.2615786827212219 -9.725080163673411 -10.110817545723167
-7.9470138483266046 -10.016263763765309 -10.734353913315687
-7.387791572385396 -10.621871962097623 -10.961860668195834
-6.9382150056207257 -10.992990382432799 -11.448340462860138
-6.4835144465270274 -11.570454512776891 -11.746318135259354
-5.9639875637096464 -11.943825080228189 -12.229367495971211
-5.2743418826344515 -12.231276952589782 -12.381368134675437
-4.6837505062746994 -12.520530102115476 -12.964123358760975
-4.0374788898043876 -12.885456993068901 -13.026104698715049
-3.5404723850224111 -13.426349210471662 -12.45485606273998
-3.0081927900883643 -13.788506991614819 -12.318001455692629
-2.2461601068603856 -14.461781118795141 -12.037825577871445
-2.7403151131854711 -14.13866419594337 -11.086840991212231
-2.8731287500625569 -14.421036625668219 -10.383575496840844
-2.4918374666339034 -13.722038084368604 -9.7251657929448392
-2.5094874792021722 -13.509780463714579 -9.0426282332637129
-2.3875320067045518 -14.357066967216699 -8.2959654089183026
-2.6199469650229421 -14.161129617138332 -7.6687544564425121
-3.0254701168456832 -14.453502779625085 -6.8556931555608349
-3.4447631888737305 -13.888788100616733 -6.4075985472648256
-3.8400055897513297 -13.45038901809394 -5.8442480695144585
-3.7246147045958971 -14.275245294780124 -5.1242616830486529
-3.5747394764255396 -14.421694081994062 -4.3936480526220922
-4.0985106760395009 -14.861811757615694 -3.8921636131373907
-4.7032824749093347 -14.96664297214987 -3.3838446422208359
-5.1417416291785889 -15.354125526429446 -2.8867027365531159
-5.7584169612693916 -15.819583536993187 -2.6177410720111265
-6.1466930398427468 -16.259856249357203 -2.1743434607610665
-6.9311917790363857 -16.64142286285707 -1.9067217608173246
-6.8396313926244536 -17.25129469606771 -1.327904193158729
-6.7370776187733172 -17.770384823726424 -0.74461676593120751
-6.9573526602646494 -18.375694801336579 -0.31171136624095958
-7.4489923057390044 -19.080063036600347 -0.20715737830886446
-7.5193953783999028 -19.602242052696056 0.39491374296469844
-7.5642811353059294 -20.139254513467076 0.93796015713587411
-7.7112046445638542 -20.676775041903497 1.4873406249472696
-7.7992956454448406 -21.197013534107366 2.0698864230171523
-7.3615424131434271 -21.912546703549655 2.2963666310057493
-7.13365468229222 -22.467095436336134 2.7191230582458807
-6.9329278898223166 -23.216373178209032 3.0161064837229161
-6.3998463999667097 -23.622282036892422 3.4250455134512623
-5.8317148099917349 -24.029954222649391 3.7521761170958863
-5.3625967231958569 -24.50899625946218 4.1551481723806365
-4.8195390357201209 -24.945303590729683 4.520473909964152
-3.9599433503285431 -24.937328774700234 4.5437542486298703
-3.2779195037205753 -25.171959301471002 4.7529715491097413
-2.4973279435176852 -25.268176100417872 4.8614133771327195
-1.775406307348965 -25.469032561525676 5.0244432179593659
-1.0029465726737354 -25.483469214873455 5.162656754547986
-0.25558077057281131 -25.597678111837507 5.3092591570827254
0.50175177340336363 -25.632024234552894 5.4653549727913493
1.2629200659773967 -25.791250585136375 5.5789403215356685
1.9956883947217343 -25.605378855066157 5.8301967865386546
2.731014493302613 -25.499747279992793 5.9757380468241976
3.4900223221327948 -25.498920255870399 6.3206355674056987
4.138347574918356 -24.936679925686828 6.0455490267327416
4.7953585320001464 -24.686042184956179 6.1757563042026788
5.5066009200137671 -24.141325075194921 5.8222655646236054
6.0900881097123927 -24.041328164898108 6.3542892223484424
6.7990186611654169 -23.642767283261055 6.6910913505171523
7.2741867689210009 -23.699377239048445 7.1128143833526263
8.224649591177732 -22.845408812176675 7.4019777393484851
8.1379066246870799 -24.095820717470644 8.0480330874733408
8.8711876026679715 -23.707780689935909 8.4038508966557703
9.4899207582230645 -23.470073820738399 8.8211132811699198
10.030996412511353 -23.293953988188324 9.3172676010615074
10.582916738367722 -23.010370324261356 9.8057272415591132
11.200395390606371 -22.837190311468898 10.241619772570493
11.915787572844415 -22.84930550823843 10.552522287371435
12.555558767035837 -22.631200327318496 10.972668826857568
13.272551502486152 -22.587082786888658 11.32259724780624
13.743347000488884 -23.351378922866829 11.509841616128513
14.427136850886795 -23.593432434772019 11.795412032444094
14.869483682031744 -24.210445213882323 12.018163386438918
15.642779854403612 -24.485913782374247 12.288826497271801
15.97684645520386 -25.12543018798328 12.518034038508473
16.001748312827086 -25.937146767246084 12.727335404545933
16.207747762120778 -26.602034630493733 12.947222393317634
16.388348289006569 -27.37148838341211 13.167021592741548
16.434891612089576 -28.059993233539473 13.376377440128797
16.807228919371482 -28.822632940291061 13.608304768794932
16.646580405129907 -29.517080824123283 13.807230158689098
16.09364679060792 -30.137928766943315 13.975753045294971
15.82288402711511 -30.810961905364476 14.158920952347959
15.413757631729064 -31.450532351473768 14.346542123724563
15.012319525541209 -32.112985659081026 14.506159187008111
14.759007114926717 -32.757008387817841 14.733494868420467
14.079522383365379 -33.419343669011155 14.806185264371146
14.488591579522078 -34.063890534147276 15.258609142462722
14.66577441807504 -34.697075150122579 15.618625418160015
14.86550631382794 -35.34361124475101 15.997957590234204
15.130158121718546 -35.97455749354409 16.386983912325547
15.487479240659241 -36.582887245102029 16.790158849607678
