#fname degree numKnot L1 L2 L3 L4 MSE traceH AIC AIC0 GCV GCV2 cv_avr cv_stdev cv_error ts_avr ts_stdev ts_error sigma0 sigma_opt
BH_0031_MCA_L_d5_cp120_lmd1d0.000_lmd2d0.000_lmd3d0.000_lmd4d0.000 5 120 0 0 0 0 3.9262442903151e-007 119.999999999717 -297.616656979564 1602.1810546947 -0.000501278001294986 0.00250639000644204 1.35386625306717 8.08178554885281 8.09064728499286 0.00913770510914073 0.0820771810342934 0.167563734494106 1 6.56651569208401e-006 
BH_0031_MCA_L_d5_cp121_lmd1d0.000_lmd2d0.000_lmd3d0.000_lmd4d0.000 5 121 0 0 0 0 7.04529977142037e-007 120.999999999671 -291.101375119049 1608.18110459931 -0.000661566770432096 0.0034435398563258 1.36324370179151 7.44347715878611 7.45358008198169 0.00953420826423271 0.145288611040325 0.205752357330226 1 6.24781318965026e-006 
BH_0031_MCA_L_d5_cp120_lmd1d0.000_lmd2d0.000_lmd3d0.000_lmd4d0.000 5 120 0 0 0 0.0001 5.17337110904044e-007 109.740526424117 -356.134743934541 1540.62423319513 -0.000680065988681888 0.00228975419808921 0.564633589419002 1.57453191552542 1.62720433225012 0.0011305534550923 0.0307769486560871 0.157136031125995 1 6.56651569208401e-006 
BH_0031_MCA_L_d5_cp121_lmd1d0.000_lmd2d0.000_lmd3d0.000_lmd4d0.000 5 121 0 0 0 0.0001 7.88784044149384e-007 110.615750388335 -351.249213729088 1545.87562041194 -0.000826906587042605 0.00287746852631996 0.598710085599744 1.51532211190294 1.56141527461917 0.00080911273983115 0.012402619090306 0.154911275342222 1 6.24781318965026e-006 
BH_0031_MCA_L_d5_cp120_lmd1d0.000_lmd2d0.000_lmd3d0.000_lmd4d0.000 5 120 0 0 0 0.0002 6.38895112183387e-007 105.110945071249 -380.950344634328 1512.8467645272 -0.000823325366555909 0.00232996293444184 0.519602885289578 1.51430698297957 1.58138590382342 0.00146796129506971 0.0184562611254223 0.154858887585655 1 6.56651569208401e-006 
BH_0031_MCA_L_d5_cp121_lmd1d0.000_lmd2d0.000_lmd3d0.000_lmd4d0.000 5 121 0 0 0 0.0002 8.65398203393975e-007 105.933917498246 -377.378202106319 1517.78463532968 -0.000943226850672137 0.00275298011523831 0.558182263159688 1.47486304033381 1.53271146041136 0.000575010880892433 0.0111494999450967 0.155049481204157 1 6.24781318965026e-006 
BH_0031_MCA_L_d5_cp120_lmd1d0.000_lmd2d0.000_lmd3d0.000_lmd4d0.001 5 120 0 0 0 0.0005 9.23748749987694e-007 97.5457284469928 -419.400888553508 1467.45551035824 -0.00115939551832442 0.0024622648607303 0.498213754862017 1.42055766337324 1.49852962751365 0.000632537670826551 0.0138503104434987 0.155209767300699 1 6.56651569208401e-006 
BH_0031_MCA_L_d5_cp121_lmd1d0.000_lmd2d0.000_lmd3d0.000_lmd4d0.001 5 121 0 0 0 0.0005 1.06013601164751e-006 98.2926989835429 -418.238480392057 1471.93735539951 -0.00122140402434892 0.00266971083969582 0.51825536136742 1.40925082002292 1.48151056054407 0.000641525778919049 0.0084552490698551 0.15481263879437 1 6.24781318965026e-006 
BH_0031_MCA_L_d5_cp120_lmd1d0.000_lmd2d0.000_lmd3d0.000_lmd4d0.001 5 120 0 0 0 0.001 1.23237689868763e-006 91.2921617879569 -449.402241940026 1429.93415978453 -0.00155975972540332 0.00258514836390129 0.493418471216523 1.35136795723491 1.43471279513127 0.000434523166183017 0.00902580050819547 0.155051499175039 1 6.56651569208401e-006 
BH_0031_MCA_L_d5_cp121_lmd1d0.000_lmd2d0.000_lmd3d0.000_lmd4d0.001 5 121 0 0 0 0.001 1.29154317216939e-006 91.981561715688 -450.17920720986 1434.07056881752 -0.0015682799891553 0.00267330056601717 0.503151081917917 1.35355191731396 1.43353518360787 0.00035654368748112 0.00877406978917044 0.155114903756976 1 6.24781318965026e-006 
BH_0031_MCA_L_d5_cp120_lmd1d0.000_lmd2d0.000_lmd3d0.000_lmd4d0.002 5 120 0 0 0 0.002 1.62350207589775e-006 84.9767185056421 -477.76472896882 1392.04156267067 -0.00214754471108405 0.00271737984985496 0.489191785404913 1.286893502935 1.37564228157167 0.000355960182230874 0.00609635472859684 0.154987081200599 1 6.56651569208401e-006 
BH_0031_MCA_L_d5_cp121_lmd1d0.000_lmd2d0.000_lmd3d0.000_lmd4d0.002 5 121 0 0 0 0.002 1.60754493352165e-006 85.6137264015139 -480.293742530445 1395.86360749276 -0.00209479473695373 0.0027271482049639 0.493499379760293 1.29663428369221 1.38325266850664 0.000300414097304698 0.00604318874773498 0.155040502901288 1 6.24781318965026e-006 
BH_0031_MCA_L_d5_cp120_lmd1d0.000_lmd2d0.000_lmd3d0.000_lmd4d0.005 5 120 0 0 0 0.005 2.29149228412839e-006 76.8817677817666 -510.058155552508 1343.47196520585 -0.00342843474680206 0.00291395529264233 0.490888052043681 1.20692570898488 1.30050767792067 0.000168087013239132 0.00422532709095463 0.155112569583079 1 6.56651569208401e-006 
BH_0031_MCA_L_d5_cp121_lmd1d0.000_lmd2d0.000_lmd3d0.000_lmd4d0.005 5 121 0 0 0 0.005 2.18424393499425e-006 77.4592190721647 -514.452124666832 1346.9366557885 -0.00326712710373245 0.00286485059795357 0.490158476636123 1.2212560667209 1.31408686531513 0.000106169970520546 0.00439407921959236 0.155179150386884 1 6.24781318965026e-006 
BH_0031_MCA_L_d5_cp120_lmd1d0.000_lmd2d0.000_lmd3d0.000_lmd4d0.010 5 120 0 0 0 0.01 2.93146506375866e-006 71.0863678862303 -529.236951020342 1308.69966822828 -0.00514361543609981 0.00308101627589742 0.492215034826575 1.15135704583209 1.24859511474572 7.79031611181251e-005 0.00326737144301526 0.155179594724758 1 6.56651569208401e-006 
BH_0031_MCA_L_d5_cp121_lmd1d0.000_lmd2d0.000_lmd3d0.000_lmd4d0.010 5 121 0 0 0 0.01 2.76718872760229e-006 71.6217637620721 -534.548246470385 1311.91201719911 -0.00485111626495179 0.0030115774909033 0.489919763367004 1.16590362726279 1.26290175841921 8.41586708308276e-005 0.00272636521387727 0.155162891777259 1 6.24781318965026e-006 
BH_0031_MCA_L_d5_cp120_lmd1d0.000_lmd2d0.000_lmd3d0.000_lmd4d0.020 5 120 0 0 0 0.02 3.72279308097271e-006 65.6250171592734 -542.723523335053 1275.93169047902 -0.00837185690171539 0.00327112805664511 0.488935722830481 1.09860458138175 1.20144822471791 5.17680435046312e-005 0.00204583372626372 0.155184814003189 1 6.56651569208401e-006 
BH_0031_MCA_L_d5_cp121_lmd1d0.000_lmd2d0.000_lmd3d0.000_lmd4d0.020 5 121 0 0 0 0.02 3.51532706833204e-006 66.1185793332265 -548.408307969087 1278.89303032818 -0.007821184094594 0.00319538504902149 0.486886519496727 1.11182849311324 1.21437469828582 2.33405533808098e-005 0.00205200398816561 0.155213320474927 1 6.24781318965026e-006 
BH_0031_MCA_L_d5_cp120_lmd1d0.000_lmd2d0.000_lmd3d0.000_lmd4d0.050 5 120 0 0 0 0.05 5.12641543638048e-006 58.9463324029789 -548.594909998969 1235.85980652083 -0.0215134794782192 0.00358488147439525 0.482861931790661 1.03059371615273 1.14219709515896 6.07579390225377e-005 0.00138469200639443 0.155168516672313 1 6.56651569208401e-006 
BH_0031_MCA_L_d5_cp121_lmd1d0.000_lmd2d0.000_lmd3d0.000_lmd4d0.050 5 121 0 0 0 0.05 4.86529831837618e-006 59.3869008195417 -554.227018888753 1238.50317524147 -0.0194330996101404 0.00350768183013234 0.482050609346048 1.04158993135501 1.1524756329466 4.58348763527396e-005 0.0013778173998459 0.155183377951417 1 6.24781318965026e-006 
BH_0031_MCA_L_d5_cp120_lmd1d0.000_lmd2d0.000_lmd3d0.000_lmd4d0.100 5 120 0 0 0 0.1 6.56651569208401e-006 54.3095386976328 -541.326128290667 1208.03927470479 -0.139999031524972 0.00387928495780962 0.48712900526904 0.980244595495954 1.0950735003141 9.95999023183286e-007 0.000847562418502445 0.155224414099609 1 6.56651569208401e-006 
BH_0031_MCA_L_d5_cp121_lmd1d0.000_lmd2d0.000_lmd3d0.000_lmd4d0.100 5 121 0 0 0 0.1 6.24781318965026e-006 54.7128175259647 -546.86675018334 1210.45889668238 -0.0966375736870486 0.00379846821378495 0.486199648171522 0.990017559444882 1.10424159392565 1.33892011864355e-005 0.0008558532026652 0.15521206657691 1 6.24781318965026e-006 
BH_0031_MCA_L_d5_cp120_lmd1d0.000_lmd2d0.000_lmd3d0.000_lmd4d0.200 5 120 0 0 0 0.2 8.40224863951321e-006 50.0251423687545 -522.302959368503 1182.3331904488 0.0467310911046666 0.00421720136821842 0.492277956566159 0.936096751479363 1.05336748247964 -7.16221887713323e-005 0.000631712662483731 0.155296003168265 1 6.56651569208401e-006 
BH_0031_MCA_L_d5_cp121_lmd1d0.000_lmd2d0.000_lmd3d0.000_lmd4d0.200 5 121 0 0 0 0.2 8.00682110428028e-006 50.3934814505053 -527.736402764811 1184.54316167089 0.0513337912770639 0.00413060495677804 0.490990176920708 0.944742514905485 1.06164497037568 -5.58478602096695e-005 0.000589086609633879 0.155280061409028 1 6.24781318965026e-006 
BH_0031_MCA_L_d5_cp120_lmd1d0.000_lmd2d0.000_lmd3d0.000_lmd4d0.500 5 120 0 0 0 0.5 1.15461048750334e-005 44.8762574466242 -476.592934458696 1151.44038393301 0.0214287209456452 0.00472250941047392 0.494515309783249 0.883911353838196 1.0062051732139 0.000182176203513131 0.00112098541041835 0.155044972383443 1 6.56651569208401e-006 
BH_0031_MCA_L_d5_cp121_lmd1d0.000_lmd2d0.000_lmd3d0.000_lmd4d0.500 5 121 0 0 0 0.5 1.10510571151538e-005 45.2027959616438 -480.920796520297 1153.39953581549 0.0218062702104232 0.00463330173504313 0.492278253056583 0.891686443031397 1.01410569038992 0.000152955177455992 0.000986649868872632 0.155073279756529 1 6.24781318965026e-006 
BH_0031_MCA_L_d5_cp120_lmd1d0.000_lmd2d0.000_lmd3d0.000_lmd4d1.000 5 120 0 0 0 1 1.46158000927142e-005 41.3423128789757 -423.000277929654 1130.23720767835 0.017004109042066 0.00515507990115071 0.493553624311327 0.841515904821298 0.969651602725653 0.000324571007089394 0.00158221586526764 0.154906605713691 1 6.56651569208401e-006 
BH_0031_MCA_L_d5_cp121_lmd1d0.000_lmd2d0.000_lmd3d0.000_lmd4d1.000 5 121 0 0 0 1 1.40775396804552e-005 41.641129389963 -424.785724055725 1132.03002062261 0.0171145595157364 0.00507203860329758 0.491715514020489 0.848452251420487 0.976586301104488 0.00030377378367199 0.00152788033002297 0.154926856471008 1 6.24781318965026e-006 
BH_0031_MCA_L_d5_cp120_lmd1d0.000_lmd2d0.000_lmd3d0.000_lmd4d2.000 5 120 0 0 0 2 1.84801992456257e-005 38.093610314355 -348.332379573766 1110.7456105945 0.0150444037020484 0.0056421787076819 0.491194331852602 0.793883194598833 0.929841086083331 -1.97621738808457e-005 0.00100778334571834 0.155246129365835 1 6.56651569208401e-006 
BH_0031_MCA_L_d5_cp121_lmd1d0.000_lmd2d0.000_lmd3d0.000_lmd4d2.000 5 121 0 0 0 2 1.7921242256725e-005 38.3674263373769 -345.994715650903 1112.38841729951 0.0150861958417469 0.00556870410018505 0.490152442867058 0.799930065842536 0.935548969202388 2.50708596898272e-005 0.000922847602488044 0.15520076899598 1 6.24781318965026e-006 
BH_0031_MCA_L_d5_cp120_lmd1d0.000_lmd2d0.000_lmd3d0.000_lmd4d5.000 5 120 0 0 0 5 2.54082955719306e-005 34.200808828032 -202.878899414792 1087.38991017197 0.0140512259058043 0.00641106086933804 0.481060642226312 0.731177066843454 0.882546301873211 2.41582427746376e-005 0.000649410747685697 0.155200296575375 1 6.56651569208401e-006 
BH_0031_MCA_L_d5_cp121_lmd1d0.000_lmd2d0.000_lmd3d0.000_lmd4d5.000 5 121 0 0 0 5 2.47854802496545e-005 34.4444757336918 -193.746420951543 1088.85181195548 0.0140569695658965 0.00634428707054429 0.481391190824659 0.735594089182405 0.88602489124798 2.72036276245417e-007 0.000538095131649455 0.155223756775323 1 6.24781318965026e-006 
BH_0031_MCA_L_d5_cp120_lmd1d0.000_lmd2d0.000_lmd3d0.000_lmd4d10.000 5 120 0 0 0 10 3.28793036468642e-005 31.5345173137334 -36.8377487184073 1071.39335644747 0.0140290133164263 0.00714158870911988 0.468793240025711 0.690437613396187 0.856299371726916 0.00036345788973696 0.00188549076944301 0.1548711161992 1 6.56651569208401e-006 
BH_0031_MCA_L_d5_cp121_lmd1d0.000_lmd2d0.000_lmd3d0.000_lmd4d10.000 5 121 0 0 0 10 3.21281238125806e-005 31.7573319976783 -21.83181579188 1072.73012436237 0.014011042486034 0.00707180245315357 0.469734045330723 0.693603329841461 0.858299446770437 0.000320511546882148 0.00175486181976984 0.15491252451618 1 6.24781318965026e-006 
BH_0031_MCA_L_d5_cp120_lmd1d0.000_lmd2d0.000_lmd3d0.000_lmd4d20.000 5 120 0 0 0 20 4.31556905776027e-005 29.087414402117 198.874513839407 1056.71238319968 0.0144503748983401 0.00802892899969964 0.465567875647474 0.651547211798827 0.827246031571592 0.000529160629610483 0.00237204853983104 0.154712120715579 1 6.56651569208401e-006 
BH_0031_MCA_L_d5_cp121_lmd1d0.000_lmd2d0.000_lmd3d0.000_lmd4d20.000 5 121 0 0 0 20 4.22047549372288e-005 29.2912169686459 221.423540566701 1057.93504644915 0.014411418317723 0.00795235763365112 0.465869950352126 0.654252602481828 0.829192881676063 0.000505989196092817 0.00226853175598483 0.154733737160853 1 6.24781318965026e-006 
BH_0031_MCA_L_d5_cp120_lmd1d0.000_lmd2d0.000_lmd3d0.000_lmd4d50.000 5 120 0 0 0 50 6.15455872550707e-005 26.1595736007824 629.396471840295 1039.14828077514 0.0153974022914142 0.00937845137591617 0.469285780449738 0.607907098312394 0.790946808040364 -0.000375140316149711 0.00268293939081401 0.15562136534028 1 6.56651569208401e-006 
BH_0031_MCA_L_d5_cp121_lmd1d0.000_lmd2d0.000_lmd3d0.000_lmd4d50.000 5 121 0 0 0 50 6.03016677798337e-005 26.3410027824219 667.16537817481 1040.23665683786 0.0153434494232229 0.00929579303850316 0.469586537711208 0.609717650336913 0.792147173432273 -0.000234465595575739 0.00229290412917846 0.15547447027873 1 6.24781318965026e-006 
BH_0031_MCA_L_d5_cp120_lmd1d0.000_lmd2d0.000_lmd3d0.000_lmd4d100.000 5 120 0 0 0 100 7.87631071721943e-005 24.156487383441 1036.90077545339 1027.13251827428 0.0162226502748634 0.0104530372967764 0.471573162061579 0.582436286259066 0.770044283198103 -0.00134480887580493 0.00571503317945178 0.15667217520544 1 6.56651569208401e-006 
BH_0031_MCA_L_d5_cp121_lmd1d0.000_lmd2d0.000_lmd3d0.000_lmd4d100.000 5 121 0 0 0 100 7.73027694253484e-005 24.3227754658771 1090.43655154711 1028.13001311486 0.0161636774051429 0.0103683717069594 0.471172496920611 0.584451586337155 0.771831351905336 -0.0011851282747675 0.00531876849893293 0.156498632458086 1 6.24781318965026e-006 
BH_0031_MCA_L_d5_cp120_lmd1d0.000_lmd2d0.000_lmd3d0.000_lmd4d200.000 5 120 0 0 0 200 9.88813240368036e-005 22.3193300748153 1516.07915743078 1016.11279333722 0.0171000758306124 0.011555909943343 0.477995459460445 0.556498056535761 0.74632258061862 -0.000727737230122763 0.00342440674529962 0.155988425816544 1 6.56651569208401e-006 
BH_0031_MCA_L_d5_cp121_lmd1d0.000_lmd2d0.000_lmd3d0.000_lmd4d200.000 5 121 0 0 0 200 9.71612232107146e-005 22.4718210940399 1587.88518012971 1017.02746423644 0.0170344459176113 0.0114676591813685 0.477552756718584 0.558465695257257 0.74808538840202 -0.000752012313759578 0.00367626890432048 0.156018426503247 1 6.24781318965026e-006 
BH_0031_MCA_L_d5_cp120_lmd1d0.000_lmd2d0.000_lmd3d0.000_lmd4d500.000 5 120 0 0 0 500 0.000131459241585274 20.1222671848436 2296.69170150397 1002.9356284642 0.0184124453792656 0.0131149596681192 0.47778257238052 0.527800520546673 0.72532232815525 0.000608858222431507 0.0047281457465882 0.154686515014646 1 6.56651569208401e-006 
BH_0031_MCA_L_d5_cp121_lmd1d0.000_lmd2d0.000_lmd3d0.000_lmd4d500.000 5 121 0 0 0 500 0.000129224987731602 20.2583674472294 2395.72413126346 1003.7518725579 0.0183304266209744 0.013015696698781 0.478202112286813 0.529456910503175 0.726241305138845 0.000493952313937857 0.00395612211992916 0.154779710717256 1 6.24781318965026e-006 
BH_0031_MCA_L_d5_cp120_lmd1d0.000_lmd2d0.000_lmd3d0.000_lmd4d1000.000 5 120 0 0 0 1000 0.00016364284998401 18.6194418781372 3071.86191760205 993.923826001307 0.0196536828697065 0.0144770077915331 0.470712659603048 0.505550491092287 0.714272440056137 0.00128597767521816 0.0084953635422315 0.15417135804457 1 6.56651569208401e-006 
BH_0031_MCA_L_d5_cp121_lmd1d0.000_lmd2d0.000_lmd3d0.000_lmd4d1000.000 5 121 0 0 0 1000 0.00016067732616981 18.7443315674609 3192.10160271542 994.672689653438 0.0195451045297683 0.0143579155993414 0.471412683113177 0.507567919294685 0.715208405040252 0.00119528019010544 0.00792061467381617 0.154231333461968 1 6.24781318965026e-006 
