#spline3d 5 121 5 121
0.40502044016144073 1.8611421596001276 0.99022865983559871
0.22754310638277439 0.77593553233719903 0.30609103010928301
0.0080476997276925002 -0.045672520949794349 -0.056909029621136129
-0.24625088824499664 -0.66978520330641256 -0.17399584297528348
-0.46031265519513176 -1.4772211501423007 -0.53570703057630842
-0.74805072262935435 -2.0642651219507724 -0.55345168374323028
-0.77985795233480959 -2.9224264960187147 -1.3153272732578194
-1.1275043611814761 -3.3731556924346595 -1.0780659319850263
-1.8116166302039687 -3.8664211365236074 -0.28529477577487039
-1.7705496451331573 -4.5087819314624591 -0.56874968055116715
-2.6082036722200312 -5.421107946710416 0.18056810831584724
-2.2845994482122349 -5.7014744238026536 -0.16876256424001093
-2.0657145349104056 -5.5614360119292279 -1.2812069111400537
-2.2049694299644549 -6.1178389722369584 -1.7157210268408709
-2.2372708226844824 -5.9516172809898675 -2.8726861150033489
-1.8873129112082574 -6.9151228813259582 -2.8418592004445595
-1.6660926500037292 -7.5731156566106677 -3.0028371048968769
-1.2457715526765154 -8.2143241944845613 -3.3657138408758978
-0.81504860550913094 -8.5574343418127885 -3.8574604735517397
-0.39393517302122488 -9.3858780167864335 -4.1329081156987337
0.023331136966163329 -9.3158877326325342 -4.7972587620993439
0.57632948183216626 -8.7387093185591169 -5.4829602849547125
0.81653275916993029 -9.4264991303425614 -5.9850853589398509
1.0332843271489063 -10.056683649965185 -6.380340542527863
1.249349924425972 -10.68139142928157 -6.8601480971641857
1.6587224540038115 -10.765398575714533 -7.5674996179022944
1.9110147905148351 -11.011916278261788 -8.303798660351509
2.3176918318940052 -11.213535861216863 -8.9196682839651125
2.8670475968604032 -11.97604267127984 -9.0042848573353158
3.5308879159399367 -12.273444305826622 -9.2576479564565233
3.4729655341595307 -13.189424966062523 -9.726078467148886
3.5726143831557344 -13.721727792909348 -9.8239028876746719
3.7071391070543989 -14.594808882048813 -10.566160881066617
3.7511726318396086 -15.225564927217544 -10.430200827166342
3.2442489164372263 -14.405102223651642 -9.0510237110055414
3.5721324854583427 -15.865483074143199 -8.9680684638154951
3.1307475273947487 -15.190603069738803 -8.0090043549826593
3.0788518608669504 -15.123023087808466 -7.3865649192935088
2.4996179151095039 -14.734992942219428 -6.6857805934441084
3.385904406020388 -15.001769457395058 -5.810703428817007
2.7550961656035677 -14.745534529094259 -5.2186474032331178
2.1247134440744615 -14.457661717935546 -4.8518346628722533
1.5515973548858546 -14.349523618773352 -4.2737294124980849
1.0981260942022906 -13.84171970687162 -3.8804344887059816
0.5235553931379745 -13.597092735643127 -3.3058370195345113
0.13352038478423336 -13.099927775234045 -2.9035316346693762
-0.097020443715278321 -12.192107720390412 -2.9163732856286777
-0.42481266159828851 -11.633623005647591 -2.6326716367114207
-0.26174061652846425 -11.039547258710455 -1.8897145027882283
-0.30945842161934495 -10.722532862581904 -1.3521173257933081
-0.36366238407629037 -9.7855818858963595 -0.80598024905032761
-0.1799550481808696 -10.052654666514465 -0.037729908989858806
-0.0067323869973934299 -10.780699913026856 0.52734421924906416
0.1916666466297883 -10.380921259617615 1.4171793850760523
0.40443378167702682 -10.556943694454512 2.1721876790213845
0.012930783731198473 -11.67342730209433 1.9709363668060973
0.034429187178673763 -12.22539621757784 2.309302292699154
-0.25320100707160825 -13.09471906472902 2.3515676454863166
-0.36703012976895388 -13.810934989864593 2.5345140137311168
0.12820068644843113 -14.452641196795252 2.7872510012844622
0.49359603639053629 -15.166773423623702 2.9562300292595869
0.71490070165584518 -15.803743751664852 3.2162358858742564
0.31012180916184401 -16.303725734169895 4.0023426395305677
0.31237633520346436 -16.896949309198941 4.5516351090320386
0.3341538870684303 -17.412424452040607 3.3175552477949353
0.11453334447965141 -18.283279111468307 3.7170134242498158
-0.023087837208631848 -18.989000047533803 3.2694101634061523
-0.12208083478885974 -19.751658114644325 3.3277162319848568
-0.51330027252035393 -20.571550908291009 2.9363290853930102
0.33557612096252115 -21.045618638936762 3.4475183854579972
0.67600354733337931 -21.631087841362834 3.5567162683945179
1.2487795492152309 -22.188673401690085 3.8642641329847307
1.7005392453290524 -22.730303915715094 4.0806941656906144
2.2591532626709556 -23.326820627141839 4.2729067144017394
2.5172260946367131 -23.8177946467158 4.8284150555236067
2.8554978565107509 -24.421498919913656 5.2512132414022137
3.1329018301100464 -25.009136296705719 5.7341311137381403
4.0660589776455947 -24.683722763355377 6.0658269861264573
4.539851996452807 -24.883112214395705 6.4743198752034621
5.6516613203487269 -24.679345515097676 6.7810189797759195
4.7537856148888586 -25.215141343340459 7.5717501419775486
4.4798623784161036 -25.545930669499356 8.2478767789684966
5.5307865952258046 -25.099190549172935 8.5419804739575333
5.9603214729894622 -24.994771489927434 9.0152836966553416
6.6903958436076856 -24.715258967466923 9.4165435333719483
7.4422655183590081 -24.672828455825549 9.5241079402763891
8.1982391573751574 -24.504334904513193 9.7550607960057558
8.9343745419172684 -24.403217683532951 9.9682917030842262
9.6896071412976088 -24.26136258070709 10.133662917382894
10.495274413161251 -24.176818733121156 10.323972956677135
10.733931168004936 -23.816682334257973 11.108560359172721
11.442877993619671 -23.712058304062801 11.583635739312228
11.631199753679054 -23.284004288702555 12.202321930722334
11.185361346462955 -22.645885579366524 12.939011770614847
11.989302028570144 -22.433739715442506 13.292340592972819
12.650287850794083 -22.203607102769674 13.587055388078587
13.293513590312701 -21.928734328840292 13.986766784207934
13.963287362968327 -21.712456882217058 14.265973544143725
14.614277617939267 -21.437010090986565 14.744548270277148
15.178703365134128 -21.38662532520377 15.099213073198845
16.003653590671796 -20.752834706107961 15.563285211272134
16.066186786222215 -21.916645029887171 15.957143664907326
16.704514200413861 -22.046637519606325 16.510501754979899
16.862613452605252 -21.896009253793917 17.13260556223441
17.866037495274824 -21.550231796604731 17.861766579636342
17.393263582423351 -22.002380906875569 18.308006879020116
16.874302972817254 -22.709628018990067 18.564103944413915
16.428886515383073 -23.107004225984472 18.968028881322851
15.961819396804389 -23.75212569964226 19.275223185900071
16.312041101700775 -24.362921329235764 19.808389790833559
16.395668972537941 -25.049861283063212 20.196705658712133
16.441553048797118 -25.640827613650501 20.688025548261116
15.72609330015197 -26.052171692089114 21.102313648074571
15.300550420615622 -26.475005630753135 21.570087631615959
15.025188589866527 -27.054118462670154 21.996950417474768
14.887623432474548 -27.95044043837979 22.1264223357622
14.851079051119298 -28.247177169402402 22.912460544239302
14.911491180802559 -28.726902122495687 23.535043345142846
14.841535812459071 -29.129523622431577 24.199278133402899
14.938842606769089 -29.57621706132268 24.86819152787411
15.258053772163521 -30.081706136965749 25.542634801017357
