#pt3d 329
103.23 -96.41 79.98
103.25722387992606 -96.59750821827744 79.8252621700748
103.274413875262 -96.77849441157133 79.67855144782168
103.28023213472918 -96.95295857988165 79.53919890760126
103.2733408070489 -97.12090072320841 79.40653562377427
103.25240204094247 -97.28232084155161 79.27989267070134
103.21607798513125 -97.43721893491123 79.15860112274314
103.16303078833651 -97.5855950032873 79.04199205426029
103.0919225992796 -97.72744904667981 78.92939653961349
103.00141556668184 -97.86278106508875 78.8201456531634
102.89005338368258 -97.9915513410543 78.71324645841409
102.75563417005233 -98.1129906100912 78.60246958534927
102.6018161128812 -98.22710514337733 78.48968593536641
102.43395061728394 -98.3342962962963 78.38024691358024
102.25738908837529 -98.43496542423169 78.2795039251055
102.07748293126993 -98.52951388256714 78.1928083750569
101.89958355108257 -98.61834302668622 78.12551166854915
101.72904235292795 -98.70185421197256 78.08296521069698
101.5712107419208 -98.78044879380975 78.07052040661509
101.43144012317582 -98.85452812758139 78.0935286614182
101.31354197924219 -98.92213978657765 78.15179487179488
101.21036716734942 -98.97121802457897 78.21538461538462
101.1173934714566 -99.00404136954432 78.27897435897435
101.031276263367 -99.02542608607696 78.3425641025641
100.94867091488393 -99.04018843878016 78.40615384615384
100.8662327978107 -99.05314469225712 78.46974358974359
100.7806172839506 -99.06911111111111 78.53333333333333
100.68847974510696 -99.09290395994539 78.59692307692308
100.58647555308305 -99.12933950336317 78.66051282051282
100.47126007968217 -99.18323400596775 78.72410256410257
100.34278106508876 -99.25627127901684 78.78769230769231
100.20744904667983 -99.34284488949577 78.85128205128206
100.06559500328731 -99.44206119455825 78.9148717948718
99.91721893491123 -99.55331816112881 78.97846153846153
99.7623208415516 -99.67601375613211 79.04205128205128
99.60090072320841 -99.80954594649269 79.10564102564102
99.43295857988166 -99.95331269913518 79.16923076923077
99.25849441157133 -100.10671198098417 79.23282051282051
99.07750821827746 -100.26914175896424 79.29641025641025
98.89 -100.44 79.36
98.99063082913686 -100.4578164437355 79.32857950442317
99.07357648568504 -100.47984527936512 79.29527963400125
99.13704302092876 -100.50561666317765 79.25822101388918
99.17923648615228 -100.53466075146176 79.21552426924185
99.19836293263982 -100.56650770050621 79.16531002521421
99.19262841167567 -100.60068766659973 79.10569890696118
99.16023897454401 -100.63673080603104 79.03481153963764
99.09940067252914 -100.67416727508889 78.95076854839856
99.00831955691523 -100.712527230062 78.85169055839881
98.8851899591199 -100.75134361418085 78.73570934256055
98.72005163519914 -100.79273027142874 78.6112802768166
98.51303388781048 -100.83879916428204 78.48685121107266
98.27549839215375 -100.88955029274075 78.36242214532872
98.01880682342875 -100.94498365680488 78.23799307958477
97.75432085683526 -101.00509925647442 78.11356401384083
97.49340216757311 -101.06989709174938 77.98913494809689
97.2474124308421 -101.13937716262977 77.86470588235294
97.02771332184206 -101.21353946911556 77.740276816609
96.84566651577276 -101.29238401120678 77.61584775086506
96.71249434961739 -101.37599940594681 77.4914186851211
96.60444407661767 -101.48379939359263 77.36698961937716
96.49824509585038 -101.62469906062206 77.24256055363323
96.39446121976907 -101.79024122023226 77.11813148788927
96.29365626082726 -101.97196868562034 76.99370242214533
96.19639403147848 -102.16142426998346 76.8692733564014
96.10323834417625 -102.35015078651874 76.74484429065744
96.0147530113741 -102.52969104842332 76.6204152249135
95.93150184552555 -102.69158786889433 76.49598615916955
95.85404865908411 -102.82738406112895 76.37155709342561
95.78291717877637 -102.92881946868802 76.24712802768167
95.71423060930454 -103.01103694112692 76.12269896193772
95.64554187963171 -103.08794679977922 75.99826989619378
95.57741480221145 -103.15983095087165 75.87384083044984
95.51041318949727 -103.22697130063099 75.74941176470587
95.44510085394266 -103.28964975528397 75.62498269896193
95.3820416080012 -103.3481482210574 75.50055363321799
95.32179926412638 -103.402748604178 75.37612456747404
95.26493763477175 -103.45373281087255 75.2516955017301
95.21202053239082 -103.50138274736781 75.12726643598616
95.16361127626398 -103.54597926162326 75.0028373702422
95.11999823395637 -103.5877016066531 74.87840830449827
95.08073799660603 -103.6266531339037 74.75397923875433
95.04526675175947 -103.66295913503139 74.62955017301037
95.01302068696313 -103.69674490169245 74.50512110726643
94.9834359897635 -103.72813572554331 74.3806920415225
94.95594884770706 -103.75725689824026 74.25626297577854
94.92999544834029 -103.78423371143963 74.13183391003462
94.90501197920968 -103.80919145679776 74.00740484429066
94.88043462786165 -103.83225542597101 73.88297577854671
94.85549178129745 -103.8528129917861 73.75854671280277
94.82214125788722 -103.84192346834926 73.63411764705883
94.78085847651022 -103.7936984714575 73.50968858131488
94.73765743667062 -103.72066716674463 73.38525951557094
94.69855213787271 -103.63535871984456 73.26083044982698
94.66955657962076 -103.55030229639115 73.13640138408306
94.65668476141902 -103.47802706201827 73.0119723183391
94.66595068277176 -103.4310621823598 72.88754325259517
94.70336834318319 -103.42193682304959 72.76311418685121
94.77495174215763 -103.46318014972151 72.63868512110727
94.88574394463667 -103.56574394463668 72.51425605536333
95.01017301038061 -103.69017301038063 72.38982698961938
95.13460207612455 -103.81460207612457 72.26539792387544
95.2590311418685 -103.93903114186851 72.1409688581315
95.38346020761244 -104.06346020761247 72.01653979238755
95.50788927335638 -104.1878892733564 71.8921107266436
95.63231833910034 -104.31231833910034 71.76768166089965
95.75674740484429 -104.4367474048443 71.6432525951557
95.88117647058823 -104.56117647058824 71.51882352941178
96.00560553633217 -104.68560553633218 71.39439446366782
96.13003460207612 -104.81003460207613 71.26996539792387
96.25446366782006 -104.93446366782007 71.14553633217993
96.378892733564 -105.05889273356401 71.02110726643598
96.50332179930795 -105.18332179930796 70.89667820069204
96.6277508650519 -105.3077508650519 70.7722491349481
96.75217993079585 -105.43217993079584 70.64782006920416
96.87660899653979 -105.5566089965398 70.52339100346022
97.00103806228373 -105.68103806228373 70.39896193771627
97.12546712802768 -105.80546712802767 70.27453287197233
97.24989619377162 -105.92989619377163 70.15010380622837
97.37891811024667 -106.05796783611473 70.0224280175025
97.59000560661268 -106.25177644890418 69.83791482398249
97.89128457953422 -106.51995646073554 69.59477377609983
98.25698074542163 -106.84446587309598 69.31555737199551
98.66131982068522 -107.2072626874728 69.02281810981047
99.07852752173534 -107.59030490535315 68.73910848768574
99.48282956498228 -107.97555052822428 68.48698100376225
99.8484516668364 -108.34495755757342 68.28898815618093
100.14961954370797 -108.68048399488782 68.16768244308282
100.36055891200736 -108.96408784165465 68.14561636260885
100.46154351429207 -109.18152997263311 68.23861591695501
100.52410132370397 -109.37545672606882 68.36304498269895
100.57686500634821 -109.56044888828697 68.48747404844289
100.62071323098354 -109.73349945953547 68.61190311418684
100.65652466636865 -109.89160144006216 68.7363321799308
100.68517798126233 -110.03174783011495 68.86076124567472
100.70755184442328 -110.1509316299417 68.98519031141868
100.72452492461026 -110.24614583979026 69.10961937716262
100.736975890582 -110.3143834599085 69.23404844290657
100.74578341109726 -110.3526374905443 69.35847750865052
100.75145934406989 -110.36 69.48290657439446
100.75080823647305 -110.36 69.6073356401384
100.74463094202765 -110.36 69.73176470588236
100.73514854009606 -110.36 69.8561937716263
100.72458211004069 -110.36 69.98062283737025
100.71515273122387 -110.36 70.10505190311419
100.70908148300798 -110.36 70.22948096885813
100.70858944475538 -110.36 70.3539100346021
100.71589769582845 -110.36 70.47833910034602
100.73322731558955 -110.36 70.60276816608997
100.76296844074619 -110.36 70.72719723183391
100.80737298565569 -110.36 70.85162629757787
100.86410507744172 -110.36 70.9760553633218
100.93003242469585 -110.36 71.10048442906574
101.00202273600958 -110.36 71.2249134948097
101.07694371997445 -110.36 71.34934256055364
101.15166308518201 -110.36 71.47377162629758
101.22304854022374 -110.36 71.59820069204152
101.28796779369124 -110.36 71.72262975778547
101.343288554176 -110.36 71.84705882352941
101.38668563888933 -110.36 71.97148788927336
101.4234359958398 -110.36 72.0959169550173
101.4560135645806 -110.36 72.22034602076126
101.4855146471047 -110.36 72.3447750865052
101.51303554540505 -110.36 72.46920415224913
101.53967256147462 -110.36 72.59363321799307
101.56652199730637 -110.36 72.71806228373701
101.59468015489325 -110.36 72.84249134948097
101.62524333622828 -110.36 72.96692041522492
101.65930784330436 -110.36 73.09134948096886
101.69924911162346 -110.36305168842811 73.2157785467128
101.75381597438417 -110.38988212938925 73.34020761245674
101.82098760981273 -110.43976191471478 73.46463667820069
101.89653542450776 -110.50705291986942 73.58906574394463
101.97623082506776 -110.58611702031799 73.71349480968858
102.05584521809135 -110.67131609152521 73.83792387543254
102.13115001017708 -110.75701200895583 73.96235294117646
102.19791660792352 -110.83756664807463 74.08678200692042
102.25191641792924 -110.90734188434635 74.21121107266437
102.2889208467928 -110.96069959323576 74.33564013840831
102.30503294718702 -110.99390524133653 74.46006920415225
102.30108462123918 -111.016016346689 74.5844982698962
102.2808591809722 -111.02996429259301 74.70892733564014
102.24811537607619 -111.03679317618476 74.83335640138408
102.20661195624132 -111.0375470946004 74.95778546712803
102.16010767115776 -111.03327014497609 75.08221453287197
102.11236127051568 -111.02500642444795 75.20664359861593
102.06713150400523 -111.01380003015217 75.33107266435985
102.02817712131656 -111.0006950592249 75.4555017301038
101.99925687213985 -110.98673560880229 75.57993079584774
101.9833622944796 -110.964775763182 75.7043598615917
101.97760889715116 -110.895727629038 75.82878892733564
101.97921638463261 -110.78795189192417 75.95321799307959
101.9858355383676 -110.6575276477373 76.07764705882353
101.99511713979977 -110.52053399237421 76.20207612456748
102.00471197037282 -110.3930500217317 76.32650519031141
102.01227081153036 -110.29115483170655 76.45093425605535
102.01544444471604 -110.23092751819559 76.5753633217993
102.01188365137351 -110.22844717709559 76.69979238754325
101.9992392129464 -110.29979290430339 76.8242214532872
101.97162421576091 -110.44581314878893 76.94865051903113
101.91308984595756 -110.60134948096885 77.07307958477507
101.82803360872836 -110.75688581314878 77.19750865051903
101.72350315974238 -110.91242214532872 77.32193771626297
101.60654615466868 -111.06795847750865 77.44636678200693
101.48421024917629 -111.22349480968857 77.57079584775087
101.36354309893429 -111.37903114186851 77.6952249134948
101.25159235961169 -111.53456747404844 77.81965397923877
101.15540568687759 -111.69010380622836 77.9440830449827
101.082030736401 -111.8456401384083 78.06851211072664
101.03690616731122 -112.00117647058823 78.1929411764706
101.0151017318687 -112.15671280276817 78.31737024221454
101.01122426423721 -112.31224913494809 78.44179930795848
101.02034040544845 -112.46778546712802 78.56622837370243
101.03751679653406 -112.62332179930794 78.69065743944637
101.05782007852572 -112.77885813148788 78.81508650519031
101.07631689245507 -112.93439446366781 78.93951557093426
101.0880738793538 -113.08993079584775 79.06394463667819
101.08815768025354 -113.24546712802767 79.18837370242214
101.071634936186 -113.4010034602076 79.3128027681661
101.03149290301948 -113.5476159130074 79.43723183391003
100.96032466966447 -113.6551126212065 79.56166089965399
100.86460536651984 -113.72880835620664 79.68608996539793
100.75188605323096 -113.77756302799175 79.81051903114187
100.62971778944328 -113.81023654654582 79.93494809688582
100.50565163480218 -113.83568882185276 80.05937716262974
100.38723864895306 -113.86277976389657 80.1838062283737
100.2820298915414 -113.90036928266116 80.30823529411764
100.19757642221255 -113.95731728813048 80.4326643598616
100.14142930061196 -114.04248369028853 80.55709342560553
100.12125349047606 -114.15980255779671 80.68277430341058
100.13818243717728 -114.29671459589356 80.81308284028106
100.18519502477433 -114.4504997673958 80.94652366855998
100.25494332154211 -114.61959599451006 81.08121741340231
100.3400793957555 -114.80244119944307 81.21528469996295
100.43325531568931 -114.99747330440151 81.34684615339681
100.52712314961848 -115.20313023159204 81.47402239885879
100.61433496581786 -115.41784990322138 81.59493406150389
100.68754283256233 -115.64007024149619 81.70770176648692
100.73939881812673 -115.86822916862317 81.81044613896287
100.75082003548732 -116.10507158378022 81.90149329288298
100.69251033050551 -116.36182516328999 81.98136933093801
100.58221936846554 -116.63750646735123 82.0519349028065
100.44052135819781 -116.93025510470312 82.1150693833335
100.28799050853269 -117.23821068408488 82.17265214736413
100.14520102830048 -117.55951281423576 82.22656256974346
100.03272712633157 -117.89230110389495 82.27868002531655
99.97114301145632 -118.23471516180165 82.3308838889285
99.9810228925051 -118.5848945966951 82.38505353542438
100.0829409783082 -118.94097901731446 82.44306833964927
100.28743942408222 -119.33872614829882 82.50505190311418
100.57047922708547 -119.85949245915269 82.56726643598616
100.91563049275462 -120.47263376398841 82.62948096885813
101.30746256446689 -121.1416066630405 82.6916955017301
101.73054478559958 -121.82986775654354 82.75391003460207
102.16944649952984 -122.500873644732 82.81612456747405
102.60873704963498 -123.11808092784047 82.87833910034601
103.03298577929218 -123.64494620610348 82.94055363321799
103.42676203187871 -124.0449260797556 83.00276816608996
103.77463515077176 -124.2814771490313 83.06498269896194
104.07473305617168 -124.38079584775086 83.12553755019819
104.35460721822875 -124.47411764705883 83.1814614288622
104.62093789472219 -124.56743944636679 83.23444743420517
104.8792360344458 -124.66076124567473 83.28637494107214
105.13501258619344 -124.75408304498269 83.33912332430826
105.39377849875898 -124.84740484429066 83.39457195875856
105.66104472093623 -124.94072664359862 83.45460021926814
105.94232220151908 -125.03404844290657 83.52108748068208
106.2431218893013 -125.12737024221452 83.59591311784546
106.56895473307684 -125.22069204152248 83.68095650560336
106.9301998444831 -125.31401384083044 83.77778449602775
107.3342991161561 -125.4073356401384 83.88560236119883
107.77162690777067 -125.50065743944636 84.00253627446907
108.23211513979959 -125.59397923875433 84.12670686099335
108.70569573271561 -125.68730103806229 84.25623474592656
109.18230060699155 -125.78062283737025 84.3892405544237
109.65186168310014 -125.8739446366782 84.52384491163961
110.10431088151421 -125.96726643598616 84.65816844272926
110.52958012270653 -126.06058823529412 84.79033177284755
110.91760132714985 -126.15391003460208 84.91845552714939
111.26794759737403 -126.24117320223921 85.0429757785467
111.59686501155109 -126.31309970071966 85.16740484429066
111.90939730136039 -126.37316669586734 85.2918339100346
112.21024290391465 -126.42513293737245 85.41626297577855
112.50410025632655 -126.4727571749251 85.54069204152249
112.79566779570884 -126.51979815821552 85.66512110726644
113.08964395917418 -126.57001463693382 85.78955017301038
113.39072718383528 -126.62716536077016 85.91397923875434
113.70361590680487 -126.69500907941475 86.03840830449828
114.0330085651956 -126.77730454255772 86.16283737024222
114.39233686996398 -126.88013371585657 86.28726643598617
114.79161389202035 -127.00755641577423 86.41169550173011
115.2198376070929 -127.15723535769962 86.53612456747405
115.66573176611115 -127.32675420254625 86.660553633218
116.11802012000463 -127.51369661122757 86.78498269896194
116.56542641970282 -127.71564624465702 86.90941176470588
116.99667441613528 -127.93018676374813 87.03384083044983
117.40048786023151 -128.1549018294143 87.15826989619376
117.76559050292097 -128.38737510256908 87.28269896193771
118.08070609513327 -128.62519024412583 87.40712802768167
118.34731383769426 -128.87359083279205 87.5315570934256
118.58151247294208 -129.14033111856222 87.65598615916956
118.78645334623383 -129.4212207206948 87.7804152249135
118.96514345732166 -129.71196392525812 87.90484429065744
119.12058980595766 -130.00826501832063 88.02927335640139
119.25579939189402 -130.30582828595064 88.15370242214532
119.37377921488282 -130.60035801421662 88.27813148788927
119.47753627467621 -130.88755848918694 88.40256055363321
119.57007757102632 -131.16313399693 88.52698961937716
119.65441010368525 -131.42278882351408 88.6514186851211
119.7351493642131 -131.65647194131273 88.77584775086505
119.81482666377877 -131.85973716905792 88.900276816609
119.8923264807653 -132.04006106248727 89.02470588235293
119.96652119026568 -132.20496112098118 89.1491349480969
120.03628316737282 -132.36195484391988 89.27356401384084
120.10048478717968 -132.51855973068373 89.39799307958477
120.15799842477924 -132.68229328065308 89.52242214532873
120.20769645526441 -132.86067299320823 89.64685121107267
120.24845125372816 -133.06121636772951 89.77128027681661
120.27913519526345 -133.29144090359722 89.89570934256055
120.30222533942835 -133.5545445202042 90.0201384083045
120.32120233251328 -133.84705211945743 90.14456747404844
120.33569474838167 -134.16708067908579 90.26899653979238
120.3453267120645 -134.51275082424416 90.39342560553634
120.34972234859276 -134.88218318008745 90.51785467128028
120.34850578299746 -135.2734983717706 90.64228373702423
120.34130114030954 -135.68481702444848 90.76671280276818
120.32773254556 -136.11425976327607 90.89114186851211
120.30742412377984 -136.5599472134083 91.01557093425605
120.28 -137.02 91.14