#spline3d 5 121 5 121
0.40222168253899743 0.64647274706121816 -0.15853575841248307
0.20182340704181553 0.32315035513410922 -0.078391485441870551
0.0001656215363932141 -2.3211914805239798e-005 0.00019638489378468008
-0.20219132851839716 -0.32309237740317753 0.077970421995053302
-0.40358250117451799 -0.64638262835646787 0.15667387366590288
-0.60649807197674865 -0.96927710420140667 0.23402737124205947
-0.80681162278971597 -1.2928686736848338 0.31362257458664022
-1.0116264416840204 -1.6152503595430974 0.38937767530678158
-1.2090240596214832 -1.9395853939917447 0.4714508808242478
-1.4169148315348881 -2.2613540777139103 0.5445762409400281
-1.61808546263955 -2.5837319041446287 0.62341484183670415
-1.7615667259735466 -2.9280211195099199 0.75176989441054443
-1.949633711911408 -3.2510510836592075 0.84108677268190879
-2.08876227135258 -3.6031021089505719 0.97419410345118351
-2.306199645734254 -3.9041222435520484 1.0364208145672478
-2.3700445544161748 -4.3053866420922846 1.2372480973180013
-2.7571553139590526 -4.5064247935110409 1.1533590737508457
-2.9851058251160514 -4.7323244458806171 1.0688286409921151
-3.5257127635721077 -4.8771178368598456 1.0182411934896709
-3.2861515561750201 -5.3033771068628965 0.92511710101885436
-3.1772985098997233 -5.6456386356948434 0.85005770026833882
-3.0603802550170625 -6.0156867101819707 0.78190690875396074
-2.9451466612093427 -6.3676807073132844 0.67597734902854822
-2.7979919592404725 -6.7474194298622336 0.66320887289520436
-2.743546979620052 -7.0737604029892092 0.44399153947185949
-2.6987693512549096 -7.3914950354820084 0.22301354911978491
-2.6365548469352857 -7.7176423705559349 0.025919684716198092
-2.5933352906908129 -8.0468558872679932 -0.19168995439027209
-2.5103141648348695 -8.3435818194774516 -0.39377362185561793
-2.5572343331199527 -8.7620909057589635 -0.60772093587589093
-2.1284759450033883 -8.7605904140518884 -0.82433669680388866
-1.8639831341168152 -8.8981195101448449 -1.0384186064965941
-1.5402090861632911 -8.9889196362879265 -1.2533411074564127
-1.2392212938726093 -9.0937064681463706 -1.4700956531471203
-0.92861590979121023 -9.2026524433815684 -1.6785149746953119
-0.62323537996697775 -9.2783080715305175 -1.9149860418938203
-0.3109506703290843 -9.474690530293655 -2.0578656843875409
-0.0022953633675588344 -9.634969866493277 -2.2277824679385865
0.30814735056420717 -9.8069341320436454 -2.3893379876466767
0.61768934710538559 -9.974858397232941 -2.5535474301844463
0.92777057884110159 -10.144308901467813 -2.7168702917130849
1.2373573533361195 -10.313156365081086 -2.8805267039570839
1.5477515074868855 -10.482019433848091 -3.0440262907460598
1.8561891432005844 -10.652006560698487 -3.2077153752841783
2.1701059308621953 -10.817495887788434 -3.3707131333077314
2.4676909241381 -10.998324168149788 -3.5365135995958545
2.8158998320866808 -11.128045326412057 -3.6918965640531165
2.999948190110632 -11.431404595612687 -3.885095432510091
3.2296707000106584 -11.681567091907933 -4.0663356987291976
3.4464531393511901 -11.949414908504448 -4.2504480845909827
3.6657272356939239 -12.210852372598719 -4.4363756796775524
3.8872240690952626 -12.475445753859393 -4.6153999498731624
4.100904968585831 -12.736546111369348 -4.8113678530185711
4.3356063234725513 -13.005677855604592 -4.9655454814494915
4.5125195208635223 -13.251530834282894 -5.2293254683322505
4.6890667038679084 -13.487753220391605 -5.4489472149957683
4.8996131179017466 -13.755115366827232 -5.7228508909275444
5.0142032559539542 -13.958804655252704 -5.8681033784086143
5.3942824856444256 -14.288494836638606 -6.3643089047310326
5.0192111692333832 -14.403055313191444 -5.8681818086751365
4.8260753621226309 -14.561912154244757 -5.6441131727046239
4.6240072308291804 -14.681780913696597 -5.330679803105915
4.3486590491048762 -14.898313201219038 -5.0889989033943266
4.2427380817591152 -14.887136118418841 -4.7039376626617564
4.1218262226055922 -14.871233200614165 -4.3345436404800424
4.0099852287389108 -14.88681384852311 -3.9602445733450167
3.8619308791125708 -14.874281732997844 -3.6059186497832787
3.7999116190607563 -14.886250947588691 -3.2023013337563877
3.5755127051970819 -14.870538075643349 -2.8915317222231574
3.3149767615279999 -14.897050844199322 -2.5853310135284189
3.0848528139831566 -14.846145162058164 -2.2962042258688586
2.8590166805904738 -14.94976421830825 -1.9352434735398067
2.5771357435390194 -14.743725855141459 -1.7419136502362202
2.2926037888441786 -14.540029948194279 -1.5617419375870403
2.016224880313028 -14.371016827446827 -1.3527950485308464
1.7357909592100302 -14.171477728343385 -1.1670073710003848
1.4530884785006446 -13.994394180922663 -0.96415809615425274
1.1818990095517983 -13.802128080461321 -0.77262852654711678
0.88138141682298188 -13.609090222824435 -0.58626815707665392
0.65546169599841708 -13.491791652638923 -0.31144363662427621
0.33784238469790873 -13.371954948156038 -0.052990633095504058
0.16296507000379007 -13.206612708465336 0.1802751128522305
-0.23082910641497026 -13.130850826527144 0.47057930488072358
-0.38357516395910707 -12.95188629615701 0.7026211948137403
0.024628312738598807 -12.488566900142679 0.70569480882024893
0.013212282515499604 -12.271011683884785 0.91782732509775566
0.36155329132798097 -11.789180433582294 0.87038503867203332
0.27485372878059816 -11.675772336747885 1.2727250245318238
0.20425140152866567 -11.609168840542893 1.6621663111612346
0.16626777602411075 -11.463065823405181 2.0096391017866093
0.10000366618412146 -11.378797640815513 2.3973595083763231
0.060422308976206561 -11.274093474612052 2.7445860658347949
-0.041600676906554099 -11.051628156913551 3.1625825483428911
0.10063737782518309 -11.521086765666483 3.3827400847309157
0.12653418806524774 -11.716289046678337 3.6708348099529076
0.23708531649372094 -12.027237390578662 3.9154324556873963
0.2458093182966081 -12.283584834952268 4.2150552544631275
0.40402981565207868 -12.57279213338578 4.4318686299389594
0.62292963296415749 -12.847737455625982 4.6047907962099179
0.78872034932607571 -13.130901404046066 4.816268458803477
0.98620586310627789 -13.407395232441473 4.9991180439909133
1.1689657413351582 -13.690786021077331 5.2121112087331873
1.3530246476031174 -13.968923488146405 5.3660766012436358
1.5491549078857494 -14.23645967289594 5.6852764337066173
1.720678555906431 -14.602255512352189 5.4731727704373823
1.8769095585159299 -14.921277453152223 5.3852976046742222
2.0595612198947482 -15.264286789192401 5.2849200017044833
2.2033618459709721 -15.59198825745097 5.1546030721868243
2.4055754919428685 -15.932575585071001 5.0844909381542838
2.5355629895749487 -16.263262049716349 4.931956768589659
2.5368445925571685 -16.574170351774093 4.6679489881648797
2.6196938835699157 -16.885885275766796 4.465970302789243
2.6528632109993051 -17.216536220132156 4.2453109729269531
2.721830243971457 -17.50211952289423 4.0051319994079657
2.7553992723927041 -17.872572279511555 3.829544602924587
2.8332732078562071 -18.109928656674246 3.532981628925782
2.9301399904308401 -18.23024602674635 3.157772562518951
3.0098182278599195 -18.441557121736075 2.8486069431934937
3.1029904563077446 -18.585558772178132 2.4889450496149026
3.183847906972165 -18.789104860881451 2.1749724347001358
3.2402127670720802 -19.109167454860653 1.9502924297268009
