#spline3d 5 121 5 121
-0.85756098404066883 0.90529601115181946 -0.26728543306385699
-0.055514568745629003 0.40803948609011659 -0.35559916153632537
0.069695254237519697 -0.0081739388873603453 -0.041616835808746901
-0.079836483552478313 -0.39275999706304188 0.4369597337635337
0.073496200849255566 -0.82034970510540972 0.74129149429242702
0.42834098581514385 -1.2641097513244797 0.91997958871391039
0.66175250933204144 -1.6949750839943536 1.1704010884464133
0.94868602483014164 -2.1337862102761074 1.3884247189010566
1.2146203865076493 -2.5602360450305657 1.6318449296467998
1.4937885125336809 -3.0235084452550698 1.8146493347536707
1.7501835313271099 -3.3873348760729174 2.1635948364650384
2.0409256921119447 -3.7203750966541782 2.5083731370636255
2.2639195714869369 -4.0985366366283804 2.8662822192416666
2.5650073979000174 -4.4442565482886964 3.209431595379554
3.0944387024969133 -4.6885469571208134 3.3069204324368511
3.5087142344342594 -4.963806404074564 3.4800386031133894
4.051450198755421 -5.2807130209945887 3.8544758134112471
4.2689964560260814 -5.4102232985394583 3.2572682665717285
4.5161551439596579 -5.4709424548766794 2.718449409057857
4.7613854821615229 -5.6857257784388837 2.3031614677641956
4.9691206822669107 -6.0076146697624351 1.8459240034839202
5.1603606233092618 -6.2884845130740681 1.4387815144186475
5.4017219998945816 -6.5616694497698251 0.9777461049350441
5.6726454485986553 -6.8128031016861019 0.49925972149178877
5.3380247289498071 -7.4067095982758442 0.48121162987790639
5.1752870927123116 -7.9048055090997282 0.34018042364901713
4.9828166540014553 -8.4127472784212269 0.20409507078370173
4.7884319375032742 -8.9358705547961339 0.10116914758834386
4.5969873447124936 -9.4430534080061967 -0.036390167957165778
4.3759745059307225 -9.9097455859347807 -0.27036904038633947
4.164285232369787 -10.387508482222966 -0.46895369387251706
3.9591053966439453 -10.877059350608501 -0.6677930552529876
3.7260134139692762 -11.323001673132101 -0.89654264045732046
3.5566851179607752 -11.865322100357851 -1.0536168105957242
3.2867326427301538 -12.262055530410185 -1.3233779501089413
2.8941544108163022 -12.440675882674272 -1.741054045460396
2.581119605017931 -12.716234873921632 -2.0864231477508253
2.1897941507531882 -13.03992984988545 -2.4081431561428541
1.9591189545930945 -13.054560756402513 -2.933309092828607
1.664619747033498 -12.966394239637356 -3.4093374052955752
1.4600695844143967 -13.070101372025787 -3.9819380037124388
1.4372733529665778 -13.320198555474182 -4.368230084722561
1.3029578418580461 -13.465340458364629 -5.1114989522337497
1.2083236187784181 -13.712791949941114 -5.5344741776238271
1.2560122463281795 -13.90732330408326 -4.5658794828367917
1.2320651091257315 -14.083497348461217 -4.189893020768312
1.2237431783089021 -14.297528908096481 -3.6173910113677263
1.3914858977240478 -14.493541907914523 -3.1481238530769229
1.5071477334119927 -14.935491468047898 -2.6639704533917201
1.6350998109145789 -14.792001867349549 -2.1636671656963098
1.745001180104008 -14.433842651917395 -1.6742240637426777
1.8503726757936247 -14.281755076220609 -1.151542457593703
2.0962178646530223 -13.971275116167064 -0.75395114946045971
2.3704861620692954 -13.844205937121165 -0.21344087429796721
2.5524005314535607 -13.479771135839339 0.14081563685057708
2.5916107912686224 -12.86013397312878 0.21729950225871009
2.6996983394014156 -12.409238283096261 0.43098120446676774
2.7609618843117563 -11.637378293943907 0.50207871669296533
2.9578214168854093 -11.939438278558251 1.0922689792436444
3.1057957751374139 -12.108774658334619 1.6122120224907941
3.2968502127799013 -12.291641438398342 2.0948274709107961
3.4577943596396645 -12.46075250246505 2.6395262531927526
3.394264698036292 -12.065330413483283 3.1222094384002692
3.413191695993715 -11.687344648202204 3.6327638166242329
3.4113171399872058 -11.986249123000578 4.147678489879115
3.4055844947987071 -12.238115354732606 4.6668904827577009
3.4198568445108308 -12.471327413022772 5.1647936267937613
3.3916013863043455 -12.961808989166228 5.4969972319721094
3.4319586151752537 -13.326651422251855 5.9229504559479516
3.4293852217203606 -13.748416599700366 6.3055405781349556
3.0561190717616635 -14.184324693223392 6.5349240571922254
3.0916864230004215 -14.650387950198748 6.8666063628468521
3.1131473606786884 -15.11836665037209 7.182534518272373
3.0906106683510202 -15.581858874905837 7.4933325686777765
3.1076413889521426 -16.046763476793981 7.8140849984987923
3.0910258467796856 -16.514325530882179 8.1209635956811237
3.1084419844425017 -16.975785396701557 8.4460819908160367
3.1133486003382642 -17.44013457530113 8.7645471095168581
2.9440532811722364 -17.944186887729757 8.9753707931958591
2.8328384450172455 -18.434990399878743 9.2207639657195557
2.7084520662051408 -18.928221404062782 9.4602047737836017
2.5834083177134208 -19.422317473986098 9.696585580086051
2.4624193265720611 -19.917166305205619 9.9347760402562031
2.3364957405396694 -20.39772162136698 10.194608795773163
2.2258931072282073 -20.890136885761162 10.44852792939443
2.0856390843554173 -21.366680647948748 10.702879297738583
1.979665376522981 -21.856632793388396 10.956415153290365
1.9074377410234025 -22.382629709842057 11.218986799840737
1.403644470139106 -22.631419500878561 11.445613186799438
0.99708340507783955 -22.931247555520262 11.674732150502932
0.587247340805375 -23.236295574953282 11.907010964627244
0.16008548856086555 -23.523159231873208 12.136032269827858
-0.237456271712843 -23.847603819065505 12.369611564977612
-0.70478001344746188 -24.072104947235218 12.591787729539414
-1.169260842335061 -24.289824062480392 12.815617944261872
-1.6279658699725241 -24.548166191684562 13.034339596480448
-2.0894040612120643 -24.716797931317529 13.271218212493656
-2.5510247874832079 -25.074021638406784 13.463057361276988
-3.0178695971523863 -25.124184340368657 13.736179408059837
-3.452315753208028 -24.840501725596599 14.074798566204464
-3.9025982754953441 -24.769038214706192 14.371166210976606
-4.3393624274485223 -24.567175103928886 14.687972752523155
-4.7911447812785806 -24.451004448758763 14.995886794909602
-5.2715761852969152 -24.504769373732117 15.302542837027648
-5.7450635019747329 -24.485795794248808 15.598127639838596
-6.2083301967717865 -24.49053527773939 15.920578734622524
-6.6906785417563359 -24.490334668329524 16.206926444948625
-7.213956115878136 -24.489345971332256 16.418651572737236
-7.7180319941780144 -24.490712696213379 16.6655963090355
-8.2288164896594242 -24.48985637003203 16.90024610502007
-8.7362213159630535 -24.486339477961128 17.139778987880653
-9.2541124726834756 -24.506416627694893 17.366771659621225
-9.7328865734976144 -24.43576181818894 17.642608485988589
-10.240614812755178 -24.335196869823044 17.907588135421559
-10.675436178656399 -24.338754860648976 18.196114223525694
-11.27148269983622 -24.121764783722583 18.41793833426927
-11.625907778118654 -24.257568643585913 18.770544638046577
-11.610467881268587 -24.792121753018268 19.215469716014027
-11.792346576691884 -25.089842192408256 19.591068753752186
-11.93651340032287 -25.455549997146314 19.999308940551714
-12.005075382234281 -25.960646002248268 20.475439571157722
