#fname degree numKnot L1 L2 L3 L4 MSE traceH AIC AIC0 GCV GCV2 cv_avr cv_stdev cv_error ts_avr ts_stdev ts_error sigma0 sigma_opt
BH_0039_ICA_R_d5_cp120_lmd1d0.000_lmd2d0.000_lmd3d0.000_lmd4d0.000 5 120 0 0 0 0 0.000512958206502287 120 237.047879163234 3499.12865534701 0.0792700323555693 0.0297262621333385 0.496314163745038 0.759722850530711 0.898110187023528 -0.410023515350678 5.46037373569296 5.48955235563349 1 0.000839081904727812 
BH_0039_ICA_R_d5_cp121_lmd1d0.000_lmd2d0.000_lmd3d0.000_lmd4d0.000 5 121 0 0 0 0 0.000512143085264829 121 239.131916779985 3505.1282445259 0.0808922807552855 0.0297801869099097 0.49326379115819 0.768503414596847 0.907167043257083 -0.303978731325129 5.27214363453512 5.29210400705726 1 0.00082436540630446 
BH_0039_ICA_R_d5_cp120_lmd1d0.000_lmd2d0.000_lmd3d0.000_lmd4d0.000 5 120 0 0 0 0.0001 0.000520890644553902 114.813379168784 210.692824651473 3468.01292830849 0.0720908525859889 0.0295560173705429 0.469872082976903 0.71959867403779 0.879360596610157 -0.42080544842302 4.69305631720365 4.72827521201868 1 0.000839081904727812 
BH_0039_ICA_R_d5_cp121_lmd1d0.000_lmd2d0.000_lmd3d0.000_lmd4d0.000 5 121 0 0 0 0.0001 0.000519004940787211 115.766992241949 211.929067115042 3473.73365635278 0.0732740156813239 0.0295749368528547 0.468581813796267 0.731190565592667 0.889605743943229 -0.0717094369320719 6.51804274416498 6.52199199549692 1 0.00082436540630446 
BH_0039_ICA_R_d5_cp120_lmd1d0.000_lmd2d0.000_lmd3d0.000_lmd4d0.000 5 120 0 0 0 0.0002 0.000528693388622724 112.266158385114 200.096268891237 3452.73353618948 0.0693094164638995 0.0295829435391236 0.461091619623941 0.711428115466252 0.877801555240999 -0.4536416059945 5.9736317485138 6.00458095893051 1 0.000839081904727812 
BH_0039_ICA_R_d5_cp121_lmd1d0.000_lmd2d0.000_lmd3d0.000_lmd4d0.000 5 121 0 0 0 0.0002 0.000526533640166731 113.187351147905 201.054112009176 3458.259604253 0.0703301515640108 0.0295920455444503 0.460303821687037 0.720608761449096 0.885716315806801 -0.277014017459735 5.54501489332019 5.56183594593647 1 0.00082436540630446 
BH_0039_ICA_R_d5_cp120_lmd1d0.000_lmd2d0.000_lmd3d0.000_lmd4d0.001 5 120 0 0 0 0.0005 0.000558006242867402 106.945068975566 185.776688865821 3420.82177341073 0.0649992081149081 0.0299846836647468 0.44547451521098 0.695526577926496 0.874338305302602 -0.424290632097005 6.19105102516987 6.21811458220784 1 0.000839081904727812 
BH_0039_ICA_R_d5_cp121_lmd1d0.000_lmd2d0.000_lmd3d0.000_lmd4d0.001 5 121 0 0 0 0.0005 0.00055489539175671 107.804711447459 186.098063530854 3425.97806037313 0.065743427213613 0.029965862941085 0.44585294567387 0.700396420261034 0.877988917616707 -0.138856461866138 4.18736194828655 4.19767588939309 1 0.00082436540630446 
BH_0039_ICA_R_d5_cp120_lmd1d0.000_lmd2d0.000_lmd3d0.000_lmd4d0.001 5 120 0 0 0 0.001 0.000604968008267649 101.567733524936 181.720565795177 3388.58142943671 0.0622008639133302 0.0308037752737622 0.4333313447795 0.680597335248354 0.870021754513155 -0.164478038274365 5.85993711333799 5.86865161579884 1 0.000839081904727812 
BH_0039_ICA_R_d5_cp121_lmd1d0.000_lmd2d0.000_lmd3d0.000_lmd4d0.001 5 121 0 0 0 0.001 0.00060019071670649 102.371617304979 181.192125756277 3393.40232436203 0.0627136700457967 0.0307433208058412 0.434747450053743 0.682299734954266 0.870474064932271 -0.0277749532568963 4.69505339220246 4.69861837583272 1 0.00082436540630446 
BH_0039_ICA_R_d5_cp120_lmd1d0.000_lmd2d0.000_lmd3d0.000_lmd4d0.002 5 120 0 0 0 0.002 0.000680447878867861 95.4760608408961 190.508004576477 3352.06943518726 0.0604262063085686 0.0321818093619573 0.423191897284921 0.664376832379219 0.86383733312544 -0.236119232607713 4.83608320687865 4.85189134277749 1 0.000839081904727812 
BH_0039_ICA_R_d5_cp121_lmd1d0.000_lmd2d0.000_lmd3d0.000_lmd4d0.002 5 121 0 0 0 0.002 0.000672643174977584 96.221767403088 188.588964395421 3356.53974098965 0.0607028233821514 0.0320552277761256 0.424574648833168 0.664355224157331 0.862937595893707 -0.0223629729243762 4.91975070777638 4.92295478738024 1 0.00082436540630446 
BH_0039_ICA_R_d5_cp120_lmd1d0.000_lmd2d0.000_lmd3d0.000_lmd4d0.005 5 120 0 0 0 0.005 0.000839081904727812 87.057951815092 235.283909155345 3301.64073258147 0.0601225330404276 0.0350152328426142 0.412416655539405 0.642560042093519 0.854234145482507 0.291348733502853 3.94381554714786 3.94616411963238 1 0.000839081904727812 
BH_0039_ICA_R_d5_cp121_lmd1d0.000_lmd2d0.000_lmd3d0.000_lmd4d0.005 5 121 0 0 0 0.005 0.00082436540630446 87.7286073130511 230.389845551545 3305.65724845401 0.0600908522004266 0.0347627279602758 0.413509425272836 0.641680990271275 0.852852895378169 0.176238046980716 3.80331657673535 3.8033746345882 1 0.00082436540630446 
BH_0039_ICA_R_d5_cp120_lmd1d0.000_lmd2d0.000_lmd3d0.000_lmd4d0.010 5 120 0 0 0 0.01 0.00102933293287505 80.7774519561479 311.876426665708 3264.05361994599 0.0617957270288073 0.0382067127183147 0.404493695951623 0.625835698161155 0.847044859676563 0.27082850716046 2.65300247497172 2.65552005137685 1 0.000839081904727812 
BH_0039_ICA_R_d5_cp121_lmd1d0.000_lmd2d0.000_lmd3d0.000_lmd4d0.010 5 121 0 0 0 0.01 0.00100670206391376 81.3947053551654 303.86330405168 3267.74573438214 0.0615481945152666 0.0378395603774821 0.405508989784596 0.624935677875921 0.845695715053116 0.344895261363073 3.35488829518386 3.36024567605169 1 0.00082436540630446 
BH_0039_ICA_R_d5_cp120_lmd1d0.000_lmd2d0.000_lmd3d0.000_lmd4d0.020 5 120 0 0 0 0.02 0.00131180240866618 74.7410324784677 445.325036449091 3227.9774676957 0.0652458496026815 0.0425251027658918 0.395971829846417 0.608004790468434 0.839812903774991 0.271360678651694 2.40357274876969 2.40637692323983 1 0.000839081904727812 
BH_0039_ICA_R_d5_cp121_lmd1d0.000_lmd2d0.000_lmd3d0.000_lmd4d0.020 5 121 0 0 0 0.02 0.00127953427704358 75.3081687713337 434.148070215504 3231.36402231456 0.0648326512356308 0.0420543854256549 0.396815472348696 0.607477529352114 0.838849250111284 0.243808594250596 2.4150190546255 2.41664321418796 1 0.00082436540630446 
BH_0039_ICA_R_d5_cp120_lmd1d0.000_lmd2d0.000_lmd3d0.000_lmd4d0.050 5 120 0 0 0 0.05 0.00186991162357842 67.2580940256052 735.659333307587 3183.36112402284 0.0721123517549171 0.049901800084045 0.385127044812376 0.579255530429756 0.826943618299732 0.155192686030038 1.99811496917426 1.99811496940567 1 0.000839081904727812 
BH_0039_ICA_R_d5_cp121_lmd1d0.000_lmd2d0.000_lmd3d0.000_lmd4d0.050 5 121 0 0 0 0.05 0.00182322588942544 67.7639857963962 721.284806000389 3186.37294503758 0.0715658332658478 0.0493320609452033 0.385801765939704 0.579571749360371 0.826683886379019 0.108570688565269 2.07532067296107 2.07584497078939 1 0.00082436540630446 
BH_0039_ICA_R_d5_cp120_lmd1d0.000_lmd2d0.000_lmd3d0.000_lmd4d0.100 5 120 0 0 0 0.1 0.00248189229857622 62.0146700015727 1071.78895939707 3152.20901813885 0.0789687004418807 0.0568086079411919 0.375361388981948 0.550675189362237 0.814348865110624 0.134874744189843 2.35655490397834 2.35664275419318 1 0.000839081904727812 
BH_0039_ICA_R_d5_cp121_lmd1d0.000_lmd2d0.000_lmd3d0.000_lmd4d0.100 5 121 0 0 0 0.1 0.00241918332355996 62.478190212594 1053.92611113301 3154.95853408157 0.0783071540738832 0.0561452170697258 0.376270404448892 0.551907560911904 0.814513961389503 0.0925960680835249 1.96071500593938 1.96171493320472 1 0.00082436540630446 
BH_0039_ICA_R_d5_cp120_lmd1d0.000_lmd2d0.000_lmd3d0.000_lmd4d0.200 5 120 0 0 0 0.2 0.00336795856970958 57.1403114676317 1574.7642732673 3123.40944433585 0.0879465885609481 0.0654549850807019 0.361054120199474 0.51267532795646 0.800080268635766 -0.0174573359350797 2.15669646981328 2.16359843652302 1 0.000839081904727812 
BH_0039_ICA_R_d5_cp121_lmd1d0.000_lmd2d0.000_lmd3d0.000_lmd4d0.200 5 121 0 0 0 0.2 0.00327666126056784 57.5648847629276 1548.69059648486 3125.91087026382 0.0870798889091424 0.0646231259927155 0.362458487218854 0.515199132405239 0.800624332653012 -0.013344414554753 2.27378601580003 2.28002584443857 1 0.00082436540630446 
BH_0039_ICA_R_d5_cp120_lmd1d0.000_lmd2d0.000_lmd3d0.000_lmd4d0.500 5 120 0 0 0 0.5 0.00528801723486633 51.2519814310852 2692.73001041057 3089.04717368381 0.104642039165232 0.0809506628223403 0.334601337807513 0.444518803918375 0.779798657982818 0.056111717291228 2.04268744828587 2.04509048132372 1 0.000839081904727812 
BH_0039_ICA_R_d5_cp121_lmd1d0.000_lmd2d0.000_lmd3d0.000_lmd4d0.500 5 121 0 0 0 0.5 0.00512882095621548 51.6299281273592 2645.45307834331 3091.23461893702 0.103389574591296 0.0797894443564661 0.336414605398188 0.448860986598875 0.78079763917964 0.0624213399418311 2.12549309634503 2.1275180536397 1 0.00082436540630446 
BH_0039_ICA_R_d5_cp120_lmd1d0.000_lmd2d0.000_lmd3d0.000_lmd4d1.000 5 120 0 0 0 1 0.00753940298105297 47.1983034228254 4020.7174245279 3065.85980405033 0.120754889963618 0.0958012788934368 0.314779330328 0.383576726303833 0.763814561876316 -0.0213291317764131 1.38617454689745 1.39737273611829 1 0.000839081904727812 
BH_0039_ICA_R_d5_cp121_lmd1d0.000_lmd2d0.000_lmd3d0.000_lmd4d1.000 5 121 0 0 0 1 0.00731576445039344 47.5443301469632 3957.99161884515 3067.82325057571 0.119292157038865 0.0944412631940132 0.316510012302004 0.388505203865009 0.764810160684055 -0.0201115765172787 1.37945362139011 1.39055188360601 1 0.00082436540630446 
BH_0039_ICA_R_d5_cp120_lmd1d0.000_lmd2d0.000_lmd3d0.000_lmd4d2.000 5 120 0 0 0 2 0.010446392519994 43.4679102825953 5744.43722731224 3044.94256793658 0.13788314349644 0.111854589809059 0.295465673574341 0.326483265901525 0.754161709778599 0.00788085029043264 1.12274492340836 1.13237180309722 1 0.000839081904727812 
BH_0039_ICA_R_d5_cp121_lmd1d0.000_lmd2d0.000_lmd3d0.000_lmd4d2.000 5 121 0 0 0 2 0.0101714393546202 43.7847516804342 5681.33486236919 3046.70503992826 0.136403519707724 0.110448733287467 0.297095306893993 0.33104854496304 0.754684443864289 0.00570625317345946 1.16427789041126 1.17383912544675 1 0.00082436540630446 
BH_0039_ICA_R_d5_cp120_lmd1d0.000_lmd2d0.000_lmd3d0.000_lmd4d5.000 5 120 0 0 0 5 0.0148725313159722 38.9957609760996 8376.19336861462 3020.34044605078 0.158817277341682 0.132180098295352 0.271644897917505 0.265320652145931 0.752010096909238 0.00353114474744357 0.994472285653915 1.00597493758512 1 0.000839081904727812 
BH_0039_ICA_R_d5_cp121_lmd1d0.000_lmd2d0.000_lmd3d0.000_lmd4d5.000 5 121 0 0 0 5 0.0145648454118713 39.2779826357374 8340.33206084825 3021.87870231294 0.157510454237531 0.130885105511522 0.273191493589367 0.268912393799463 0.75184032813843 0.00269132552112349 0.999758804514044 1.01132764633913 1 0.00082436540630446 
BH_0039_ICA_R_d5_cp120_lmd1d0.000_lmd2d0.000_lmd3d0.000_lmd4d10.000 5 120 0 0 0 10 0.0184405470756282 35.9319408064558 10500.9623052809 3003.75580497578 0.172742176220341 0.146220556003735 0.254212538440736 0.229185408265472 0.756628413157431 0.0217495287429576 0.956370099919914 0.965639146479208 1 0.000839081904727812 
BH_0039_ICA_R_d5_cp121_lmd1d0.000_lmd2d0.000_lmd3d0.000_lmd4d10.000 5 121 0 0 0 10 0.0181167051550975 36.1906435936428 10493.3417868623 3005.14480537096 0.171554711737201 0.145011098001105 0.255721239887904 0.232156394425729 0.75609766177549 0.0197531551485954 0.954479402202736 0.964045141131916 1 0.00082436540630446 
BH_0039_ICA_R_d5_cp120_lmd1d0.000_lmd2d0.000_lmd3d0.000_lmd4d20.000 5 120 0 0 0 20 0.0222225476774534 33.1197491760651 12755.7723995059 2988.78878349676 0.18567688438319 0.15955741206383 0.237568654075685 0.200018259772175 0.764361282023944 0.0232974513506766 0.813671490509455 0.824297076435156 1 0.000839081904727812 
BH_0039_ICA_R_d5_cp121_lmd1d0.000_lmd2d0.000_lmd3d0.000_lmd4d20.000 5 121 0 0 0 20 0.0218771274038118 33.3569259691486 12775.3840538955 2990.03775243734 0.184552703390114 0.158392280751082 0.23897628207128 0.202349104939478 0.763617127259055 0.0253027182446698 0.823720339095136 0.833903172814495 1 0.00082436540630446 
BH_0039_ICA_R_d5_cp120_lmd1d0.000_lmd2d0.000_lmd3d0.000_lmd4d50.000 5 120 0 0 0 50 0.027557056536217 29.7548046003382 15939.7901516943 2971.28770850721 0.201732396898389 0.176418453354013 0.218808337326558 0.174160272573758 0.776276106154292 0.000247072857761523 0.829845258396639 0.844192348149462 1 0.000839081904727812 
BH_0039_ICA_R_d5_cp121_lmd1d0.000_lmd2d0.000_lmd3d0.000_lmd4d50.000 5 121 0 0 0 50 0.0271933517676211 29.9662409034158 16005.269828051 2972.37301912231 0.200703680525876 0.175328547529851 0.219894039005168 0.175411725768808 0.775500229538148 0.000771650079987711 0.824368743741552 0.838712748708639 1 0.00082436540630446 
BH_0039_ICA_R_d5_cp120_lmd1d0.000_lmd2d0.000_lmd3d0.000_lmd4d100.000 5 120 0 0 0 100 0.031673413991733 27.452394620729 18398.4925532702 2959.54789278714 0.212732218792487 0.188222563291493 0.208518765842602 0.164415377569885 0.784205930292515 0.00514774789907857 0.68041849885516 0.696772519357887 1 0.000839081904727812 
BH_0039_ICA_R_d5_cp121_lmd1d0.000_lmd2d0.000_lmd3d0.000_lmd4d100.000 5 121 0 0 0 100 0.0313102221315215 27.6462273989948 18508.3193427131 2960.52784075919 0.211801126414772 0.187216448215401 0.209277736251833 0.165042997653353 0.783595795143468 0.00430614293231489 0.696424992774864 0.712589431106963 1 0.00082436540630446 
BH_0039_ICA_R_d5_cp120_lmd1d0.000_lmd2d0.000_lmd3d0.000_lmd4d200.000 5 120 0 0 0 200 0.0358284823010623 25.3405635268641 20881.5903541191 2948.97106065185 0.222906628664185 0.199304964709354 0.20165672755777 0.158856659290445 0.789779939470588 0.0215485731771048 0.514440032170574 0.531523682245286 1 0.000839081904727812 
BH_0039_ICA_R_d5_cp121_lmd1d0.000_lmd2d0.000_lmd3d0.000_lmd4d200.000 5 121 0 0 0 200 0.035455153128278 25.5182649684318 21029.6768557619 2949.84911139817 0.222018809434334 0.198337509220243 0.202155917056496 0.159307348252357 0.789381789951841 0.0194692367495986 0.530010353485032 0.54711980876154 1 0.00082436540630446 
BH_0039_ICA_R_d5_cp120_lmd1d0.000_lmd2d0.000_lmd3d0.000_lmd4d500.000 5 120 0 0 0 500 0.042035736003865 22.8150266621648 24594.8644158759 2936.94629532987 0.237244930175896 0.214747347303014 0.195109274544039 0.151662702368959 0.794790592384435 0.0505746223183846 0.33835959113905 0.354173002906572 1 0.000839081904727812 
BH_0039_ICA_R_d5_cp121_lmd1d0.000_lmd2d0.000_lmd3d0.000_lmd4d500.000 5 121 0 0 0 500 0.0415679398935379 22.9734526064358 24751.6396826411 2937.66108175589 0.23617886134114 0.213619425039495 0.195524172707693 0.152180919171528 0.794482422151638 0.0492417707754059 0.34340440059677 0.359386454494501 1 0.00082436540630446 
BH_0039_ICA_R_d5_cp120_lmd1d0.000_lmd2d0.000_lmd3d0.000_lmd4d1000.000 5 120 0 0 0 1000 0.0482936400673703 21.0876203212273 28343.350729152 2929.73584093225 0.251301950112594 0.229354448524486 0.190638529261725 0.145579888325217 0.798047636089935 0.0614735987445131 0.307151497757051 0.32114017318813 1 0.000839081904727812 
BH_0039_ICA_R_d5_cp121_lmd1d0.000_lmd2d0.000_lmd3d0.000_lmd4d1000.000 5 121 0 0 0 1000 0.0476678400014175 21.2328668671846 28470.5492328293 2930.29191697475 0.249915508533616 0.227932144892831 0.190993722460627 0.146121329748817 0.797797396041833 0.0607070492882432 0.308640472390962 0.322788203485177 1 0.00082436540630446 
