#spline3d 5 121 5 121
0.091550572378201245 0.090540449554750227 0.37264185910254283
0.044477726406404697 0.044325324316055008 0.18580904414223992
-0.00030487965207625918 -0.00021281726977527137 -0.0001088461937471828
-0.043867002598139734 -0.043908232489023237 -0.18559321414080321
-0.089788114961461177 -0.089445547128407313 -0.37202394355812246
-0.13073943998667367 -0.13127553813825069 -0.55680814119818123
-0.18120032350454807 -0.18006297781085617 -0.74400509080500288
-0.21720693046036688 -0.21848090249704791 -0.9297843298261016
-0.2626647698715554 -0.26299189505635862 -1.1074063604828583
-0.35323934075252511 -0.34293670244307023 -1.3310370408586232
-0.14511652720760737 -0.19918444949218464 -1.3961786601047903
-0.012415200781107253 -0.11193993820510129 -1.4894542222568481
0.12658998692817375 -0.01749178718433702 -1.5876843409682939
0.28326045515771764 0.081046051325471283 -1.6719849598394696
0.39950937783829382 0.17466409475930142 -1.7813476628383129
0.6011590706538229 0.27189216131607108 -1.8378524529360816
0.64510312350862176 0.36931800215028587 -1.9988039513098237
0.60468312537570945 0.45567545704003354 -2.1917901571900535
0.62704610843557995 0.54761561664318958 -2.3546281087555236
0.61817879545966614 0.63510956996008727 -2.5335243513192407
0.61585991202044932 0.73228390630566198 -2.7084571026547022
0.63527550703924474 0.80138478162477578 -2.875689884661921
0.57884063167099786 0.9456040516278994 -3.0668902634241828
0.71152567728909433 0.91583421568037193 -3.2130414768750164
0.86556209103240722 0.86143449180401832 -3.3436910362864549
0.98393708100274402 0.84306331908705145 -3.4892446939308766
1.1253308806535836 0.80163777251493606 -3.6262201067469104
1.2549817087029547 0.77236380808131766 -3.7674762611113604
1.3899718420062601 0.73635111093562788 -3.9063588054170322
1.5227937489806673 0.70639062368905015 -4.0473394038630053
1.6562450331761664 0.66668275730362458 -4.1850591169490166
1.789721756581697 0.64506058245259557 -4.3288744606957286
1.9230502832918701 0.59653667953249334 -4.4636497804207336
2.0553673633116962 0.51781931050412744 -4.5872672659937992
2.1877448605505054 0.45905834005214607 -4.7199751061266779
2.3218901670103809 0.38455504114694694 -4.8396577142882631
2.449196398159371 0.33645711945430695 -4.9910839434700884
2.5975579321498894 0.22371720163063749 -5.0609035608493782
2.74470774057193 0.10951989281826968 -5.1242314716632666
2.8900764975502411 0.0035431573819022233 -5.2006310709967689
3.0368411490731506 -0.10826458401933532 -5.2687265126541591
3.183161643657709 -0.2170492705541987 -5.3400619349462772
3.3289362221475618 -0.32710178260284356 -5.4121489189691276
3.4765214313761388 -0.43688161230941114 -5.4793967904900205
3.6206361161681317 -0.54627707845108719 -5.5562165048644889
3.7688997920063763 -0.65643203196898103 -5.6222779667583911
3.9283395296933059 -0.76825801872338595 -5.653881649467225
4.0824980095061232 -0.87911784271414251 -5.7016315840393004
4.2386945654760249 -0.99052898783349663 -5.7430025256380404
4.3942466581400534 -1.1016140219217665 -5.7865378258556488
4.549980696409925 -1.2128666550424716 -5.8295283055479281
4.7055690317988752 -1.3240738546153275 -5.872413880242771
4.8615024890593457 -1.4352978700592023 -5.9159336770556079
5.0165900822850089 -1.5462927443058556 -5.9577095839011456
5.1737362703102185 -1.6582713555562181 -6.0041107272972525
5.3258591476670949 -1.7673684673787351 -6.0387154964056435
5.4898382024575048 -1.8834465077189246 -6.1015364993393764
5.628273407172327 -1.9847191970156066 -6.1028155915259363
5.8134744527765534 -2.1125564147171807 -6.2202030009157721
5.9416143235516925 -2.2091446971638882 -6.181800863970782
5.943734498173403 -2.2299019883143267 -5.9024144506883447
6.012855338354739 -2.2901328986173222 -5.7659231153396728
6.0495412429555335 -2.3310438695468294 -5.5592632550102028
6.1041869330234046 -2.3834785052352556 -5.382994885980855
6.1501537495456216 -2.4289465467478903 -5.2151393492072033
6.1742568840616698 -2.4634863362584807 -4.9389009173790681
6.3532900691514156 -2.594880889598437 -5.0767921370786491
6.4937819664511451 -2.6999971789417794 -5.1480604946573791
6.6391731998123511 -2.8098074688502392 -5.2076654662126538
6.7871970220651399 -2.9199507940065259 -5.2870298844486419
6.9320964000945358 -3.0300053317962106 -5.3524718981062209
7.0798597891179105 -3.1378827626816115 -5.4275874062077705
7.2238211290532499 -3.2523996023227379 -5.4922965524882388
7.3744499531071694 -3.3522573737307777 -5.5738712121175462
7.514548441494953 -3.4767067628993749 -5.6291639523508437
7.6459479918214699 -3.62054089653599 -5.6635687609259726
7.7831850889358005 -3.7510539085199333 -5.7121016274368834
7.9174579365980629 -3.888399850891783 -5.7534498477844647
8.0529951149265511 -4.022737317328799 -5.7980123783508999
8.1880792868526591 -4.1582414952602527 -5.8412489885090997
8.3233304234177012 -4.2933211874279662 -5.8849852879999434
8.4585051844708943 -4.4285480041825025 -5.9285669302950801
8.5936786071553133 -4.5637281809911903 -5.9721860623219287
8.7288483433977309 -4.6992164295448671 -6.0156766893307836
8.864412293486394 -4.8328777083667278 -6.0599742562332466
8.9980646058936316 -4.9737131376414698 -6.1008382045843996
9.1383475255894631 -5.0914504686442141 -6.1533367654314954
9.2590172188952735 -5.2739271227631388 -6.1722921650882805
9.4296674402487817 -5.2996776548657172 -6.274169144274695
9.6000684396526399 -5.3124038097571065 -6.3798723894376579
9.764078474908473 -5.3518603472182358 -6.473069093440178
9.9329532361071653 -5.3732841876560835 -6.5750922803946894
10.099192146313174 -5.4042087049733949 -6.6723489271296961
10.266635365062207 -5.4306064498276365 -6.7717714250907219
10.433526597188049 -5.4594624918700436 -6.8706828446371668
10.600992810853057 -5.4856438038143898 -6.9682625442107344
10.766869874023818 -5.5176703670546647 -7.0710263548875911
10.937462657617191 -5.5349057097633194 -7.1594256706478845
11.095687839048951 -5.5872208746343333 -7.2821975856099144
11.281742507503989 -5.5684779417397321 -7.3361579816543294
11.475836310029676 -5.5215383230082633 -7.3613048258216791
11.661963658720166 -5.4993294031542872 -7.4114204552262715
11.852767702182478 -5.4631804188446518 -7.4474227501588901
12.041284035751843 -5.4336645219367981 -7.4902175920350169
12.23081035748991 -5.4013179835515519 -7.5300184541248383
12.419914700131228 -5.3700770362459789 -7.5710911450893965
12.609184340111106 -5.3384357050056357 -7.6116550237973613
12.798418210292253 -5.3069342000932584 -7.6522965943216006
12.98762104516072 -5.2753855036565795 -7.693110158951316
13.176872701310355 -5.2438418257733845 -7.7336809595055946
13.366080419162023 -5.2123209966873771 -7.7744793388565734
13.555322992880576 -5.1807641888935843 -7.8150864237667488
13.744532342102561 -5.149231549223714 -7.8558669716448239
13.933778561396274 -5.1177014138039389 -7.8964780179738119
14.12299064659131 -5.0861595354272744 -7.9372384701241439
14.312223551263095 -5.0546139118940943 -7.9778995020486807
14.501452905439407 -5.023084283235173 -8.0185891495239812
14.690667371492889 -4.9915510316142377 -8.0593453950810314
14.879930496616915 -4.960009516113816 -8.0998687363185802
15.069076366436434 -4.9284181419907096 -8.1408989117018784
15.257970275173079 -4.8967293345230871 -8.183025741501524
