#spline3d 5 120 5 120
-2.2887807446952544 1.0398460989509466 2.3180956882300556
-0.17117776112561578 0.57427373494689327 0.69286708783734241
0.21327214035364969 0.0079178171626140513 -0.12980490160486982
-0.28750346137332783 -0.58756238272501282 -0.40150332987140686
0.53783349525736424 -1.0684059521402294 -1.3166262907120261
0.0089927439966798074 -1.7345861454340568 -1.1271629620785635
-0.60037287696862074 -2.2668432919782435 -0.40878361887226755
-0.72619122273109049 -2.9122967920241956 -0.86586594945509332
-0.9664284584481464 -3.7786979548331283 -1.0568819363320725
-0.92542651118785091 -4.0381842510337407 -1.846085906524974
-0.92991851797637326 -4.5376324041473506 -2.451616907576557
-0.92864396192096166 -4.7813677778753885 -3.2600960114725757
-0.93366136090426899 -5.4977059963947141 -3.6501938478910705
-0.92768689394574166 -6.1721443115127936 -4.0623004794823254
-0.91348011749525437 -6.7695802493690627 -4.5123586503247584
-1.041843999770441 -7.6519145711781107 -4.8823878895800403
-0.34702181417550776 -7.4163516930502329 -5.555325271971606
0.34945686457294745 -7.3120886763871731 -6.0503772628011872
0.36488366344436018 -7.8176765899067862 -6.7160623765533431
0.22896386661105372 -8.6199471027400953 -7.1073750467721055
0.40536256847425978 -8.826709582088796 -7.8821676787680168
0.78222638146032109 -9.0993741181699139 -8.5070728701077325
0.75355251659505651 -9.1768981956659523 -9.4331689862876846
1.5424160370208508 -9.8506187049187552 -9.6075729566779593
1.6547226740630858 -10.082825660081989 -10.329513816446941
1.3225414620695319 -10.194504541128683 -11.279830858538654
2.3378817165554446 -10.576727274666064 -11.495142430850104
2.6944490776444483 -10.856261830521484 -11.983164116584241
3.4939744946275306 -11.098851668699382 -12.3927728509441
3.7883363000646844 -11.617003456828945 -12.789779852264774
4.360431968405849 -12.062598745724921 -13.317167619631151
4.7819495571984039 -12.464180113351276 -13.789783735451426
4.737483545086036 -13.437593790541635 -13.027430247102657
4.806727111614487 -13.814852883750596 -12.863913314044593
5.0777055028983948 -15.043777391951433 -12.538773042237928
4.7212839333889542 -14.786512569900799 -11.929385102561927
4.3805679682657104 -13.989204595233641 -11.140828830327584
4.1021254251435719 -14.674883043270208 -10.681426924056792
4.30117751159099 -15.185884160374229 -9.7908821265527521
3.2834430569201247 -15.422542961355765 -9.7942180341074234
2.7178099094726305 -15.407139038107793 -9.5011055225356973
1.7541705631536884 -15.947534088362412 -9.4785596222881292
1.2901336673785984 -15.627590139265997 -9.0654666276425697
1.2540261815985831 -14.802675929590471 -8.4777738150710942
0.85602614902773355 -14.448449488201687 -8.0518021684773124
0.76624076043463507 -13.687454865203046 -7.5174922648287348
0.31224945770677121 -13.380361625089941 -7.0427596056165847
-0.43322920576334395 -13.284418995198783 -6.4802350034255802
-0.74333914637382104 -12.809297460262693 -6.0161125264134609
-0.39322839272012938 -12.12980500570292 -5.5404213685906125
-0.37314339321343964 -11.401055699666173 -5.1719191623057528
-0.25989401289463304 -10.881887967091608 -4.6334675017632598
-0.77944143478324968 -11.531428302678798 -3.5359573365394636
-0.49882538973082269 -10.335980744698871 -3.4410995360214001
-0.81537044846855633 -10.163481389989892 -2.5311601317136292
-0.70339830073093679 -9.8344664110270674 -2.0055873193368026
-1.1359974169849891 -9.0301189575202372 -1.1773260592530619
-0.52021436448994041 -9.7824391708764704 -0.78533612496374794
-0.2748552891305317 -10.269750354218161 -0.27482079939391996
0.20249656605632912 -10.709806232614554 0.20244403359759633
0.70658680430762688 -11.146803807601545 0.58305411679726449
1.2829356511344021 -11.483041110001611 1.0677986620931541
1.7346682764723225 -11.975060313284901 1.4577657990733572
1.6763492845624961 -12.846769105266302 1.6641412870128349
1.9427410221921875 -13.483825721259979 1.9952651548792508
2.01061326380501 -14.238498570645095 2.193477644124139
2.2045405847198984 -14.98015349730457 2.73661030247652
2.3280716025148855 -15.566819446291882 1.8605308837807386
2.5219680734457723 -16.212268977730258 1.6153878056742732
2.6172852533950937 -16.788414875830252 1.0264006722791263
2.8995596087513325 -17.583042175202731 0.7581891906576429
2.6907513597565078 -17.451061922008826 -0.3034008943505368
2.8521218860298596 -17.843397811362074 -0.85384277017808086
3.5533289171127271 -18.050819420821774 -1.4857089096511564
3.8619903102978408 -18.515779615710994 -1.8836210155843878
3.5947471985918429 -18.304882463456707 -3.1479745183023433
3.8608885851000783 -19.093762303008251 -3.1757527248433717
4.0060117260202484 -19.927644454773532 -3.0791780836394711
4.1931592159827513 -20.642298726788425 -3.2061147629977689
4.3579661657303896 -21.430571261949876 -3.1447623807096554
4.5426139030037582 -22.205374562964455 -3.2448765705668028
4.7013313339025204 -22.927055822857785 -3.1754529320069911
4.9012125205607884 -23.790123693447352 -3.3342854990409569
5.0286493598319701 -24.367852321089579 -3.1190392127052502
5.29440592714736 -25.504926539952265 -3.610353196822027
5.2817735825845888 -25.533349911831902 -2.62902285573273
5.2531932342960683 -25.615684493706723 -1.859213936276046
5.2687828816344995 -25.674384126742236 -1.0649124525109566
5.3998155252382256 -26.385252095888767 -0.57512271325361519
5.6478686740731527 -27.009043002354662 -0.13013537478786288
5.5431088409809695 -27.140492025644235 0.71494081997640258
5.486443629041486 -27.375372103661572 1.5724825476620012
6.6535962488480838 -26.939113660803553 1.4389943578652546
7.1413217139908367 -26.854574850268069 1.8238026826765728
8.0170220877192637 -26.567504386703771 1.9122966183724981
8.6498414704402204 -26.419113144536453 2.1984451722597553
9.4589424651012113 -26.154940380852032 2.3256492207469455
10.11260439554092 -25.987029809344431 2.585093242093599
10.900586303300882 -25.921147455618261 2.93638985471949
11.451421918792075 -25.870145950282666 3.343170546254584
12.441461265432947 -25.663076548994834 3.4955523986005743
12.592361934096285 -25.846757829926716 4.2720409641128532
12.56463533816688 -26.129909901884957 5.1636257489621809
13.487020741301629 -25.979766066117126 5.439790334517081
13.928412236106301 -26.100312198539221 6.0816992462904409
14.692723902472345 -25.972698869020185 6.3926440954326793
15.385159756664216 -25.798500992591727 6.664527292636607
16.114270144780683 -25.682115600740303 6.9764320233704495
16.807612233414975 -25.523750067206681 7.2781977293089648
17.543932008380665 -25.360808572933287 7.5637396991765584
18.260855450531825 -25.461073019570705 7.843769117219332
19.062903511936454 -25.379887298753626 8.0401550051579544
19.687574626057398 -25.472879246681735 8.4296901159359319
20.646706790227739 -25.338097071350248 8.4568673091710043
21.012403668053111 -25.538186109124105 9.1000304882582341
21.163474259335985 -25.829833963153575 9.9663147372168943
20.435702244664647 -25.858196555629846 10.479578187223797
20.255254552937693 -26.085953128148077 11.263863761827892
19.629546518356467 -26.116495844657649 11.773353521732009
18.323885660186534 -25.870464822593931 11.904228939306222
