#spline3d 5 121 5 121
-0.27759899293408341 0.11189550197891811 -0.81080780984366863
-0.18834247793391701 0.15158667130097797 -0.76869699962514126
0.030977495388864369 0.048547696174214353 -0.027429327123331008
0.087264940071511268 -0.27540570564506361 0.77594869266678479
-0.38476525164869368 -0.7947482988598924 0.51571918558300101
-0.81196396737255172 -1.4153819297724062 0.69643203249949293
-1.0804410584336541 -1.7250276702085916 0.46169301560345938
-1.7288981016945646 -2.33393070148131 0.17780970553945724
-1.9485661979515434 -2.5701813004975018 -0.08839142387566809
-1.2994728327424092 -1.9490731168873796 -0.77004213328899274
-2.134626838546823 -2.5885905829054878 -1.1948351550067868
-2.1920705890167667 -2.7299333097720213 -1.6662903053619227
-2.7486399511250243 -2.9094549246781929 -2.2459921847716693
-2.8651373243571685 -3.3805286505699503 -2.5823759155177037
-2.7143239918674911 -4.078348616613173 -2.7357643682765818
-2.8775471629843556 -4.6621453378589441 -2.9798350696420921
-2.7083874895531146 -5.2319511132474181 -3.2354500366794259
-2.2517896619726505 -5.6691365371768665 -3.5546193518717883
-2.0730302778452114 -6.1089268867564952 -3.8930193308013568
-1.582759771893169 -6.6962927332037259 -4.1029174974480815
-1.4897595083119373 -6.966792974591014 -4.57030397152199
-1.8923534344232205 -7.2964829036412429 -5.2328463780651902
-1.8609043545959085 -7.5026060283595415 -5.7772214763822225
-1.2068263702420419 -7.1337407528718808 -6.156630437614651
-0.86681732567015801 -6.848417970775535 -6.5805315259126562
-0.38971472008177493 -6.8282283297165209 -7.0385709516517743
-0.029668474451233558 -7.4030067703255638 -7.3702380242581178
0.35357526963919539 -7.5183217555009056 -7.8948324221278554
0.79779683328216666 -8.0351538557114495 -8.1081186875995463
1.0934637704626207 -8.1010618694830683 -8.736756604360524
1.2604782751585009 -8.0516275608958718 -9.6351260022358627
1.3208221447043884 -8.0103500872403686 -8.2264206808975135
0.97405381135726621 -8.2363455916541444 -8.0151357961654544
0.63536281906902803 -8.455451704084556 -7.3806026599978196
0.402607881180224 -8.6423516076421922 -6.8505536299365737
-0.073526308957906156 -8.8793053370829149 -6.4299045299326103
-0.48785065745855843 -9.0385502809180895 -6.0184696674217921
-1.0029514464076179 -9.4937088535130076 -5.5920212761563395
-1.1277841643953808 -8.8075478189863485 -5.1510367680295204
-1.3512592185944068 -8.4691700575576938 -4.7034697604491136
-1.5986960743679182 -8.0221082443163105 -4.2739000753615821
-1.6443446527558434 -7.584386443326018 -3.8116873234440876
-1.8179874759476644 -7.0841023480468115 -3.3998863214259805
-1.8789142428114387 -6.6765020717263157 -2.9401885293658934
-1.8481116153431216 -6.4418902278012062 -2.2653434720099952
-1.9708298658140915 -6.4355373226491777 -1.6912512354948965
-2.1373866727880837 -6.2145561092351143 -1.003331124143219
-2.203916478779528 -6.1590369653603618 -0.41139391373620937
-1.7227251830044916 -6.8104906127238749 -0.10723878168000345
-1.4713024320054033 -7.1082735552464946 0.31227634132771914
-1.1236835030229155 -7.580700997403695 0.69083649885901943
-1.2882203720907786 -7.7764476352650993 1.3653903530507767
-1.2419748176638579 -8.0203268618407186 1.966682880507608
-1.1422444054788519 -8.6374528892674167 2.2643604482460198
-1.0664077361266417 -9.1680692059450664 2.5818538338971768
-0.94592987438338239 -9.673468672497247 3.0127995460928076
-0.90809097544318795 -10.270310420104487 3.2250282055492061
-0.95026810816609797 -10.945663447912739 3.2561432532367314
-0.9050899345596245 -11.529337021239627 3.486793727147524
-0.97095455469289038 -12.234550402928003 3.464115180550511
-0.86264011147081199 -12.750638521289574 3.8401886138734618
-0.70864916661330524 -13.211857358930176 4.2854792162648758
-0.61615145268788496 -13.725508654764218 4.6547338409309296
-0.45444553425416873 -14.207645651556643 5.0567555906830277
-0.39414034692661426 -14.704439130113931 5.4760521179987789
-0.16520779288348028 -15.19890427617 5.8223249990867831
0.11082422880503993 -15.707605572166756 6.1178287914656
0.35066609477254818 -16.188079327214158 6.4685591817520649
0.58555205875549821 -16.739255717824719 6.7408880792370987
0.90329991905662155 -17.093141373499893 7.1931864939566736
1.17135230084299 -17.519979291235426 7.5862782865560332
1.5329070813319121 -17.851673176845672 8.0378452047211848
1.6840002930482214 -18.393999382949048 8.3706287391318828
1.8709400511786334 -18.911827038080862 8.6995394330585416
2.0231476915822348 -19.441660340857599 9.0423624443468977
2.1868457509996713 -19.983665302727921 9.3726625356177227
2.7242637316397098 -20.228334851797648 9.7472786370346522
3.10387729243695 -20.606075159438774 10.074969140675961
3.5255481516792351 -20.925189595680592 10.46836376299005
3.9721367999269472 -21.270448036655015 10.765693143304324
4.4745802878799523 -21.614529764082278 11.001005766063246
4.939441962007959 -21.954262233763878 11.28227572381911
5.4294163131998445 -22.285275851851448 11.545144314662826
5.8846283390881355 -22.699634958174304 11.782748049042119
6.4471617596534978 -22.720994472611181 12.16726059000711
6.9771728199677936 -22.774128166279674 12.491156550100659
7.5127586753538527 -22.978345310243071 12.864557868448705
8.0589326317201539 -22.882129837887501 13.174903500470153
8.5999092943966655 -22.584277501805541 13.437541539348608
9.1438237938644953 -22.439969305547638 13.733767217443278
9.6806830896779203 -22.19729361191224 14.015164826004408
10.241595092235599 -22.036031237549132 14.28805655785253
10.721371366692281 -21.744789137017037 14.623350421784963
11.231982504859026 -21.529832341773449 14.94325583280054
11.723150741171057 -21.243492018531619 15.263212919015379
12.216780327888337 -20.989487360718062 15.600129659945631
12.855882193491112 -21.136417331372346 15.85131117508036
13.360118626789916 -21.02603114400759 16.199376287533475
14.040588976663361 -21.154325253683854 16.396816071684153
14.476710637513081 -20.984251945826834 16.826201899842545
14.765601960439412 -20.771675649827554 17.372002638373221
15.055030314129802 -20.402587664041398 17.899467381043994
15.567066750671261 -20.548933562938664 18.297361414848503
16.002620950867975 -20.870915929513401 18.659070969214735
16.616276262126451 -20.905840168079138 19.019262715277819
16.896346878360507 -21.303713417760957 19.450292574783621
16.835623464606126 -21.791484246039648 19.938788506134134
17.109112345474507 -22.209773749089148 20.376109079932046
17.002780834288743 -22.635549431223474 20.864672124775058
17.113275734876055 -22.996034978744362 21.427536901847912
17.001234560679357 -23.423858533824163 21.885392950633268
16.536139232829836 -23.889996267208254 22.134031503011311
16.24793539022502 -24.31673335872884 22.487681870463849
15.926949203852507 -24.787179782940669 22.811931123141871
15.691603307372969 -25.263473856695025 23.173293255678445
15.400207145045769 -25.73432725294758 23.513182783736529
15.159687794456245 -26.194442798081475 23.877473099490139
14.800461558256584 -26.721089418014319 24.156110074563419
14.880223382580269 -26.975917637780334 24.808393206284087
14.981655663565839 -27.191120989548352 25.444173730628606
14.847254496264213 -27.516759986609486 25.821969654346276
