#spline3d 5 121 5 121
2.504066136636605 1.3130366165561569 0.070185469063688249
-0.24670531852547345 0.45192876710098073 0.37378271209870689
-0.27973792068656766 -0.03315341256593881 0.065452454611965638
0.80846021499546428 -0.39159589719732385 -0.50887775480306408
0.41482722902260222 -1.0222628937300942 -0.80107979470594837
-0.14637361331239612 -1.631670009277387 -0.99072609514430243
-0.46903889483327565 -2.2165860334380167 -1.3075891524915244
-0.9356811155378536 -2.837788031384433 -1.4738237710419009
-1.3490878956344035 -3.4090872523393294 -1.8619100708492708
-1.7694460350768964 -4.0444932273729357 -1.9137488013357327
-1.8273974830359627 -4.8706617577705238 -1.9548524767571311
-2.2211423853611221 -5.6269506909350762 -1.7440812062734263
-2.7231023534565812 -5.7767544427110282 -2.1707633133541702
-2.6089075149544372 -6.58057438804284 -2.7966339007891152
-2.9165625255152099 -6.9665457748300215 -3.2998649197165779
-2.8558077064501721 -7.321480142984309 -4.0389584424996041
-3.2320800455912226 -7.5997445247562085 -4.7863331829695026
-2.9013420623969277 -8.1259685731396338 -5.2599246577308776
-2.3013641444570188 -8.7725493824010403 -5.50550228236163
-2.5790674779662739 -9.0187728778329248 -6.3806656476693657
-2.4484368721808951 -9.4374363992645538 -6.9737166976382801
-2.0560243420193807 -9.6668231770272932 -7.6633484957787754
-1.8058338373006175 -10.012205284295799 -8.310779118072201
-1.1502843020361195 -10.589570375694692 -8.4431745650077072
-0.78544358457354968 -11.056737025598556 -8.9110604992052771
-0.11579538410655797 -11.559615977796295 -9.0508599327805221
0.16417966252220279 -12.072408224352646 -9.6513547796184405
0.059820404073424933 -12.632798678516307 -10.028484672037473
0.4235711369211243 -13.124433452847301 -11.034667881928947
0.15102249817404198 -13.764369377979884 -10.702031500962459
-0.19877211071915551 -14.20732483001777 -9.9805722658760736
-0.39229678131477141 -14.88205273821781 -9.7012951037092687
-0.75079494491911603 -15.415711235720815 -9.114897317750918
-1.0516923859236267 -14.739642248042902 -8.3476416697280094
-1.4860587564944974 -14.976501905488886 -7.7777653530075614
-2.0503919393455705 -15.29843550902374 -7.2851548460259528
-2.5547652774221676 -15.630157141298637 -6.7527272459448273
-2.8667034549085364 -15.083949428146678 -6.0944365185442013
-3.0493965554402616 -14.82656302139317 -5.4139400449322306
-3.9479383602974001 -14.451082040909121 -5.1878448706647529
-4.1216882181999877 -14.045811125793989 -4.6154126533348796
-3.7645382790700035 -13.614958206054169 -3.9161423082430931
-3.8357892047472331 -13.117251919969858 -3.3294334093913074
-3.5529132433511896 -12.839430487974967 -2.6708142451824588
-3.5400328923182154 -12.292425494781806 -1.9331642563648539
-2.9648730867174615 -12.482632873871871 -1.4241353833436832
-2.3277917754642581 -12.255661755483162 -0.81070804615732139
-1.9589116126162933 -12.615611147593144 -0.32126001402992077
-1.7957795451865315 -13.280346728841808 0.22721806358562874
-1.474658638653378 -13.714658013462666 0.79118575085840226
-1.1256907834999155 -14.535340977467882 0.33318124960093726
-0.77646472863961169 -15.148281835142756 0.3567942787956509
-0.46064844671713773 -15.869857374766173 0.13075006348943985
-0.062079683018248635 -16.526178098687875 0.08987273803053164
0.17419283581342429 -17.242202040028655 -0.17188130403366744
0.38406892246109003 -17.921685772992788 -0.37290749101473175
0.69186659898027469 -18.709061290143495 -0.60482541565681425
0.61642491103319041 -19.114071823493788 -1.0468770630520763
0.56779672718669616 -19.775987201179614 -2.1829078563197153
0.766073484902135 -20.177460846271217 -1.3898538200569897
0.89047016927689471 -20.334973477586157 -0.48307085791157972
1.2123877528531699 -21.066959516989055 -0.27196707423984373
1.5426651586955376 -21.627271051211459 0.14871990765479959
1.7601332291047707 -22.239776293249371 0.62490642134231111
2.260856991990281 -22.838702602163234 0.71672186935709936
2.7135194430558087 -23.481987396745865 0.80368267136750371
3.1856863921546013 -24.02362275136289 1.0027819203141701
3.5995542313800777 -24.802280627702409 0.96682282578664647
4.1883552187150794 -25.032844083425967 1.4609488585435915
4.7379779914082238 -25.318912537570434 1.953538686350677
5.3267268757850346 -25.564510670224752 2.3476981081047996
5.8386994016067879 -25.93271389644719 2.8768257563255255
6.4633238697782938 -26.11322579409277 3.2584964502041718
7.2569525119982101 -25.892392579120688 3.4425811102837724
7.9603784049801751 -25.903578614756967 3.7197934671882709
8.6801829559824988 -25.808662195763674 4.0058118576892978
9.4623188967212837 -25.73335685160059 4.1585559004365669
10.066210383326382 -25.719334569116274 4.6465606022421344
10.634851811565142 -25.735213277631757 5.1858468618424567
11.231156988934741 -25.747289875396444 5.6813831690320864
11.931262308457629 -25.605528996536922 6.0121776250660615
12.595079774921777 -25.541696562525427 6.4005978232945422
13.273815146385134 -25.390627169364173 6.7588419812860199
13.938258832206007 -25.432656310386285 7.1629519291879866
14.59899788427648 -25.402308427089185 7.5665311280852112
15.274457608446683 -25.456491203755036 7.9517512303897524
15.920814074473581 -25.353449558317688 8.3763168689062688
16.569506214473105 -25.260001108861051 8.7723992919009195
17.197473049693659 -25.075431858544032 9.2402717648947554
17.887404738474771 -25.166401437592857 9.5419248495415641
18.656926952154688 -25.23541296761557 9.8327569036540972
19.226420735584476 -25.394173911418992 10.152788721426136
20.270919602587494 -25.208044463522633 10.428116873701841
20.171006035478452 -26.034102377153278 10.833350999662272
20.106582422115135 -26.728710155753763 11.167019488908954
20.189031771683108 -27.385674954272286 11.547464094901825
20.14877599198941 -28.096755028431399 11.902561542592238
19.857393784457532 -28.784425311266869 12.131099336577664
19.688614701857421 -29.487342255521806 12.417689332842892
19.454254717431592 -30.176126077120564 12.684001061800704
19.274761512941968 -30.886629880560598 12.944215869994295
19.010358258919311 -31.551951722063258 13.244122850637188
18.762968110952052 -32.222929833031571 13.543310506384174
18.512729276537861 -32.894632295765 13.838328332076347
18.229540764159175 -33.553831671263097 14.143811638691568
18.172718720889051 -34.293438310431789 14.400195800111886
18.029920536720564 -35.002041667673126 14.674101242007069
17.916614071400065 -35.721174667480582 14.94683412681889
17.804153514954468 -36.44228587857139 15.200266566639918
17.651461569275806 -37.14152242550373 15.525411784904607
17.640661060662133 -37.918620084410108 15.620631571960358
17.603416172560298 -38.679404344085484 15.75933879882799
17.567056255117926 -39.441854932801718 15.896161586825423
17.534112923675053 -40.205564298662182 16.027597495482301
17.498285759044965 -40.967989227026187 16.163696454214289
17.464304783328053 -41.731254506191803 16.296878379957384
17.42918578506826 -42.494035043799485 16.43169546925402
17.394810925658682 -43.257085916985815 16.565637956839925
17.359917386264737 -44.019985413049312 16.700021724052235
17.325326160758571 -44.782948519930457 16.83432463433649
17.291347761544785 -45.545975304731655 16.968750752416327
