#spline3d 5 121 5 121
2.2574926946031573 -2.2095967497344056 2.7351022301005825
0.73022919075176584 -0.34191960822905065 0.79927102279884898
-0.13445968962664182 0.25122893574577188 -0.19462282548685919
-0.41375038967490685 -0.24664373834825035 -0.34026758688013603
-1.2491788743278904 0.34246855066557563 -1.2866418432286757
-1.3837453535045909 -0.56613340373626608 -1.2180738205425765
-1.4497177047792711 -1.3152534055537162 -1.3085674432756633
-1.707850168034694 -2.0043786628803915 -1.2788725958452751
-1.8894005190471319 -2.761294866434056 -1.2888977999993323
-2.1483452437307657 -3.4417272977645386 -1.182952346751275
-2.3103439944452369 -4.2077337434744146 -1.2998344736765726
-2.5675468579432472 -4.9104451646787792 -1.1212363187517851
-3.0634131792544719 -5.2920916110566534 -0.68862714321694329
-3.3926685763737434 -5.8385977455619757 -0.21971481433241563
-3.9603063507283172 -6.4813578182609533 0.20687073784112073
-3.501296497513454 -5.9105412083549274 -1.4095289560825439
-4.0062159562728885 -6.6395022368375161 -1.4662979038212913
-4.0858170858928355 -7.0413141096292966 -2.2634681342153615
-4.2183419938055398 -7.6321881809869021 -2.6077903522678816
-4.4603877579479825 -8.1951910677078494 -3.2100823151688953
-3.8967658207062845 -8.373942550639514 -3.8350352239409866
-3.7462222639562417 -8.7241015301443579 -4.4721083986434182
-3.3402554961579982 -9.0290282881585444 -5.0515746551923755
-3.08242919360708 -9.2850694809146646 -5.7337290420172558
-2.725499111787133 -9.9623505171276445 -6.0234091459235675
-2.4483734835460114 -10.456893690653121 -6.4813107666550396
-2.0844917409761599 -11.025124712859869 -6.8641205794968423
-1.87699324752601 -11.597640523364545 -7.2953053353104433
-1.1655503036324992 -12.023885427013747 -7.546448118316798
-0.93711361337270394 -12.5951519787641 -7.7538121310598385
0.050498593172911874 -12.981760900394974 -8.3868587997669568
-0.80161641385783111 -13.615043622721338 -7.3185860876773585
-0.49305360777021212 -13.673969478375776 -6.9008570949682593
-0.15183283429914549 -13.639867502485275 -6.00302690658991
0.12612576798092351 -13.653662354644158 -5.4431671959938068
-0.35715847018985969 -13.151874252861955 -4.6688284992941602
-0.28490294846731512 -12.880943438884174 -4.1394187335020458
-0.34401508082374588 -11.855828022277906 -3.9546433530618437
-0.25232642333396182 -11.557028220357189 -3.4484414716992351
-0.41813893705978111 -10.389529201080069 -3.3021691019276957
-0.1020551278813616 -10.574528574688527 -2.5925484690915339
0.53211789467207016 -10.438849383686922 -1.7677778082169333
-0.076046662393021908 -11.065505640969448 -1.5787410361606415
-0.35711202338470838 -12.211417947281941 -1.2317298524340923
-0.31158007613990563 -10.965239542050423 -0.63925971674193616
-0.28968366168867221 -10.8937341511381 -0.11375383908744489
-0.34488153682424311 -9.8588096386012172 0.34804843445622108
-0.27472224686727414 -9.9260415800665331 0.99757801954427949
0.12337046087736966 -10.355390166164158 1.7874687747886202
-0.14823968121442471 -10.116912186549937 2.4253114281963719
-0.21883743293117491 -9.9503408783000662 3.2694262082578005
-0.36915654211725712 -9.8403155141902356 3.9636752441469265
-0.27184876853806667 -11.079235150106079 3.8990080831366707
-0.33729511545304075 -11.482300289560188 4.3148880100494642
-0.289715325062808 -12.391935906319738 4.4233372065529508
-0.31603101401288686 -12.985343389082439 4.734844610982945
-0.36862809183752693 -13.793288088620322 4.9599816690452041
0.11172453241848943 -14.390697843803258 4.8574006655468427
0.42152846217036521 -15.106455592731354 4.7858146099016921
0.77921991248236333 -15.76260595424025 4.7984293727284673
0.35341208619765507 -16.422686901806628 5.4171128864837996
0.57372315124835616 -17.05681328509878 5.6123502627855144
0.15688115652542869 -17.737693935809542 6.1164694211482553
0.49229392768961228 -18.35473849546586 6.3621386616741544
1.0632317183556765 -18.859289902490705 6.6426516561400222
1.3769744362237921 -19.462467964972134 6.8968429065116243
1.4134729800501211 -20.179000517605971 7.2930598041889558
1.7057302133975802 -20.783986443499607 7.511196626067993
1.7088315300600776 -21.517127547307282 7.9866802303106432
2.0975422902846068 -22.084188925048334 8.0867056931056034
2.933354445030381 -22.531004143768762 7.5268514065089711
2.8632604504795576 -23.185924224547446 8.3128171911996098
3.2529494400479506 -23.657739532822188 8.6063975528317957
3.1946975842293202 -24.357551386666085 9.1959712832581566
3.7325422987979122 -24.734296510682778 9.5095874296407761
4.3423801534733641 -25.175633339262578 9.7897791441089854
4.8830053783000684 -25.46627559135759 10.13014506465778
5.4113568317778116 -26.090785956716815 10.401110016583827
6.0744419437674537 -26.055604798146838 10.768555555351734
6.7606024790633903 -26.019905847620549 11.111198949644953
7.4106208001285374 -26.055550849412569 11.467296644501205
8.092728827173989 -26.029187066074616 11.805512070467014
8.7390165443237535 -26.047780406953589 12.185129192530795
9.4076901192837923 -26.033997563155602 12.533600740798741
10.055685929137814 -26.045688522085918 12.923578532104997
10.733549579147349 -26.033622281188261 13.240261608152579
11.458776040423034 -26.048629631601024 13.489447646817194
12.094767425260834 -26.027616119927217 13.865845925980492
12.882444039589323 -26.058404692067832 14.028574870269129
13.409825358590975 -26.014412576365217 14.563631673590898
13.892394171876271 -26.067193539018767 15.165399517122635
14.447845973778064 -26.066823156430978 15.679646669503995
14.993717160823806 -25.433609905916029 15.941978430951574
15.562935163735647 -25.300981029682696 16.355560814376705
16.070292459623385 -24.603321646025595 16.668663420360325
16.760318301403689 -24.980863623589745 17.080512820428595
17.37090464546154 -24.965783778749465 17.449557075697914
18.072342206885114 -25.202959641954322 17.795968048843701
18.486393827291867 -24.850792874914621 18.389167562241241
18.944788001568682 -24.549445572956721 18.92503361416766
19.481507963475629 -24.459580139667434 19.432825229369943
20.041545863868812 -24.902734819943632 19.851988413818471
20.682856369426109 -25.028947148245869 20.252139971063368
21.07610236603352 -25.252215939466222 20.812778089232776
21.230355714514221 -24.883046250371876 21.753337106883777
21.855119297858053 -25.55084027743731 21.954022379157621
22.160515380063885 -25.952513928030317 22.416490160198428
22.848100306591693 -26.445050569603307 22.661866036136775
23.039496632764532 -26.918094713425578 23.152129292597557
22.885063359591179 -27.23671926472106 23.973536151952327
22.910087186440546 -28.047585037791595 24.106263431606209
22.763521536819447 -28.65064865672537 24.545526688739859
22.772161879583599 -29.341666974841516 24.858789273364437
22.626560017239434 -30.005168257339882 25.188679885711274
22.622409873426136 -30.68544636492755 25.563581075380988
22.889191233820728 -31.055593313335418 26.189780723164148
22.825914465673492 -31.885545943163855 26.597775172786392
23.542440006509327 -31.4530922392237 27.344820475624104
23.763131280105721 -31.775284987964639 27.839910837478506
24.446401563816323 -31.427623527944476 28.596956049674674
25.688725822345987 -30.23786469478091 29.64029578352347
