#spline3d 5 120 5 120
-0.32099654554832363 -0.11671838686190796 -0.018833732797325267
-0.16049785988802509 -0.058360767480737742 -0.0094141988375701525
8.6347124425712021e-008 -3.4354903348260111e-007 6.4704512429710677e-007
0.160497730413835 0.058361328315179782 0.0094129469482692324
0.32099551792581338 0.11672264956617533 0.018824958744690257
0.48149372270188068 0.17508261594796254 0.028238205201790732
0.64199166279295727 0.2334433334334336 0.03765141468730672
0.80248921487250846 0.29180516350500152 0.047064447361092401
0.96298730920906683 0.35016534896838464 0.056477677905209751
1.123485549484575 0.40852536552865509 0.065890210503321001
1.2839831548754657 0.4668875195673175 0.075303081274883457
1.4444807820668395 0.52524831955669693 0.084714622601271217
1.6049789414424842 0.58360811735368623 0.094128287159829113
1.765476864926919 0.64197248442024002 0.103548117377812
1.9259749080271431 0.70032937294901232 0.11294948542619225
2.0864729819824128 0.75867771699182796 0.1223460414609487
2.2469674639446944 0.81708416344586055 0.13184044542676951
2.4074631943782858 0.87545868732215726 0.14121382486168332
2.5679187983978644 0.93371670008107421 0.15026706749608237
2.7284687260850751 0.99228615057006886 0.1605836513662264
2.8891215387211946 1.0507461655728494 0.17021016413133752
3.0490551936656067 1.1078873686814117 0.17471477979147659
3.2099002790118178 1.1681009007033649 0.19239529803841043
3.3722426288073053 1.2285252496533345 0.20870277364896442
3.5275580830426114 1.2721298481037653 0.15616054867026508
3.6755890625502228 1.3056958129932021 0.067865479385731786
3.8256671962173199 1.3434057776857669 -0.0023326813163496362
3.9763685822064194 1.3818949534800535 -0.07287745705314895
4.1264825820338755 1.4204406347715997 -0.14681599128925119
4.2765181010265234 1.4537075488007676 -0.21944915104409957
4.4266513658582269 1.4926018454996963 -0.29185280387686297
4.5777079953840998 1.5497728411968548 -0.36498099901676728
4.7266611322723886 1.5375575909914188 -0.4370989552143652
4.8720903756818679 1.4658047543224813 -0.5074772620658361
5.0175850819114887 1.408734988726376 -0.57786438751989044
5.1637387624025628 1.3589827982084521 -0.64854348348507773
5.3095902444806269 1.3027834471484876 -0.71912673090126866
5.4554082434568549 1.2476431548176778 -0.78970326299269733
5.6013066388885191 1.1933716395701059 -0.86029600879283585
5.7471741513682515 1.1385927151679245 -0.93089393150016575
5.8930094649693361 1.0838106238231484 -1.0014998462040743
6.038981074092157 1.0292114170967785 -1.0720065626788535
6.1848725687040655 0.97450286053742274 -1.1425980697276896
6.3303984935278494 0.91956555609480173 -1.2133755850409806
6.4767354336254499 0.86523420532739226 -1.2836459890659759
6.6234435337931901 0.81097112450378117 -1.3538889383578456
6.7659959828849479 0.7538981077960798 -1.4264571650144493
6.9125852866632025 0.70054513376917116 -1.4957813865174865
7.0758018409844672 0.65657276325746916 -1.5576429983865618
7.1764844580002212 0.56805894702194681 -1.6567418675988219
7.2149530323751323 0.44527010741115081 -1.7829048162059347
7.2700953828425856 0.33419289435516597 -1.8993482366852703
7.3291329602120019 0.22435845324112091 -2.0149030700161017
7.3841211604910182 0.11212565781102279 -2.1324082781840037
7.4396416642902929 0.00059532869272922999 -2.2496112907840531
7.4955202441394864 -0.11109044777841402 -2.3663429830140528
7.5508732688537181 -0.22351245011441873 -2.483243779877458
7.6082473398491857 -0.33266107734665495 -2.6009214813745363
7.6638919213201673 -0.44376071843922377 -2.7174850497270322
7.7106594479018078 -0.57044418970072541 -2.8315437178579637
7.7889238827576346 -0.64932257090190904 -2.9581839842395437
7.9004022083812258 -0.6694107317717386 -3.093607759643509
8.0037736303021134 -0.70181986459377788 -3.2258831310008897
8.1041563380059038 -0.73905708349397647 -3.358048383561687
8.2076792936136442 -0.77283917891796161 -3.4904188536515139
8.3118249669334556 -0.80694666589642539 -3.6225960187622399
8.4107567347530701 -0.84030130994065799 -3.7564801937113783
8.5125608894193672 -0.87421997332965284 -3.8885116657647716
8.6354108227912558 -0.91511483181132114 -4.0138860718734435
8.6997735686379638 -0.93659031858345476 -4.1646314991870028
8.679171298160016 -0.92971649906246112 -4.3433773226624748
8.676772665765272 -0.92896578071560654 -4.5146673440558285
8.6811856911773635 -0.93037126946257487 -4.6843106132708723
8.6802472625534968 -0.92990277907801877 -4.8558636321594024
8.6797697158161018 -0.93036970714898004 -5.0266091226988285
8.6800416650755583 -0.93003878974781085 -5.1977476826819737
8.6796553447511471 -0.92797273157868865 -5.3703665408544374
8.6804908259234814 -0.93258602675648883 -5.5383973942804321
8.6812559192572021 -0.93632539302331208 -5.705841005721374
8.6748615528483022 -0.90432310839757557 -5.8998858106311518
8.6844427634781791 -0.9518262290765952 -6.0426881766983414
8.7219326898152438 -1.1394625875101985 -6.0817330508918186
8.7543344026999943 -1.3019540731215069 -6.1375780303475054
8.784253305730946 -1.4514523161528134 -6.2036957377264237
8.8160163888170189 -1.6091602342690683 -6.2639158157535686
8.8474237476818285 -1.7673761643240351 -6.3233494308717137
8.8783811275571018 -1.9242770395128868 -6.383847916367313
8.9109554129196109 -2.0788362483130061 -6.4471321704680928
8.9419339169758896 -2.23569994247765 -6.5069848287437768
8.9672277135566443 -2.4039580205063409 -6.5558757787617559
9.0142046807604554 -2.536755058390213 -6.6467389730660011
9.085542526998486 -2.6216864068344901 -6.7848418290695331
9.1505134400818076 -2.7175474696658859 -6.9105283898714474
9.2138719812556911 -2.8170588487214387 -7.0332570646850883
9.2786968093439768 -2.9135916397137342 -7.1590356448683883
9.3440452525535402 -3.0099687415387892 -7.2845374328539858
9.4083627373631895 -3.1073053074130388 -7.4094672035386635
9.4711627458232517 -3.2053129151246971 -7.5344530107143441
9.5395592089091377 -3.300219490216755 -7.6599823733653398
9.6073926572557724 -3.3956025294289232 -7.7854645615506533
9.6401000949728122 -3.5100383609522572 -7.907794752055934
9.6627223138506206 -3.6298288585524645 -8.0291667389164036
9.6938170297825348 -3.745101606970954 -8.1512917344113553
9.7231788141580733 -3.8613904499940728 -8.2732481699129128
9.7518654117616421 -3.9775164007005444 -8.3953676576964522
9.7809983883049334 -4.0939399503511584 -8.5172250756703303
9.8099490548550339 -4.2120615187858457 -8.638484355272535
9.8394720272271581 -4.3250590960693565 -8.7619814797273925
9.8688579684235869 -4.4382633235266447 -8.8848243859545235
9.8952197759695917 -4.5758463969359298 -8.9978497959426864
9.9280093438414738 -4.6682786622785697 -9.1322703993399621
9.973196660281495 -4.6537360474348839 -9.3060529579904667
10.016701805361762 -4.6450301986730169 -9.4736514777817415
10.058779057515576 -4.6510863172160146 -9.6370143807077984
10.10158637949892 -4.6505909922837612 -9.8030151416882756
10.144449987388175 -4.6495838997184586 -9.9689451704817067
10.187202180451644 -4.6499735990642561 -10.134365397819154
10.229978642813192 -4.6503137828376353 -10.299856913842039
10.272849500917625 -4.649365647633859 -10.465839271079853
10.315891881865582 -4.6458583363234212 -10.63275360776079
