#fname degree numKnot L1 L2 L3 L4 MSE traceH AIC AIC0 GCV GCV2 cv_avr cv_stdev cv_error ts_avr ts_stdev ts_error sigma0 sigma_opt
BH_0018_MCA_L_d5_cp120_lmd1d0.000_lmd2d0.000_lmd3d0.000_lmd4d0.000 5 120 0 0 0 0 9.30794504348002e-006 120 -569.532197352822 2153.546531865 -0.0079323204986891 0.00566594321335085 1.31813398473764 7.75926023654145 7.76683060590245 -0.0476345079982939 0.626806193524717 0.658815005745545 1 1.55305409119357e-005 
BH_0018_MCA_L_d5_cp121_lmd1d0.000_lmd2d0.000_lmd3d0.000_lmd4d0.000 5 121 0 0 0 0 6.84506174897937e-006 121.000000000001 -612.909000607917 2159.54589151535 -0.0066042698224652 0.00489381145118233 1.35771482876494 9.74755171432411 9.7550504347262 -0.0376189233702411 0.346251415189232 0.396330779787882 1 1.46651060811029e-005 
BH_0018_MCA_L_d5_cp120_lmd1d0.000_lmd2d0.000_lmd3d0.000_lmd4d0.000 5 120 0 0 0 0.0001 9.65029331133772e-006 112.418280419516 -609.291191622475 2108.05630339264 -0.010454852263847 0.00547281841085021 1.2251326763955 7.82974175587351 7.8337267369935 -0.00309111571009783 0.0712673348130469 0.173615732822166 1 1.55305409119357e-005 
BH_0018_MCA_L_d5_cp121_lmd1d0.000_lmd2d0.000_lmd3d0.000_lmd4d0.000 5 121 0 0 0 0.0001 7.33923990817478e-006 113.332075360147 -650.155185202867 2113.53847216255 -0.00880500062304638 0.00480245985759478 1.23516750909782 9.39548302012081 9.39907626602006 -0.00304235523602221 0.0772309914694341 0.176103887353214 1 1.46651060811029e-005 
BH_0018_MCA_L_d5_cp120_lmd1d0.000_lmd2d0.000_lmd3d0.000_lmd4d0.000 5 120 0 0 0 0.0002 1.0059340753002e-005 108.676890815132 -624.891581361075 2085.60807211868 -0.0124885606640553 0.0054494522546145 1.19236017769475 7.87769650329045 7.8806864727799 0.00166930660927324 0.0675075729698356 0.167738006086517 1 1.55305409119357e-005 
BH_0018_MCA_L_d5_cp121_lmd1d0.000_lmd2d0.000_lmd3d0.000_lmd4d0.000 5 121 0 0 0 0.0002 7.95451832166711e-006 109.542023026774 -661.987130274625 2090.7983181347 -0.0106854094435455 0.00487377047981133 1.19451232891012 9.19265177818744 9.19526523506463 0.00376949453684207 0.0592157589401975 0.162618263254194 1 1.46651060811029e-005 
BH_0018_MCA_L_d5_cp120_lmd1d0.000_lmd2d0.000_lmd3d0.000_lmd4d0.001 5 120 0 0 0 0.0005 1.12861378302746e-005 101.874662526528 -645.166887293152 2044.79502135429 -0.0191448859048036 0.00552388409529809 1.14903022944113 7.94177520763438 7.94367529628527 0.00202388421060424 0.0306349267553085 0.156232190253644 1 1.55305409119357e-005 
BH_0018_MCA_L_d5_cp121_lmd1d0.000_lmd2d0.000_lmd3d0.000_lmd4d0.001 5 121 0 0 0 0.0005 9.65272324352816e-006 102.665083633924 -673.141021263772 2049.53712331088 -0.0168306159020379 0.0051342044837024 1.14949878073647 8.86281301189252 8.86452487586419 0.00383614173341452 0.0379169336351367 0.156063140488625 1 1.46651060811029e-005 
BH_0018_MCA_L_d5_cp120_lmd1d0.000_lmd2d0.000_lmd3d0.000_lmd4d0.001 5 120 0 0 0 0.001 1.2978989247749e-005 95.818518243428 -653.163377016495 2008.45859579706 -0.034116428571097 0.00570518344586754 1.12967083922417 7.96264939965927 7.96414573035714 0.00136284174109563 0.0210461503169334 0.155293007972707 1 1.55305409119357e-005 
BH_0018_MCA_L_d5_cp121_lmd1d0.000_lmd2d0.000_lmd3d0.000_lmd4d0.001 5 121 0 0 0 0.001 1.1759147671999e-005 96.552885066151 -672.46907869227 2012.86447957459 -0.0300614424057942 0.00545486505186991 1.1321638010341 8.59783969149518 8.59927061044979 0.00260530843044547 0.0249085972651122 0.154637082685365 1 1.46651060811029e-005 
BH_0018_MCA_L_d5_cp120_lmd1d0.000_lmd2d0.000_lmd3d0.000_lmd4d0.002 5 120 0 0 0 0.002 1.55305409119357e-005 89.4740616424144 -648.514062078804 1970.39251959441 -0.121658334282464 0.00600864008804736 1.12773566000856 7.92703611725067 7.92850172564791 0.000712359237342665 0.0152265434223288 0.155259187944354 1 1.55305409119357e-005 
BH_0018_MCA_L_d5_cp121_lmd1d0.000_lmd2d0.000_lmd3d0.000_lmd4d0.002 5 121 0 0 0 0.002 1.46651060811029e-005 90.1546392576948 -659.338354358045 1974.47576027304 -0.0951528135015031 0.00586222203541974 1.12948565296155 8.32632499946419 8.32775255438555 0.00111803876229205 0.0133104419215904 0.154678817463429 1 1.46651060811029e-005 
BH_0018_MCA_L_d5_cp120_lmd1d0.000_lmd2d0.000_lmd3d0.000_lmd4d0.005 5 120 0 0 0 0.005 2.04052378498183e-005 81.14983541941 -616.85110898925 1920.44842967759 0.0709632054005521 0.0065668158015507 1.13782000786265 7.79427750965253 7.79597178808504 -0.000808624344782764 0.0135885220342471 0.156622302775965 1 1.55305409119357e-005 
BH_0018_MCA_L_d5_cp121_lmd1d0.000_lmd2d0.000_lmd3d0.000_lmd4d0.005 5 121 0 0 0 0.005 1.98382712508966e-005 81.7613459350199 -617.982245570885 1924.11734535993 0.0786930895851064 0.00649715706961782 1.1377697899103 7.97825988267426 7.97991407584415 -0.000523027929194826 0.0129643581715366 0.15628477131093 1 1.46651060811029e-005 
BH_0018_MCA_L_d5_cp120_lmd1d0.000_lmd2d0.000_lmd3d0.000_lmd4d0.010 5 120 0 0 0 0.01 2.54022640990628e-005 75.1059571072842 -569.458128112549 1884.18645903166 0.0377836418746992 0.00708739507734036 1.14572285153546 7.65849373036643 7.66038978825907 0.000118847772417622 0.00840839415480848 0.155331995906429 1 1.55305409119357e-005 
BH_0018_MCA_L_d5_cp121_lmd1d0.000_lmd2d0.000_lmd3d0.000_lmd4d0.010 5 121 0 0 0 0.01 2.49317507608932e-005 75.6679289004243 -564.239638801594 1887.55816745703 0.0393446452568586 0.00704285640211097 1.14471667818187 7.74641357361391 7.74826605098782 7.72063439743756e-005 0.00787972756718456 0.155345863239008 1 1.46651060811029e-005 
BH_0018_MCA_L_d5_cp120_lmd1d0.000_lmd2d0.000_lmd3d0.000_lmd4d0.020 5 120 0 0 0 0.02 3.18770450054542e-005 69.3721415083993 -495.465374367653 1849.78524888139 0.0282932266495291 0.00770062556392408 1.15312713983999 7.49581314255803 7.49792229677432 0.00162582069606891 0.0146045411350172 0.154290037409805 1 1.55305409119357e-005 
BH_0018_MCA_L_d5_cp121_lmd1d0.000_lmd2d0.000_lmd3d0.000_lmd4d0.020 5 121 0 0 0 0.02 3.14174623623593e-005 69.888159021203 -483.932044744712 1852.88123446672 0.0289523829728582 0.00766566316800862 1.15231082359628 7.52960302343269 7.53168348534565 0.00128160725217864 0.0129768192420343 0.154487474692907 1 1.46651060811029e-005 
BH_0018_MCA_L_d5_cp120_lmd1d0.000_lmd2d0.000_lmd3d0.000_lmd4d0.050 5 120 0 0 0 0.05 4.341778227649e-005 62.3347355668331 -344.483938599959 1807.56381382368 0.0234697970142554 0.00866715989046773 1.16062192446541 7.22661830529209 7.22899426078931 -0.000702850925749288 0.0139502154206981 0.156548744731363 1 1.55305409119357e-005 
BH_0018_MCA_L_d5_cp121_lmd1d0.000_lmd2d0.000_lmd3d0.000_lmd4d0.050 5 121 0 0 0 0.05 4.284410405395e-005 62.7953394695586 -323.904212692154 1810.32728808369 0.0237640829907311 0.00862981938284465 1.16021770187942 7.22675757429442 7.22912313264119 -0.000451176083050407 0.0116805391749869 0.156111863821838 1 1.46651060811029e-005 
BH_0018_MCA_L_d5_cp120_lmd1d0.000_lmd2d0.000_lmd3d0.000_lmd4d0.100 5 120 0 0 0 0.1 5.49933702283409e-005 57.438317089783 -180.073135584067 1778.18831261425 0.0219888728635542 0.00951855928955462 1.16365510317365 6.99671347668948 6.99924844706005 -0.00193621935737135 0.0240221160242419 0.158984629773453 1 1.55305409119357e-005 
BH_0018_MCA_L_d5_cp121_lmd1d0.000_lmd2d0.000_lmd3d0.000_lmd4d0.100 5 121 0 0 0 0.1 5.42064471513886e-005 57.8606638329027 -152.067477159986 1780.72218847296 0.0221510626707967 0.00946995650868855 1.16337281365404 6.98623088718604 6.98876205730651 -0.00168267481061515 0.0218631024946658 0.158421640588082 1 1.46651060811029e-005 
BH_0018_MCA_L_d5_cp120_lmd1d0.000_lmd2d0.000_lmd3d0.000_lmd4d0.200 5 120 0 0 0 0.2 6.95567145579373e-005 52.9054525451586 36.5376389677933 1750.99491181603 0.02140935419099 0.0104706637609978 1.16680991820557 6.78182404723474 6.78452763196185 0.000639689435840703 0.0170631970428179 0.155522288820383 1 1.55305409119357e-005 
BH_0018_MCA_L_d5_cp121_lmd1d0.000_lmd2d0.000_lmd3d0.000_lmd4d0.200 5 121 0 0 0 0.2 6.84494714512077e-005 53.2927451740957 73.0418558027918 1753.31837970644 0.021484730123568 0.0104064518253647 1.16607656878691 6.76661927442109 6.7693082238854 0.000244875815160513 0.017691702496057 0.155984759225395 1 1.46651060811029e-005 
BH_0018_MCA_L_d5_cp120_lmd1d0.000_lmd2d0.000_lmd3d0.000_lmd4d0.500 5 120 0 0 0 0.5 9.44837006056638e-005 47.4467303364486 421.093138659591 1718.24905958014 0.0214794747123933 0.0118900588820873 1.17850109098435 6.58217329905421 6.58530924561253 0.00521757581088899 0.036161658870527 0.154302695050572 1 1.55305409119357e-005 
BH_0018_MCA_L_d5_cp121_lmd1d0.000_lmd2d0.000_lmd3d0.000_lmd4d0.500 5 121 0 0 0 0.5 9.27855150166216e-005 47.7924361775731 471.497591834609 1720.32285309863 0.0214748618813933 0.0118019176431991 1.17734041146933 6.56462952028918 6.56773803483434 0.0053995682266134 0.0327172785285521 0.153354197298686 1 1.46651060811029e-005 
BH_0018_MCA_L_d5_cp120_lmd1d0.000_lmd2d0.000_lmd3d0.000_lmd4d1.000 5 120 0 0 0 1 0.000119718356937902 43.6962187594692 821.048674058006 1695.75255112891 0.0220679802453389 0.0131519336848058 1.18785033457957 6.49306330762342 6.49654144020491 -0.000127418470803447 0.0517433699082676 0.163741133248925 1 1.55305409119357e-005 
BH_0018_MCA_L_d5_cp121_lmd1d0.000_lmd2d0.000_lmd3d0.000_lmd4d1.000 5 121 0 0 0 1 0.000117317961164409 44.013618175355 883.764326477122 1697.65632352132 0.0220081871387344 0.0130385480598925 1.1870849661982 6.47896187660234 6.48242252450539 0.000601731331483472 0.0494146243037952 0.162325511083989 1 1.46651060811029e-005 
BH_0018_MCA_L_d5_cp120_lmd1d0.000_lmd2d0.000_lmd3d0.000_lmd4d2.000 5 120 0 0 0 2 0.000154476507389755 40.2485294220636 1382.25592917338 1675.07545222359 0.0232057498220554 0.0147052624121858 1.19113124294165 6.37374002161614 6.37739342843333 -0.00798845816836564 0.0546863705403217 0.172129633070191 1 1.55305409119357e-005 
BH_0018_MCA_L_d5_cp121_lmd1d0.000_lmd2d0.000_lmd3d0.000_lmd4d2.000 5 121 0 0 0 2 0.000150968152859571 40.5399620805825 1459.51199467214 1676.82313600253 0.0230856621356059 0.0145566207989206 1.19128771747358 6.37327221946751 6.37693119230519 -0.00742909912088954 0.0539498873076356 0.171366061289719 1 1.46651060811029e-005 
BH_0018_MCA_L_d5_cp120_lmd1d0.000_lmd2d0.000_lmd3d0.000_lmd4d5.000 5 120 0 0 0 5 0.000223189924366063 36.1189245556554 2507.82383624081 1650.31568851356 0.025614602735326 0.0173497513906188 1.1791725528815 5.9775326221712 5.98100845269457 -0.00387566575295058 0.0596314598407184 0.169906818688662 1 1.55305409119357e-005 
BH_0018_MCA_L_d5_cp121_lmd1d0.000_lmd2d0.000_lmd3d0.000_lmd4d5.000 5 121 0 0 0 5 0.00021760108886366 36.3790950827669 2615.89272126242 1651.875258579 0.02542271691499 0.0171510802694355 1.18108932382117 6.00684492910492 6.01036913256717 -0.00444203645231725 0.057298454777147 0.169635100978134 1 1.46651060811029e-005 
BH_0018_MCA_L_d5_cp120_lmd1d0.000_lmd2d0.000_lmd3d0.000_lmd4d10.000 5 120 0 0 0 10 0.000295212229487191 33.2917624627362 3696.60118127274 1633.37144175537 0.0278985837365917 0.0197048539198472 1.15111770957029 5.47681170643216 5.47963319257681 0.00804923062075353 0.0825801818299181 0.168759097892126 1 1.55305409119357e-005 
BH_0018_MCA_L_d5_cp121_lmd1d0.000_lmd2d0.000_lmd3d0.000_lmd4d10.000 5 121 0 0 0 10 0.000287973769860097 33.5302605444787 3846.44817684541 1634.80054824633 0.027678106849046 0.0194822733901682 1.15425235573543 5.52135349556107 5.52425288952294 0.00452524394950918 0.0705237558330746 0.166383421019093 1 1.46651060811029e-005 
BH_0018_MCA_L_d5_cp120_lmd1d0.000_lmd2d0.000_lmd3d0.000_lmd4d20.000 5 120 0 0 0 20 0.000381487819564831 30.6980455141326 5125.39639084766 1617.83157171717 0.0302445984971686 0.0221465422611938 1.11601717109958 4.93186995406593 4.93387716091691 0.0154236069422962 0.116163164189946 0.181762971732591 1 1.55305409119357e-005 
BH_0018_MCA_L_d5_cp121_lmd1d0.000_lmd2d0.000_lmd3d0.000_lmd4d20.000 5 121 0 0 0 20 0.000372952347546272 30.9165008220267 5337.3643485994 1619.14008434181 0.0300215148315675 0.0219182669651853 1.11927627271146 4.9764510235966 4.97853344468012 0.0147543872071842 0.111059060882612 0.179068627045264 1 1.46651060811029e-005 
BH_0018_MCA_L_d5_cp120_lmd1d0.000_lmd2d0.000_lmd3d0.000_lmd4d50.000 5 120 0 0 0 50 0.000507528752847529 27.5955518443896 7216.8587815321 1599.24938034137 0.033052723583967 0.0252034061160938 1.07549560424765 4.37917185998119 4.38031805292241 0.00750582314275995 0.106169547404984 0.181913071372947 1 1.55305409119357e-005 
BH_0018_MCA_L_d5_cp121_lmd1d0.000_lmd2d0.000_lmd3d0.000_lmd4d50.000 5 121 0 0 0 50 0.000498111182663264 27.790209368984 7537.56750957069 1600.41487692069 0.0328528892259905 0.024989407953428 1.07736209785189 4.40664609756448 4.40782797126645 0.00892298508058308 0.1063012168548 0.18084156380446 1 1.46651060811029e-005 
BH_0018_MCA_L_d5_cp120_lmd1d0.000_lmd2d0.000_lmd3d0.000_lmd4d100.000 5 120 0 0 0 100 0.000606026432661863 25.4729226850989 8853.09305191749 1586.53921478238 0.0348650948883864 0.0272914204396314 1.06718372952496 4.1904902956068 4.19149762835823 -0.00121195840697487 0.0785921611958516 0.175067570071887 1 1.55305409119357e-005 
BH_0018_MCA_L_d5_cp121_lmd1d0.000_lmd2d0.000_lmd3d0.000_lmd4d100.000 5 121 0 0 0 100 0.000596245156082004 25.6515223753677 9264.56822262341 1587.60826979208 0.0346838167129183 0.0270909131063531 1.06681730797284 4.19931248086473 4.20030969780762 4.26501963156921e-005 0.0779266962417074 0.173647749161245 1 1.46651060811029e-005 
BH_0018_MCA_L_d5_cp120_lmd1d0.000_lmd2d0.000_lmd3d0.000_lmd4d200.000 5 120 0 0 0 200 0.000710508182137278 23.5259516579746 10590.5618199063 1574.88455387449 0.036587028566997 0.0293072050818324 1.08417482122751 4.24125935807039 4.24265667406944 -0.0119296677749859 0.0776554938755415 0.184310667655684 1 1.55305409119357e-005 
BH_0018_MCA_L_d5_cp121_lmd1d0.000_lmd2d0.000_lmd3d0.000_lmd4d200.000 5 121 0 0 0 200 0.000699580896895742 23.6898693074648 11084.854101357 1575.86521867727 0.0363990872285251 0.0291011384116232 1.08160434844294 4.22893336259422 4.23026937220513 -0.0105195248515077 0.0739191340898972 0.181479075366722 1 1.46651060811029e-005 
BH_0018_MCA_L_d5_cp120_lmd1d0.000_lmd2d0.000_lmd3d0.000_lmd4d500.000 5 120 0 0 0 500 0.0008913178798789 21.1974576923425 13603.5634309501 1560.96060060211 0.039521307937707 0.0325050404820927 1.15061379497314 4.7298947102452 4.73314277015111 -0.0223629189148033 0.118987165752373 0.213763276441316 1 1.55305409119357e-005 
BH_0018_MCA_L_d5_cp121_lmd1d0.000_lmd2d0.000_lmd3d0.000_lmd4d500.000 5 121 0 0 0 500 0.000874796631742215 21.3437605933681 14177.2051017701 1561.83412248375 0.0392410073030678 0.0322221196561186 1.14455960122651 4.68490309660197 4.68795983006592 -0.0218644483101239 0.112101387914275 0.20958702147267 1 1.46651060811029e-005 
BH_0018_MCA_L_d5_cp120_lmd1d0.000_lmd2d0.000_lmd3d0.000_lmd4d1000.000 5 120 0 0 0 1000 0.00111889405825993 19.6047241358363 17403.9069368057 1551.46336906946 0.0432285280531574 0.0361777791211419 1.2409744081977 5.47754281514907 5.48398218325795 -0.0327132219884209 0.160690235518778 0.247267894116353 1 1.55305409119357e-005 
BH_0018_MCA_L_d5_cp121_lmd1d0.000_lmd2d0.000_lmd3d0.000_lmd4d1000.000 5 121 0 0 0 1000 0.00109167108335417 19.7389405026725 18012.5778543994 1552.261589297 0.0427850384164191 0.035754924344058 1.23170413366627 5.40285413802455 5.40893503713983 -0.0305292280752205 0.148788069670683 0.23799541093411 1 1.46651060811029e-005 
