#spline3d 5 121 5 121
0.14190087490215661 -0.094844814038478137 0.091784695098065028
0.071014787543545135 -0.047377914073526241 0.045848874908460117
2.0993439527726474e-005 1.5417916970620862e-005 -1.4482217244556803e-005
-0.071030742932630703 0.047372881684847434 -0.045841424194613442
-0.14208884091539267 0.094733846671581717 -0.091669491232712744
-0.21311916950338392 0.14212109578469159 -0.13752184962308117
-0.284161110998152 0.18948023952838328 -0.18336076347596381
-0.35525219730716268 0.23676392115190872 -0.22914986978061241
-0.42629640895985221 0.28412582605020414 -0.2749823414909992
-0.49717575629255834 0.33176032230468822 -0.32097506181806912
-0.5681342175168963 0.3792829754164096 -0.36690733115840762
-0.63962203254459382 0.42595239209056635 -0.41233715832578371
-0.71134509219619835 0.47218884745506251 -0.4574988934051919
-0.78105348891569548 0.52160394585863246 -0.50453762071737096
-0.84969786219947008 0.57291975224318348 -0.5527310051681037
-0.9241428040324392 0.6153732718454934 -0.59571185804992222
-1.0114980788535195 0.63717037427667045 -0.62642609903140645
-1.1065077240354069 0.64645254121161844 -0.6496766602668087
-1.200497502079181 0.65727424811904434 -0.6738272385494255
-1.2926174225659994 0.6711333809429334 -0.69978503991231267
-1.3845747217779103 0.68529333570380169 -0.72593021856240714
-1.4771501108467784 0.6984488529360664 -0.75148494625797002
-1.5698767062241132 0.71135197319231225 -0.77688879652553267
-1.6624237511599713 0.72454772231910958 -0.80245829827907134
-1.7549063682766388 0.73785190171965909 -0.82808750551935506
-1.8474234487962495 0.75109785949009711 -0.8536865686321552
-1.9399690860091643 0.76429232075495623 -0.87926388087003038
-2.0325081649146335 0.77750310175009862 -0.90484682236707792
-2.1250401624238542 0.79073983738582609 -0.93042685895977917
-2.2175730679070229 0.80396373646426211 -0.95600885712650696
-2.3100994435373337 0.81715420239258929 -0.98161970639068552
-2.4026213847290827 0.83033614774738207 -1.0072432664981192
-2.495179032837521 0.84361528883194192 -1.0327484088639547
-2.5877641763143244 0.85696294618204394 -1.0581679881088137
-2.6802579575963463 0.87008027371172691 -1.0838844391715352
-2.7726141417418848 0.88286245073548586 -1.1100323977880113
-2.8651406785764717 0.89608415974393008 -1.1356191934627391
-2.9583123968319032 0.9109201419877041 -1.1591621771311869
-3.0510075769557368 0.92450778605314565 -1.1842855231599543
-3.1410568815979296 0.93138740941510645 -1.2178703816262924
-3.2283030667775421 0.93130165581642144 -1.2602061103175655
-3.314890685224416 0.92967197116922584 -1.304463683534572
-3.4020778371668663 0.92957139775346631 -1.3467870322544475
-3.4894871037118316 0.92999662733490984 -1.3884498825183573
-3.5767739189914627 0.93015904383255732 -1.4304993970410904
-3.6639485056148255 0.93010762339780606 -1.4728614969186817
-3.751161037337714 0.92996042710077853 -1.515160042642419
-3.8384534985307104 0.9296994949156927 -1.5573428243352965
-3.9256998266645198 0.92987042769055717 -1.5995235050703773
-4.0128221114478748 0.93071146221179446 -1.6416884923281858
-4.09995681151441 0.93096301381592972 -1.6838589314153614
-4.1875314454903805 0.92810878407420483 -1.726240446058124
-4.2752028943823932 0.92622648291831167 -1.7686727525790256
-4.3612858787980784 0.93756860215178195 -1.8103222460147583
-4.4447608871272468 0.96545730609630165 -1.8507031718128499
-4.5268605442224983 1.0000556525419471 -1.8904289918954569
-4.6092737493843607 1.0321014717106873 -1.9303054701040085
-4.6920369933061012 1.0622422353049272 -1.9703510255222774
-4.7747944854922171 1.0927381927721989 -2.0103929335125161
-4.8574304815219032 1.1239066955242554 -2.050378241623052
-4.9400467604822724 1.1551054302046955 -2.0903536143527588
-5.0227000563601942 1.1860743385271335 -2.1303468625204793
-5.1053635497181169 1.2170057635901605 -2.1703462801160245
-5.1880198905624848 1.2479955618709135 -2.2103399449711483
-5.2706715465139489 1.2790078217884302 -2.2503305236692404
-5.3533237628937318 1.3100088922758295 -2.2903227094983225
-5.4359709971424106 1.341005685099856 -2.3303248314505081
-5.5186196752580869 1.3720032117384049 -2.3703255013051021
-5.6012734841567839 1.4029983661547363 -2.4103192965177174
-5.6839273914641986 1.4339935986014418 -2.4503119798541584
-5.7665839988694962 1.4649870098913536 -2.4902971777184604
-5.8492373616336657 1.4959832985734436 -2.5302869553654381
-5.9318853379113259 1.5269806344237074 -2.5702974707580424
-6.0145357326838704 1.5579765024828629 -2.6103071733306225
-6.0972072347248103 1.5889604582107928 -2.6502564596250586
-6.1798818322792197 1.61993885262896 -2.6901720150552051
-6.2624970704965017 1.6509504882137633 -2.73025360469798
-6.345048169214226 1.6820138258491328 -2.770575469422492
-6.4277781332877577 1.7129903823905954 -2.8104362379087324
-6.5107759277843344 1.7437735235357319 -2.8493904619261792
-6.5933857946391212 1.7746982088868366 -2.889174323584994
-6.6749732902914793 1.8063065695638272 -2.9322454692827726
-6.7571212043952142 1.8379198072419465 -2.9748335456379449
-6.8447096882538307 1.8663566411294108 -3.0015628616250165
-6.9379712873257562 1.8907556066323417 -3.0091947750568564
-7.0332026545016868 1.9133253361078684 -3.0086545072802449
-7.1274412773164775 1.9365042804943637 -3.0110832150216278
-7.2210463155062037 1.9602084477201906 -3.0159310351391633
-7.3148485681467958 1.9838252276367967 -3.0203136499319156
-7.4088669358323047 2.0072752894929358 -3.0239010146442951
-7.5028764458813297 2.0307087033226487 -3.0274462074534929
-7.5968101608868448 2.0541987842382547 -3.0312566774286975
-7.6907317473048318 2.07770489704868 -3.0351271499890422
-7.7846790633527112 2.1011883302771288 -3.0389184990804199
-7.8786337626538145 2.1246644343163452 -3.0426826016037865
-7.9725815445315549 2.1481511864883966 -3.0464644287956655
-8.0665220484798468 2.1716395113653628 -3.0502657654719911
-8.1604629371320172 2.1951209502276896 -3.0540643120207491
-8.2544127525621427 2.2186139262585733 -3.0578370846904099
-8.3483768377316085 2.2421172503348425 -3.0615823714458612
-8.44231929124307 2.2655928269212882 -3.0653975738372048
-8.5362023015269433 2.2890211202208639 -3.0693496877105013
-8.6301309038502296 2.3125088645884215 -3.0731186898024112
-8.7242409776464847 2.3361605025762158 -3.0764450716633731
-8.8183849438131841 2.3597949654046158 -3.0798868177679606
-8.9118770862695449 2.3827911440730412 -3.0850551499302514
-9.0049755076461064 2.4055655143186074 -3.0906543480923157
-9.0999458534773137 2.4302994183413791 -3.0908169045849525
-9.1968817402151117 2.4564025040177628 -3.0877918815337808
-9.2890783935760926 2.4769103837124842 -3.1009255749612734
-9.3663755346202944 2.4832662858812697 -3.1521617609196109
-9.4337739973912278 2.4809804002061404 -3.225876938223978
-9.501270747407677 2.4791736853473436 -3.2978996026182963
-9.5712153529558286 2.479538980840744 -3.3642326125138715
-9.6416276605168569 2.4802132724666537 -3.42986700346506
-9.7112844018258855 2.4801931352099151 -3.4973488845802665
-9.7806833586862147 2.4799745464150886 -3.5653215846167785
-9.8502327784921437 2.4799190333286654 -3.6328575336936257
-9.9199744044152904 2.4800098541451652 -3.7000018224847717
-9.9899063651953561 2.4801843579455545 -3.7669058079129996
-10.060029901311196 2.4803832305429649 -3.8337138703288467
