#fname degree numKnot L1 L2 L3 L4 MSE traceH AIC AIC0 GCV GCV2 cv_avr cv_stdev cv_error ts_avr ts_stdev ts_error sigma0 sigma_opt
BH_0023_MCA_R_d5_cp120_lmd1d0.000_lmd2d0.000_lmd3d0.000_lmd4d0.000 5 120 0 0 0 0 3.3485446295292e-006 119.999999999997 -365.328128286296 1822.72690955451 -0.00228737862708385 0.00457475725416685 0.569694716782301 1.43148602237792 1.48783877114649 0.222972431227839 1.62716917277866 1.62857897851065 1 1.39448639837658e-005 
BH_0023_MCA_R_d5_cp121_lmd1d0.000_lmd2d0.000_lmd3d0.000_lmd4d0.000 5 121 0 0 0 0 2.78718387820216e-006 121.000000000004 -371.200210626526 1828.7267972824 -0.00204844921719295 0.00422654711901858 0.547257078334366 1.47065991136357 1.53168451242312 0.302219776097683 2.55343627942676 2.55766394528539 1 1.36148626352899e-005 
BH_0023_MCA_R_d5_cp120_lmd1d0.000_lmd2d0.000_lmd3d0.000_lmd4d0.000 5 120 0 0 0 0.0001 3.5547359955635e-006 111.11866365921 -415.658908938466 1769.43893274806 -0.00282762062380148 0.00424251216194568 0.494352218269013 1.3576598602489 1.44032868270378 0.0769243087288934 0.671006346872339 0.675559188859249 1 1.39448639837658e-005 
BH_0023_MCA_R_d5_cp121_lmd1d0.000_lmd2d0.000_lmd3d0.000_lmd4d0.000 5 121 0 0 0 0.0001 3.02197186507962e-006 112.018564239769 -421.639829877929 1774.83822967859 -0.0025553976210752 0.00395170174826595 0.459727480316998 1.38828353967499 1.48092590824234 0.249269228422252 2.15712820780445 2.15917733868801 1 1.36148626352899e-005 
BH_0023_MCA_R_d5_cp120_lmd1d0.000_lmd2d0.000_lmd3d0.000_lmd4d0.000 5 120 0 0 0 0.0002 3.86439220532518e-006 106.881086104831 -436.643223599918 1744.01352935303 -0.00325887375213872 0.00422214060976035 0.462688700382495 1.31491796489995 1.41130257628127 0.0282421976965706 0.409265282250064 0.428511633241582 1 1.39448639837658e-005 
BH_0023_MCA_R_d5_cp121_lmd1d0.000_lmd2d0.000_lmd3d0.000_lmd4d0.000 5 121 0 0 0 0.0002 3.37165475310029e-006 107.729693883814 -442.236270286395 1749.10507747944 -0.00298111909897505 0.00398005966983499 0.432602342547474 1.33925524710337 1.44503302904855 0.141797353149091 1.11715972347094 1.11724039414997 1 1.36148626352899e-005 
BH_0023_MCA_R_d5_cp120_lmd1d0.000_lmd2d0.000_lmd3d0.000_lmd4d0.001 5 120 0 0 0 0.0005 4.66638323561185e-006 99.6134317946818 -468.74683532967 1700.40776389035 -0.00437105390779721 0.00430372575843627 0.434750537327301 1.24274175823165 1.35521065130998 -0.0322788658946077 0.450022809797996 0.487521809874489 1 1.39448639837658e-005 
BH_0023_MCA_R_d5_cp121_lmd1d0.000_lmd2d0.000_lmd3d0.000_lmd4d0.001 5 121 0 0 0 0.0005 4.2610821481045e-006 100.383639785322 -473.247058796232 1705.02893077397 -0.00408150294982376 0.00414437723722339 0.415972834096987 1.25889190066379 1.37755240785433 0.0262657299632014 0.291563880819571 0.318809502506508 1 1.36148626352899e-005 
BH_0023_MCA_R_d5_cp120_lmd1d0.000_lmd2d0.000_lmd3d0.000_lmd4d0.001 5 120 0 0 0 0.001 5.60524895176593e-006 93.4258148623703 -492.407138949818 1663.28225006962 -0.00589839576767242 0.00444299094363889 0.4222346923414 1.18452095099801 1.30727430742181 -0.0724710441971305 0.724966225098608 0.759881996809469 1 1.39448639837658e-005 
BH_0023_MCA_R_d5_cp121_lmd1d0.000_lmd2d0.000_lmd3d0.000_lmd4d0.001 5 121 0 0 0 0.001 5.27508052566438e-006 94.1336403976759 -495.851592645216 1667.52913724777 -0.00557458414955099 0.00433896915806458 0.412031350442906 1.19618536870789 1.32216712731071 -0.0521194319245785 0.617849739374959 0.651712532016755 1 1.36148626352899e-005 
BH_0023_MCA_R_d5_cp120_lmd1d0.000_lmd2d0.000_lmd3d0.000_lmd4d0.002 5 120 0 0 0 0.002 6.84609050954064e-006 87.0969052974957 -512.58420106093 1625.30904084868 -0.00853800922767438 0.00463495442033459 0.412618585669271 1.12784254329622 1.26041028497496 -0.107386733042679 0.992233417804584 1.02639713453843 1 1.39448639837658e-005 
BH_0023_MCA_R_d5_cp121_lmd1d0.000_lmd2d0.000_lmd3d0.000_lmd4d0.002 5 121 0 0 0 0.002 6.57809324329036e-006 87.7444054638594 -515.0459686214 1629.19398824741 -0.00811212689003821 0.00456953506106627 0.409013408298372 1.13660800458466 1.26986343257172 -0.0806436682444963 0.748413844775605 0.784701480558361 1 1.36148626352899e-005 
BH_0023_MCA_R_d5_cp120_lmd1d0.000_lmd2d0.000_lmd3d0.000_lmd4d0.005 5 120 0 0 0 0.005 9.03535133827416e-006 78.9072913963806 -530.323072241381 1576.17179529416 -0.0163710931519334 0.00496460298887115 0.402788647677645 1.05685609638002 1.20196043114567 -0.0589406466908539 0.508425829542543 0.551690975897779 1 1.39448639837658e-005 
BH_0023_MCA_R_d5_cp121_lmd1d0.000_lmd2d0.000_lmd3d0.000_lmd4d0.005 5 121 0 0 0 0.005 8.79717924039539e-006 79.4863775081389 -531.996143169171 1579.64626433029 -0.0154241852226664 0.00492227161788089 0.403402790157236 1.06392400417336 1.20788887397975 -0.0487668007651354 0.406008787383952 0.45437320945471 1 1.36148626352899e-005 
BH_0023_MCA_R_d5_cp120_lmd1d0.000_lmd2d0.000_lmd3d0.000_lmd4d0.010 5 120 0 0 0 0.01 1.12145800954135e-005 72.9940326222881 -534.547694616608 1540.69267849536 -0.0352839579645007 0.00527348090047324 0.399850408864283 1.00541128206876 1.15844243383787 0.0114822475939279 0.444599914835713 0.467258510688817 1 1.39448639837658e-005 
BH_0023_MCA_R_d5_cp121_lmd1d0.000_lmd2d0.000_lmd3d0.000_lmd4d0.010 5 121 0 0 0 0.01 1.09471602539449e-005 73.529651295299 -536.153647630984 1543.90633704945 -0.0321400429370104 0.00523229253890919 0.401017901536238 1.01207508349267 1.16365403289408 0.00703330258236242 0.328996930413054 0.360831255761309 1 1.36148626352899e-005 
BH_0023_MCA_R_d5_cp120_lmd1d0.000_lmd2d0.000_lmd3d0.000_lmd4d0.020 5 120 0 0 0 0.02 1.39448639837658e-005 67.3950842303873 -528.983112911278 1507.09953420073 -0.341771207813567 0.00563219279844648 0.397619699489543 0.957058577008367 1.11788658803601 0.0794947986874693 0.739760495477827 0.743626496101264 1 1.39448639837658e-005 
BH_0023_MCA_R_d5_cp121_lmd1d0.000_lmd2d0.000_lmd3d0.000_lmd4d0.020 5 121 0 0 0 0.02 1.36148626352899e-005 67.890830411585 -530.798481906476 1510.07394528764 -0.200944377847747 0.00558603516030187 0.398995656886047 0.963174878127532 1.12242029938996 0.0776174259186723 0.710071613340995 0.71429989228779 1 1.36148626352899e-005 
BH_0023_MCA_R_d5_cp120_lmd1d0.000_lmd2d0.000_lmd3d0.000_lmd4d0.050 5 120 0 0 0 0.05 1.85983872509333e-005 60.5339110839988 -503.40839980716 1465.93342602705 0.046880337283582 0.00618442058054123 0.395514933088622 0.897461531858023 1.06844872606325 0.071003618328653 0.53175928083892 0.538387270652116 1 1.39448639837658e-005 
BH_0023_MCA_R_d5_cp121_lmd1d0.000_lmd2d0.000_lmd3d0.000_lmd4d0.050 5 121 0 0 0 0.05 1.81641044741927e-005 60.9798980004133 -505.436493007205 1468.60926066898 0.0499631918082879 0.00613139631365438 0.39577213203955 0.903159893049245 1.07310069412425 0.0709038176444447 0.538089457198798 0.544655858936264 1 1.36148626352899e-005 
BH_0023_MCA_R_d5_cp120_lmd1d0.000_lmd2d0.000_lmd3d0.000_lmd4d0.100 5 120 0 0 0 0.1 2.30782345635066e-005 55.7662391595091 -467.763574296064 1437.32829044957 0.0293809951515528 0.00666138231170089 0.396436593544215 0.854278859428968 1.03192537355472 0.0561559799670127 0.316166968162867 0.331324380725404 1 1.39448639837658e-005 
BH_0023_MCA_R_d5_cp121_lmd1d0.000_lmd2d0.000_lmd3d0.000_lmd4d0.100 5 121 0 0 0 0.1 2.25613801927251e-005 56.176803635067 -469.659832110696 1439.79157393205 0.0301871251625106 0.00660516835133489 0.396367581312584 0.859474372617632 1.03626912795598 0.0573215934260666 0.333416848567272 0.347493164164609 1 1.36148626352899e-005 
BH_0023_MCA_R_d5_cp120_lmd1d0.000_lmd2d0.000_lmd3d0.000_lmd4d0.200 5 120 0 0 0 0.2 2.86201064577861e-005 51.3567383581475 -414.737955240262 1410.87239401578 0.0232954554804037 0.00719814169939186 0.395401468114375 0.81343344679595 0.998974991614321 0.0411496619579214 0.186396720472295 0.218532573745194 1 1.39448639837658e-005 
BH_0023_MCA_R_d5_cp121_lmd1d0.000_lmd2d0.000_lmd3d0.000_lmd4d0.200 5 121 0 0 0 0.2 2.79953253420322e-005 51.7341249901225 -416.492180526522 1413.13658885141 0.0236220598147007 0.00713726053237815 0.395591940349797 0.818069372672432 1.00264335078456 0.0420317726728437 0.180391744554875 0.212963511453455 1 1.36148626352899e-005 
BH_0023_MCA_R_d5_cp120_lmd1d0.000_lmd2d0.000_lmd3d0.000_lmd4d0.500 5 120 0 0 0 0.5 3.86866059412658e-005 46.0518178835732 -302.191749572911 1379.04488446823 0.0201144842950582 0.00808045369016965 0.388405975056606 0.762250602223492 0.962011054013438 0.00751935781946726 0.328428129615117 0.360113080343889 1 1.39448639837658e-005 
BH_0023_MCA_R_d5_cp121_lmd1d0.000_lmd2d0.000_lmd3d0.000_lmd4d0.500 5 121 0 0 0 0.5 3.77910619677382e-005 46.3889395147457 -304.665600275138 1381.06743514648 0.0202108237115427 0.0080039074161116 0.388995532389346 0.766397883692075 0.96494214393444 0.00830979033572998 0.328459632047391 0.3598183559874 1 1.36148626352899e-005 
BH_0023_MCA_R_d5_cp120_lmd1d0.000_lmd2d0.000_lmd3d0.000_lmd4d1.000 5 120 0 0 0 1 4.96341569428413e-005 42.410114075179 -167.03002860912 1357.19685112807 0.0193628815161991 0.00894112114614686 0.386511854992531 0.72211200091061 0.931725225249292 -0.022562021930897 0.460330147900237 0.493468735860165 1 1.39448639837658e-005 
BH_0023_MCA_R_d5_cp121_lmd1d0.000_lmd2d0.000_lmd3d0.000_lmd4d1.000 5 121 0 0 0 1 4.84251031747858e-005 42.7195170280823 -170.46989138615 1359.05302703474 0.0193727016572042 0.00884892346569596 0.386608323771311 0.72630121273024 0.934914977927087 -0.0215007710848667 0.459227357006188 0.492058015550915 1 1.36148626352899e-005 
BH_0023_MCA_R_d5_cp120_lmd1d0.000_lmd2d0.000_lmd3d0.000_lmd4d2.000 5 120 0 0 0 2 6.39932448584042e-005 39.0645501359873 18.8374693918554 1337.1263393105 0.0193211700115283 0.00994134952773754 0.388146897340688 0.681795640436529 0.899771498702195 -0.072821793586185 0.803766909017549 0.835491302024987 1 1.39448639837658e-005 
BH_0023_MCA_R_d5_cp121_lmd1d0.000_lmd2d0.000_lmd3d0.000_lmd4d2.000 5 121 0 0 0 2 6.24427283938587e-005 39.3485961087226 15.2210964635929 1338.83030504362 0.0192841123950666 0.00983753761801439 0.388217399866716 0.685751276245722 0.902726692574086 -0.0723148628285535 0.801999795441745 0.83365292217909 1 1.36148626352899e-005 
BH_0023_MCA_R_d5_cp120_lmd1d0.000_lmd2d0.000_lmd3d0.000_lmd4d5.000 5 120 0 0 0 5 8.84384339790618e-005 35.0598109551481 345.406776229809 1313.10279326329 0.0198357199897162 0.0114031287937695 0.387563914485724 0.632669227726563 0.863538500155118 -0.123745546165128 1.08340001683629 1.11873996078957 1 1.39448639837658e-005 
BH_0023_MCA_R_d5_cp121_lmd1d0.000_lmd2d0.000_lmd3d0.000_lmd4d5.000 5 121 0 0 0 5 8.63461299441942e-005 35.3136016396989 342.148003970572 1314.62511890979 0.0197583273457867 0.0112847957377984 0.387716942034044 0.636380198664041 0.866157198184596 -0.111135609877088 0.992988478309385 1.02809196005194 1 1.36148626352899e-005 
BH_0023_MCA_R_d5_cp120_lmd1d0.000_lmd2d0.000_lmd3d0.000_lmd4d10.000 5 120 0 0 0 10 0.000113068346785604 32.3193584771968 682.211146958857 1296.66500437814 0.0206389003964965 0.0126828714305789 0.383666091776806 0.597581055338016 0.840909297796604 -0.119458026991592 0.981017369801876 1.01874668061048 1 1.39448639837658e-005 
BH_0023_MCA_R_d5_cp121_lmd1d0.000_lmd2d0.000_lmd3d0.000_lmd4d10.000 5 121 0 0 0 10 0.000110302508503196 32.5522214008056 677.494820041127 1298.06162875214 0.0205240527395777 0.0125442095381968 0.38408522535274 0.60115625486334 0.843159773931646 -0.121439043282357 0.984180548697004 1.02232738974378 1 1.36148626352899e-005 
BH_0023_MCA_R_d5_cp120_lmd1d0.000_lmd2d0.000_lmd3d0.000_lmd4d20.000 5 120 0 0 0 20 0.000147526371548618 29.8054809960476 1161.33169507622 1281.5886310962 0.0219671780880407 0.0142731311484365 0.373697992197572 0.56432540466861 0.824853136040997 -0.123540023652532 0.897434516988513 0.939732722233232 1 1.39448639837658e-005 
BH_0023_MCA_R_d5_cp121_lmd1d0.000_lmd2d0.000_lmd3d0.000_lmd4d20.000 5 121 0 0 0 20 0.000143632492113371 30.0189136579772 1151.90672366944 1282.86844829189 0.021801568363456 0.0141011893107628 0.374592715985454 0.56770778386383 0.826520377795857 -0.124178776053613 0.900192303397566 0.942555881249762 1 1.36148626352899e-005 
BH_0023_MCA_R_d5_cp120_lmd1d0.000_lmd2d0.000_lmd3d0.000_lmd4d50.000 5 120 0 0 0 50 0.000219384143667987 26.7985033756042 2173.88822318549 1263.56113692797 0.0247676687185197 0.0171033417156361 0.360119764098591 0.518552769346978 0.804573260991179 -0.148409317373171 0.795483731801669 0.851461690326516 1 1.39448639837658e-005 
BH_0023_MCA_R_d5_cp121_lmd1d0.000_lmd2d0.000_lmd3d0.000_lmd4d50.000 5 121 0 0 0 50 0.000213151926747853 26.9886585797289 2154.95377988119 1264.70082170933 0.0245303367785919 0.0168771866587395 0.360529784450409 0.52212129585618 0.80656525110083 -0.145887038733663 0.799340027894779 0.854173163659005 1 1.36148626352899e-005 
BH_0023_MCA_R_d5_cp120_lmd1d0.000_lmd2d0.000_lmd3d0.000_lmd4d100.000 5 120 0 0 0 100 0.000298854054604788 24.7413880740583 3301.3187271466 1251.23433910088 0.0274892163883757 0.0197278703062333 0.355845457915242 0.482102722785078 0.784946725212242 -0.175823903841647 0.730137944683824 0.801681691483857 1 1.39448639837658e-005 
BH_0023_MCA_R_d5_cp121_lmd1d0.000_lmd2d0.000_lmd3d0.000_lmd4d100.000 5 121 0 0 0 100 0.000290839184837132 24.9157078891883 3283.72858989013 1252.2786550177 0.0272313233536812 0.0194809113671287 0.356070551441624 0.485416744344324 0.786809331466757 -0.172202656817455 0.733693384024848 0.803438613372597 1 1.36148626352899e-005 
BH_0023_MCA_R_d5_cp120_lmd1d0.000_lmd2d0.000_lmd3d0.000_lmd4d200.000 5 120 0 0 0 200 0.000395392277790164 22.8547263184592 4674.56906576429 1239.93367621192 0.0302573120876261 0.0224499055164739 0.351859739546822 0.449376365382816 0.768512352834185 -0.197905854845383 0.67664851297296 0.763251771127175 1 1.39448639837658e-005 
BH_0023_MCA_R_d5_cp121_lmd1d0.000_lmd2d0.000_lmd3d0.000_lmd4d200.000 5 121 0 0 0 200 0.000386248832349867 23.014573656336 4673.8731635783 1240.89093155009 0.03001492474609 0.0222088504197561 0.352274821020494 0.452133403907151 0.769791759286954 -0.194514148676022 0.680165560106606 0.764814572012646 1 1.36148626352899e-005 
BH_0023_MCA_R_d5_cp120_lmd1d0.000_lmd2d0.000_lmd3d0.000_lmd4d500.000 5 120 0 0 0 500 0.000538860971430769 20.5986174351026 6718.68881997916 1226.42571665051 0.033592883476206 0.0258787070816284 0.343942142303527 0.414828121016714 0.755439873966411 -0.162929974773843 0.483676693911931 0.578933951985954 1 1.39448639837658e-005 
BH_0023_MCA_R_d5_cp121_lmd1d0.000_lmd2d0.000_lmd3d0.000_lmd4d500.000 5 121 0 0 0 500 0.000528670581660752 20.741153466895 6752.38374416083 1227.27889476331 0.0333769997176764 0.0256532249997467 0.344420536150833 0.41691542846686 0.756188908570437 -0.15233120365134 0.462434546902028 0.555369568382467 1 1.36148626352899e-005 
BH_0023_MCA_R_d5_cp120_lmd1d0.000_lmd2d0.000_lmd3d0.000_lmd4d1000.000 5 120 0 0 0 1000 0.000661640779223295 19.0555268765793 8470.36258741229 1217.19172926093 0.0360173117337862 0.0284312402730994 0.347713623821841 0.387906354537692 0.737787450617905 -0.117479299478886 0.34872850407015 0.44269421288782 1 1.39448639837658e-005 
BH_0023_MCA_R_d5_cp121_lmd1d0.000_lmd2d0.000_lmd3d0.000_lmd4d1000.000 5 121 0 0 0 1000 0.000650000383180894 19.1861836798713 8525.36792698659 1217.97334200147 0.0357973121852317 0.0282003948609987 0.347021939818673 0.390264077800708 0.739617257711002 -0.114486494421509 0.33827762950284 0.432637282096714 1 1.36148626352899e-005 
