#spline3d 5 121 5 121
-0.40922826056565575 0.068232718082183702 -0.13226502774409618
-0.20465570031338431 0.034112474150638367 -0.066058932963949948
-8.8492972273598149e-006 -1.3036430523007689e-006 1.7493156951509481e-005
0.20467314321865171 -0.034107949598904029 0.066022821760006928
0.40934722244372795 -0.068200419082129593 0.13201374311841618
0.61399453398685422 -0.10233089108811129 0.19807205898334293
0.81867203028305524 -0.13654207152233733 0.26423241701501726
1.0234428172670458 -0.1701265292637674 0.32947849208774826
1.2276760764852757 -0.20567300358306725 0.3975502543002723
1.4334925077320142 -0.23762183622548358 0.46053210323491089
1.6360758377074649 -0.27098964709630691 0.52531872058983509
1.8421866259431348 -0.32260900090341144 0.61685059956855948
2.0580434741612375 -0.27996817699063603 0.57237080761307835
2.268785890340316 -0.23847773947600687 0.52914411913365844
2.4812178424547602 -0.20820126794693966 0.50231736415543038
2.6933192368193337 -0.17056542357005969 0.46479204130030305
2.9053972677894069 -0.13587189938019772 0.43152499796327815
3.1175293114972873 -0.10045102963164695 0.39722540153928232
3.3296372318645111 -0.065044552886161303 0.36293873858609532
3.541747501288762 -0.029735969223099141 0.32877979057963003
3.7538590129278413 0.0056328504225722012 0.29454331392700389
3.9659796749546947 0.040993009483233006 0.26034598853784835
4.1780676297292381 0.076301806883038781 0.22610569949272707
4.3902071943296237 0.11173062247247369 0.19196482411216353
4.6024339441456554 0.14714251360060415 0.15778879102948096
4.8136993109476576 0.18145313265028265 0.12261634944960588
5.0290248202165131 0.22147600887488489 0.092892073041101475
5.2325008695188027 0.24288403705884509 0.044958553957997624
5.4609415566371045 0.30789300422542704 0.040701851041886263
5.6597484795376687 0.30831123223760876 -0.031049940058478571
5.7802064496373919 0.1893955909743113 -0.21821204054401522
5.9430555747786666 0.14917202440516183 -0.32711692037823126
6.0702936948424302 0.035682070566939478 -0.50834887793789696
6.2441219334958848 -0.012975729083243149 -0.63212415697145485
6.4541794938495611 0.13304941329758904 -0.54388038856292342
6.6382202054086079 0.22148095941988138 -0.51239657176534537
6.832092472134832 0.31334318184517523 -0.48077528956759874
7.024017089048475 0.41335310031227762 -0.43892788488162643
7.2155968592482456 0.50729917761666943 -0.40398867813574485
7.407694297382033 0.60393625261118822 -0.36612048541221859
7.5995165214328324 0.6997286051246091 -0.32913932992454259
7.7914398562645921 0.79569284203193935 -0.29199242110294549
7.9833381436230564 0.89164357323384624 -0.2548350781800332
8.1752348935399617 0.98759852328460995 -0.2177037329263804
8.3671176871660169 1.0836037179991491 -0.18055724847038285
8.5591532929252381 1.1791820168923848 -0.14339810444415929
8.7505386738436624 1.2764803644608258 -0.1063442247598388
8.9437360310618477 1.369164218251258 -0.068952908521400041
9.1335428262515688 1.4700600927213499 -0.032222211976267658
9.3259711105905136 1.5658876668352482 0.0050239302321188218
9.5340913898772506 1.6197172704570757 0.045311786982695973
9.7392608487110053 1.6806071045200666 0.085013825130723142
9.9436902416732611 1.7439705814315662 0.12458311112049894
10.149166476932571 1.8043534861256056 0.16435920818769864
10.354068057685955 1.8663154791303427 0.20400721490291721
10.559177206875608 1.9277220788485974 0.24370479968268013
10.764235244700354 1.9892536171174557 0.28340770908081525
10.969302731850062 2.0507822348710212 0.32307972974663163
11.174367112042392 2.1122504768096193 0.36274925372459044
11.379408953159858 2.1740335182252641 0.40265686247927612
11.58460712624977 2.2345820077120679 0.44149019660647243
11.789212310492244 2.2987649491992284 0.48353552321400806
11.995426779011233 2.3551235593012687 0.51865970082043833
12.198537302404031 2.4215358019636515 0.5627295583014883
12.404541411021944 2.4942072458455522 0.61203100152005363
12.623123006974307 2.4668829595906749 0.57374108037119775
12.838603970986677 2.4496022170799057 0.54435498054929488
13.054036951761354 2.4408747308580914 0.5224077357004282
13.270040136501752 2.4250400935021741 0.49426320369271831
13.48568905065096 2.4122056085743355 0.46873300262048451
13.701462437003704 2.3987185823395274 0.44262101362843947
13.917216635390263 2.3851208122003418 0.41643137815218273
14.132963886420127 2.3717153636666577 0.39039805013423973
14.348717468253966 2.3581975650126439 0.36426801420603139
14.564467583787049 2.344717296480844 0.3381755608957302
14.780219590224982 2.3312349160006689 0.31207542413075479
14.995972828345987 2.3177566432566912 0.28598662959237592
15.211722672947259 2.3042634911124247 0.25987490160980969
15.427473627696072 2.290782588041937 0.23379281384681846
15.643230828687024 2.2772984007359569 0.20765206703221292
15.858968725211408 2.2638196101023831 0.1816627344807264
16.074740006114183 2.2503185314688672 0.1553627052873664
16.290490802000019 2.2368426634574075 0.12935780055195778
16.506134947094541 2.2234599851695882 0.10409048393545342
16.722282135298936 2.2095268672515975 0.074436767477145852
16.937226635965068 2.197061546783956 0.056301206689550985
17.153635881698687 2.182511137857384 0.021837785367546839
17.371701292888169 2.166949706526049 -0.020249150577527238
17.572820716823536 2.1701424318416054 0.083526026017526456
17.775088251507249 2.1704227435067023 0.16411420233767177
17.979003823521033 2.1696944301079584 0.23712813144383599
18.181619212630757 2.1701339823094616 0.31913030843885931
18.384842433440536 2.1699567889276117 0.39635965345825785
18.587858354039973 2.1700115839201901 0.47536991974010606
18.790921528676908 2.1699950347235046 0.55390393853589237
18.993989305651564 2.1700031008082328 0.63249517721085879
19.197042711872438 2.1700174528846885 0.71106157180354146
19.400076302615236 2.1698967212001392 0.78997312642645479
19.603290511481699 2.1703282486290822 0.86749864509920938
19.805872951375861 2.169313772209144 0.94859818311442901
20.0098783390441 2.1707178807140344 1.0238476335927078
20.212069654427683 2.1710907824339616 1.1011369668671525
20.413115929844835 2.1622001538497204 1.2024849514048108
20.629886579879166 2.194323911595133 1.2013668840335356
20.845021009401183 2.2367679652026906 1.1724718312020601
21.058639476923407 2.2687234063426733 1.1705971735317604
21.273673335405281 2.3056593089977113 1.1554859799226467
21.487549228959189 2.3422035453420089 1.1450424744673406
21.703392381896883 2.3743104986386903 1.1325404657952227
21.915056122957846 2.4184885166450201 1.1231158699962331
22.13280471847969 2.4421285355955593 1.1085537477733163
22.351658711543088 2.4748565545018368 1.0958976350190708
22.516384143293507 2.631806697562316 1.1168883368104456
22.689948669043826 2.7589677310288017 1.1301907596511021
22.865355352448358 2.8873357134065749 1.1436019913564981
23.038253609629226 3.0194014495903629 1.1580888588601019
23.212434130859876 3.1490482779769082 1.1719256390493964
23.386195196872087 3.2795927081204139 1.1859709880683971
23.559909781765356 3.4101557931132884 1.2000383545785693
23.733989097748946 3.5400859324592187 1.2139527892816622
23.908834431672972 3.6687056387179808 1.2275325072898013
