#spline3d 5 120 5 120
0.38257367026148953 0.096059826777908405 -0.18813280359089982
0.19148628344306035 0.047982613273701277 -0.093461012719773084
4.2453995655039442e-005 -9.1969971227881444e-006 0.00011991485031648049
-0.19158076226256274 -0.047947988496371913 0.093060233309891979
-0.38336108444036021 -0.09572303579576566 0.18467305077352633
-0.57470319004299131 -0.14379357907535159 0.27892394226040496
-0.76638737080162689 -0.19191575027058974 0.37308493891657957
-0.9595138336229988 -0.23801075267704008 0.4510127664330506
-1.1451849233810241 -0.29137744352510087 0.59021513166678163
-1.3499779410139028 -0.32985088537946167 0.59894551946356445
-1.5627494142738942 -0.3544102392223073 0.49871101465921286
-1.7689772050284878 -0.38592589611459888 0.45632499607733784
-1.9779151189645694 -0.41546592183410735 0.39636582034932283
-2.1862296672124031 -0.44508523199066763 0.33764928962648877
-2.3945281029712469 -0.47497143761959876 0.28115885346220898
-2.6028599432021506 -0.50470454883493876 0.22370295134174009
-2.8112677146277054 -0.53433890452171351 0.16246584560781635
-3.0197093403666249 -0.56454601272921934 0.11562138533051598
-3.2272302630199654 -0.59349314285161647 0.040626619915918954
-3.4380684733129359 -0.62361881485119275 -0.017631293256871978
-3.6439966888265509 -0.65905296457906526 0.077246921804996482
-3.8479331122987444 -0.69316446514738617 0.14477422056820347
-4.0536387836039882 -0.7271014770544737 0.20520872129723802
-4.2585574337235084 -0.76147909475550246 0.27467385847785641
-4.463604381036455 -0.79598949070438618 0.33924830419917801
-4.6690279323437602 -0.82818301250393611 0.40785717298178703
-4.8733866026080266 -0.86772706773978858 0.46857880489848824
-5.0794205105079184 -0.89370907615505157 0.5413433129738493
-5.2853415750697943 -0.92683467916695428 0.61528428456474604
-5.4797813427015285 -1.0294295459706664 0.59752339911458485
-5.6720589255045333 -1.1333658788254513 0.59790728827249562
-5.8703940211413732 -1.2619490422145829 0.6141408370297996
-6.0737848754152166 -1.1902889144920197 0.54457731352658334
-6.2693435327580715 -1.1038421665112601 0.4739311385726398
-6.4677878565415101 -1.0514445722524615 0.41513700766740819
-6.6660551114233755 -0.98020049357362182 0.34959952665893224
-6.8631815007237673 -0.91606979201296423 0.28526086445361043
-7.062022043572818 -0.84884586491404646 0.22276610700529503
-7.2614016191772208 -0.78107680303228744 0.1595466029095243
-7.4485344351320535 -0.73071380550617882 0.084890848029648733
-7.6782212895957427 -0.61574407184298741 0.057255581001530123
-7.8232200526344355 -0.63892507057910697 -0.076044427474367404
-7.8830713507447605 -0.77515402202247274 -0.28424155722082806
-7.9821011795580823 -0.84802310615688159 -0.44478710677887551
-8.0796092243403237 -0.94696389447752805 -0.6333408027872911
-8.1559951107566544 -1.030587761692245 -0.7938712997553079
-8.2514673221780601 -1.1203126836649817 -0.96868974485708359
-8.4083613150856991 -1.2610070383070595 -1.2410650754229033
-8.2377705608229448 -1.1799194206777981 -1.0822471078805089
-8.0684349533423916 -1.0851939101062562 -0.90290236336803109
-7.9448392031451212 -1.0289198605739729 -0.79109762760143743
-7.7132115892153603 -0.91137424923175692 -0.55072328122993208
-7.8462616852059615 -0.97803974457895726 -0.74808877293790377
-8.0058509989766051 -1.0580467740740225 -0.96570652457461814
-8.0977563426701753 -1.1038460005566182 -1.1069900463118678
-8.2268380491669646 -1.1684240473900414 -1.2917851040580086
-8.3440439846547445 -1.2271491273952162 -1.4627372497777542
-8.4633117655132626 -1.2863362246059904 -1.6342656166770066
-8.5816441690974159 -1.3463021591958388 -1.8091455134276608
-8.7009220855565417 -1.4058867356326326 -1.9821198704417244
-8.8267231721188608 -1.4638156294464635 -2.1444353597180728
-8.9185544915100969 -1.5286109452773275 -2.3548535802288959
-9.098847401131577 -1.5785695403746149 -2.4523620743520484
-9.3308979815297111 -1.6151846618002927 -2.4647718586650584
-9.5303828483196078 -1.6587756332232622 -2.5248815301303038
-9.7412025212660076 -1.7003173416217574 -2.5699282549157516
-9.9504886433069615 -1.7419462113691264 -2.6162724637030816
-10.158882293157937 -1.7838454369415486 -2.6642516304036521
-10.368028316408793 -1.8255915433322816 -2.7110734241418664
-10.576867700493727 -1.8673501870571463 -2.7583472466218741
-10.785775379485823 -1.9091671983893463 -2.8055093140111955
-10.994727886736314 -1.9510946052042712 -2.8525790811663767
-11.203472958066083 -1.9920616977130514 -2.9001840011984039
-11.41274312137522 -2.035919377118574 -2.946299197798405
-11.62126617017881 -2.0751889494747706 -2.9947663303960441
-11.829388210266879 -2.1137102227088223 -3.0435397139983684
-12.043387873854625 -2.1818218507763549 -3.0773407307771783
-12.237955079302685 -2.1442974447452676 -3.1651474722629946
-12.426018153230492 -2.0791197168793158 -3.2665014173256002
-12.619376349373054 -2.0401949377009911 -3.3546383508964697
-12.809977236837232 -1.9883195259224828 -3.4498833393266328
-13.003789913300499 -1.9455426582754001 -3.5382258438287493
-13.190675179852583 -1.8874427622950571 -3.639787235686291
-13.387028068038454 -1.8485211405399555 -3.7249019588414178
-13.605415523732576 -1.8628003185774564 -3.7639156654768948
-13.816127091255241 -1.8601575047595702 -3.8174767236792162
-14.028033825697724 -1.8594555249761247 -3.8694012344978326
-14.24043168108769 -1.8602778410293515 -3.9200089610929045
-14.452346173323123 -1.8598944154707706 -3.9716452151688757
-14.664610562764336 -1.8601528642348888 -4.0226974714943706
-14.876250860368708 -1.8595530872130339 -4.0746687875467291
-15.089086048741189 -1.8606981826388347 -4.1246894688965288
-15.301258976808851 -1.8602940172304736 -4.176532734043378
-15.508310667635326 -1.8546568797778307 -4.2339023220104766
-15.738272575945194 -1.8776023623658593 -4.2599705509919037
-15.914932628425968 -1.8267646283885297 -4.3682412295567126
-16.05135944786667 -1.7305677679195959 -4.5252336541423439
-16.210506388670741 -1.6621104080373372 -4.6530590494639164
-16.36187795170153 -1.5835083368892431 -4.788321765646951
-16.514958575589773 -1.507786451721705 -4.9270905214704062
-16.669493666944881 -1.4320366270333831 -5.0650191946692225
-16.814150950987841 -1.3479498112107711 -5.1732767520637299
-16.989152112064524 -1.2973372609384766 -5.3938505525027667
-17.109179190390616 -1.1705328890998632 -5.3818280916998082
-17.162501574910724 -0.99588542431463878 -5.1663118746043981
-17.245693083791338 -0.85155002878117769 -5.0590309524496462
-17.322306630677147 -0.69777312693143712 -4.9191329880011532
-17.397149746132332 -0.54369804428055901 -4.781732598606089
-17.472528465736939 -0.38736781595207209 -4.6465175869066586
-17.560222106181271 -0.25562527750582664 -4.515290208069036
-17.603183363010672 -0.045610801212003303 -4.3680464691396574
-17.735089852470661 0.024006822042968307 -4.2454031666639471
-17.961632971544187 -0.087447243362387073 -4.1671798802844879
-18.141622521076133 -0.1156214634861998 -4.0704708466066535
-18.334648764526015 -0.16517975894154222 -3.977810501832673
-18.527314036520703 -0.21526738649666391 -3.8857080967068023
-18.718111088682093 -0.26166384704490608 -3.7926072678915892
-18.909936418292126 -0.30989448438464756 -3.6999297680794112
-19.102155603051735 -0.3587683350088261 -3.607592945141616
-19.294973072594814 -0.40870407610354409 -3.5158787809798611
