#spline3d 5 121 5 121
-0.6190100207394017 0.97587934961995837 0.51718434859345819
-0.31031022795757796 0.48467818583326006 0.25507624944874779
-0.0011769061035338184 -0.0016675107200457573 -0.0011215923127125336
0.31159052456004271 -0.48242379835311605 -0.25326820879119843
0.59602369325906124 -0.99268494620548364 -0.51865808973350147
0.94842210962488949 -1.4366201404751044 -0.75809903715750093
1.1699982195640408 -1.9991692787570747 -1.0359558564924711
1.5656160356350506 -2.4313923295263016 -1.2966731076689435
2.0392151072619611 -2.6692895004121033 -1.3795858067597004
1.9852944726130768 -3.4322628005150708 -1.5621019152058624
2.070476520886094 -3.9672605265545977 -1.8597563897865368
2.2593160440511415 -4.5967092257566913 -1.8993077738960757
2.7039167672430695 -4.9341170626163677 -1.649470932317366
3.0870285866613023 -5.5256329504172452 -1.4247746393724894
3.5294134084315099 -6.0431528307604401 -1.2036363355876731
3.2318373244446907 -5.4156628743734112 -1.9699969941233169
3.0737050635918148 -4.8396358958974321 -2.3680738412895419
3.1502215667752815 -5.2055064183731057 -2.9415973548214938
3.2951796081395637 -5.649640663645477 -3.430169184274146
3.3126881337629852 -5.9420299386079805 -3.9644669044344347
3.4405732507447806 -6.3186854161125057 -4.4802442053198419
3.9393511699758466 -6.6812511914658312 -4.7807339624575098
4.1574161085510113 -6.9869359732789036 -5.2688495516461424
4.4645046836742566 -7.2165806125146759 -5.7980880890412445
4.7387205147424654 -7.5019375255805523 -6.3009319674613584
4.4374451341733723 -7.7622468326747907 -6.8758936244859736
4.4208700588081502 -8.0185593532369168 -7.4645548339122119
4.0514259838623898 -8.3364442539195256 -7.8843532630128808
3.7133681484823922 -8.6879190399382704 -8.2904521439806853
3.4033203009991539 -9.0664347222435229 -8.7186925323012954
2.9880210201701529 -8.9759758646794197 -9.2399823541951189
2.630055299431354 -9.0180798992613642 -9.716634476524403
2.1518568778862806 -8.8539605524845815 -10.280587733290831
2.0508378077000291 -9.4475345758700886 -10.600677951093827
1.9788753094222378 -10.03174561140332 -10.870556288256441
1.9170251787489496 -10.597249851834894 -11.210076368999566
1.4288038209358733 -10.771834054717868 -11.584839269974694
0.98936581007876645 -10.946144539238327 -12.060912289313448
0.53314284135659318 -11.146237694643791 -12.560057560282868
0.41471444523937079 -11.810002697831163 -11.970330768351808
0.31283858607205328 -12.162307528976893 -11.67779276242139
-0.038572545389156408 -12.9504893192395 -11.412558934578708
0.06973388429050717 -13.079412274051986 -10.939662450428418
0.56764689988366568 -12.295923161489791 -10.508506249188873
0.74763924625424483 -12.491036246015629 -9.976162861785836
0.96652333578902738 -12.726233837007587 -9.4101890114906812
1.1684847428521816 -13.103004130048539 -8.8355583908723361
1.4252732255326896 -12.829241922356788 -8.3421697678668387
1.64706543958518 -12.345548479879723 -7.9032166633104843
1.877525466942449 -12.053305068256719 -7.4240555836280659
2.312194947953607 -11.753300094995595 -7.0389514088746257
2.6616727776850944 -11.475987405365439 -6.6304328337962861
3.1993286619401737 -11.157792919781491 -6.2476911788653249
3.0187025490573056 -10.942156224778619 -5.6986830448684023
2.6500546725303384 -10.453299511976212 -5.0678617431548965
3.0608467368916892 -10.672757550603826 -4.6833010344942867
3.7547865380036187 -11.263900545741208 -4.4946522814378831
3.7510804818806243 -11.024286358317509 -3.8521559872246862
3.7044985806006858 -10.819808250927563 -3.2496601833589893
3.6966399701519834 -10.463737906290476 -2.6440467049528413
3.8031079869527229 -10.7145241286588 -2.0820353199487869
3.9863990264029572 -11.039924907423382 -1.5261069471812776
4.1043425840367922 -11.349721583212068 -1.0142619993765942
4.1549418204292365 -11.865615580763317 -0.6364796747729039
4.4107852079386296 -12.219239623667553 -0.075052794582558854
4.2053082001010997 -12.762591945263555 0.17758691368051704
3.8563307316666995 -13.308971138593195 0.32637370464079002
3.6381658247734703 -13.830887747770889 0.56670007676162659
3.3487573866869274 -14.369765465621416 0.75801140043375881
3.097184719363244 -14.904517471169138 0.96580623946571498
2.800264338102072 -15.420588768529397 1.190088524294922
2.6215392594623066 -16.01172109582776 1.3330543421022025
2.4203835580405317 -16.578914252130541 1.5070689148402936
2.2569016820185968 -17.197117417467535 1.6084862921742586
1.9926087121985034 -17.695228403009736 1.8834197634446956
1.6862973897715963 -18.141072634796377 2.2257853208705831
1.415064161887351 -18.631145788320655 2.5069940469763905
1.1251272946779438 -19.094173703895706 2.8299796544043141
0.84377311802674537 -19.576479904430876 3.1169650230548451
0.55861202169102886 -20.042407020322948 3.4384137570707689
0.2736711737051688 -20.505006790902076 3.7703381555452058
-0.0010881929087652705 -21.093195274456402 3.8062370767045017
-0.2848620049529979 -21.633704223031835 3.9291637948527063
-0.54398162907519054 -22.216810938416522 4.040672469579305
-0.87620691179228605 -22.701932124102584 4.134456378016905
-1.0251674696241178 -23.415913836246723 4.2690257631481554
-1.5354834360416134 -23.718235967704004 4.3359604366019671
-2.2528052336834916 -23.687773262983892 4.3492904971904816
-2.8206510623580554 -23.871485177663786 4.3970608269763298
-3.462272330245566 -23.95552344402951 4.4287476663905689
-4.0740810403609498 -24.077804882970671 4.4667348588114919
-4.6960298273853818 -24.187731119788232 4.5026791638512123
-5.3154311568375157 -24.301545219863346 4.5381751673887045
-5.9338400091005612 -24.411440495523621 4.5790405817712427
-6.5577561055798554 -24.533363641516978 4.5995999186368293
-7.1659320425786195 -24.620122944287029 4.6804357274766968
-7.8108616817147523 -24.792301848407622 4.6139009798446509
-8.3903808065532157 -24.803711747376042 4.826562685768466
-8.9160622599167372 -24.711895770517454 5.2160047217927765
-9.4740227524343048 -24.688593767341644 5.4846996278835771
-10.018142217718044 -24.634744601214361 5.8102555454919891
-10.571767985471139 -24.595842521168379 6.1123976994692777
-11.096156713852448 -24.522964007941987 6.4344665798661183
-11.721433524093673 -24.574595536483532 6.7015831171900331
-12.066824247056838 -24.255341980999884 7.1310751939967831
-12.358627818525104 -23.895287727416552 7.5628509286420673
-12.663952953513318 -23.465278867223173 8.0219976599066456
-13.254397627771487 -23.700289191814907 8.2900719975193766
-13.811470559669299 -23.84071844652339 8.5568144424932822
-14.320231592804989 -23.969069015038603 8.8801676149623283
-14.928843001685362 -24.089297089175894 9.1034096506546867
-15.399332336159278 -24.265531738807105 9.4689762174660377
-15.684626038778497 -24.521783962590401 9.999172021979021
-16.094765319338663 -24.822803823183808 10.400158306780568
-16.374644811413678 -24.836174783725014 10.970793634102483
-16.639802224931842 -24.721408985871925 11.569468896572204
-16.980918058261679 -24.941443368520375 12.0512830798477
-17.332370458259767 -25.213361403849717 12.514068697285207
-17.666039522867404 -25.402045177971807 13.006305219707084
-18.01527591355233 -25.660896717682476 13.473849383086396
-18.39692874640798 -26.066393554361525 13.889972958719113
