#spline3d 5 121 5 121
-0.40697429398841872 -0.1352160316316261 -0.13096344494947507
-0.20339827958025478 -0.067744659445610672 -0.065570334576377939
1.8354396210600848e-005 -2.88667859977518e-005 -1.7081664251064825e-005
0.20336497846772819 0.067797793410475218 0.065598919854083601
0.40674294349943008 0.1355862474974272 0.13123779260148349
0.61013428395323144 0.20334460681210018 0.19671911346919585
0.81346464312225308 0.27118381356894833 0.2625319025979343
1.0168815527936736 0.33895567709204655 0.32800333473679333
1.2202492673965177 0.40662321885070041 0.39288159375681908
1.423423919392051 0.47503923263626613 0.4629100471165431
1.6277388356475784 0.54061324689327284 0.5118010469475871
1.827821125029196 0.61504299955808894 0.62873016963075512
2.0411327933583872 0.66572032909353129 0.55920541553235148
2.253268876496314 0.71749755890753619 0.49927984744726206
2.4644604656565203 0.77167308659715306 0.45753957597871958
2.6765490038969539 0.82380535845536251 0.40050600228990468
2.8881059865589056 0.87728604188022197 0.35207752890426874
3.0999470234234363 0.92956518296412338 0.2999255962771965
3.3115796199590473 0.98380308339959766 0.24825763709357307
3.5235038146837825 1.0339264671222825 0.19904037837455452
3.734851496904676 1.0924849570287385 0.14341129364337293
3.9473730614599751 1.1360992025155454 0.099584402729057594
4.1577832919368847 1.1982951067834917 0.041006766380283569
4.3708750725676913 1.2660390750845905 -0.022104710851383963
4.5865090893061069 1.1614578668361482 0.052419906233243163
4.7982550464817333 1.1180304306889313 0.078227249962442971
5.0122231267337876 1.0561948754721657 0.11867053859330073
5.2251468076586729 0.99854924372864462 0.15578417414399276
5.4384991342765705 0.9405233655305929 0.19320013232115227
5.6516947491849123 0.88221354920395412 0.23083771785818161
5.8649501806897648 0.82413386168126868 0.26830581498972295
6.078167662117151 0.7660183732425464 0.30579669909007895
6.291433392408937 0.70760185028342903 0.34348682858490515
6.5046029705871033 0.65018797046946797 0.38052698589386696
6.7179808254059692 0.5901773049762894 0.41924005222592603
6.9309848166667756 0.53634173127901286 0.45398011795275456
7.1444145051409604 0.46908708533771915 0.49735514103147144
7.3582573538858753 0.42724507543498219 0.52437172461350701
7.5673520735412643 0.34857912381583656 0.5751043225914273
7.7959415793099414 0.28324626577398698 0.61726639387145799
7.9688176272009894 0.45834379986034729 0.50428708008486089
8.1514082825555025 0.54679431725870187 0.44724344417022427
8.335351074921169 0.66143743895614249 0.37322695312029619
8.5164792043099222 0.7708639561161984 0.30285546987988859
8.7003046921626535 0.8776168694611699 0.23317647045755463
8.8800309396380701 0.99495675621286483 0.15991792131372876
9.0694847275437045 1.0836251065473319 0.096071551301545308
9.2347121430953099 1.242825219343306 0.0094600614722114822
9.453614080284952 1.2527806081159802 -0.029589216395092342
9.6822107475014452 1.2303562595013986 -0.05799432455607758
9.8985858927395718 1.2452392213357513 -0.098516974501272822
10.122491306635149 1.2375712459250825 -0.13173707437830762
10.342643778656498 1.2410357614024303 -0.16854908300953
10.564460092959335 1.2395938320875031 -0.20378648162268145
10.785593759319942 1.2401582130274769 -0.23965968967210433
11.006991211388538 1.2399492511270949 -0.27529218887837359
11.228288777751567 1.2400222485357166 -0.3110295688820629
11.449629250142127 1.2399982262986549 -0.34668699212016313
11.670940157293659 1.2400056557727543 -0.38244989562790638
11.892290743560986 1.2400035504267102 -0.41802016007643594
12.11357811693501 1.2400039379750836 -0.45393924839397576
12.334933140543946 1.2400045059501068 -0.48937791515091073
12.556373521640712 1.2400020208141886 -0.52487954782164725
12.776940452666022 1.2400104081575098 -0.56327361384690888
13.001157665533229 1.2399841476255484 -0.58736207385243366
13.213353445998354 1.2400615442019378 -0.66225841973112365
13.426449439422766 1.2398454746093661 -0.7320329278080564
13.639779121203189 1.2404183035473049 -0.79957040657523137
13.854180144359933 1.2389777337378358 -0.86833446105452883
14.064548701370512 1.2423734667914705 -0.93949806460448515
14.284441682811627 1.2350764360738067 -1.0021458294721495
14.48622675842973 1.2485397494395778 -1.0830376235397201
14.713041508215086 1.2304877850353517 -1.1348609788392328
14.937212684285173 1.2294395823433935 -1.2059612836530933
14.966172698722513 1.4030331998615457 -1.4205899642428004
15.063957702557316 1.5053279803335375 -1.573209445982642
15.139947717901617 1.634131704273394 -1.7498049173249595
15.224493393484737 1.7506987846798423 -1.9158184103291165
15.297455501624801 1.8818230747240705 -2.0920698578681964
15.399630616532109 1.9812602906226633 -2.2485222175666313
15.432229720404065 2.1497904712794274 -2.445501429348619
15.604158387584516 2.1936539683645093 -2.5756456629057052
15.837041642767941 2.1558273581081808 -2.6483217973942499
16.02069670178814 2.1777243137810793 -2.7589995714610156
16.231512278870255 2.1645191427172166 -2.8508865068637541
16.428844703934924 2.1768476179763248 -2.9506499765147702
16.633396053658373 2.1591369502764812 -3.0479538546226284
16.833399141225406 2.1817352182832881 -3.1453218109918648
17.028508232541029 2.2480465563359187 -3.23958599644532
17.226194122058445 2.2889354620300995 -3.3352379170233628
17.422766972155063 2.3417333725258263 -3.4303271228687096
17.619744324353324 2.389543686496173 -3.5256795480333136
17.816572023404898 2.4393018033060119 -3.6209487748461755
18.013481051797783 2.4882756197078573 -3.7162077434337335
18.210386708221794 2.5376918316236949 -3.8113429919446062
18.407224621891032 2.5866627864182314 -3.9068549662918688
18.60403399358179 2.6360514762492699 -4.0019368316894894
18.801367986244159 2.6860907911742835 -4.0967916514416247
18.996568271795866 2.7303657860129404 -4.1950310477088912
19.198633405535936 2.7975704139875193 -4.2786417142506927
19.381564471103481 2.7913916300792132 -4.41168516227917
19.563831364119878 2.787840445171494 -4.5421652231791985
19.748794323518585 2.7914172817501886 -4.6683990481905715
19.931925402280804 2.7892845099139056 -4.7980806196568002
20.115888738969172 2.7902908004898652 -4.9259350074431252
20.299557157874588 2.7900914948266617 -5.0550324154393591
20.483630191086995 2.789135705312126 -5.1811295411815079
20.666065451818092 2.7931301937825808 -5.3176569501467714
20.854267899913626 2.7808523407577241 -5.4216036321370025
21.025561327306434 2.813016282216561 -5.6138923910757583
21.238622715685274 2.742643223598519 -5.6038406234346061
21.455144958362393 2.6601824513268979 -5.5691730365262986
21.664420303349946 2.5979410123402182 -5.5746512153201353
21.878523502235787 2.522533563216653 -5.554147569956184
22.090142660175164 2.4538361871345757 -5.5469138836319862
22.302888692097163 2.3821951679802349 -5.5337715642954697
22.515144998230529 2.3116676220565395 -5.5230284856400838
22.727619629353686 2.2408062251739813 -5.5113598329304168
22.94000312654228 2.1700105192026617 -5.5000927387257228
23.152378489186603 2.0991817899476271 -5.4884721257531481
23.364745440156867 2.0283708797151689 -5.4761397813673511
