#spline3d 5 121 5 121
-0.25781605282333625 1.2278548087552115 0.82910645339166666
-0.14522910760537464 0.62236834717149925 0.4000772019511844
-0.007259276563561531 0.0032440357893925554 -0.007062480385167544
0.15768419675331105 -0.62802756979445318 -0.38820190101192431
0.34112776238839804 -1.2637830904912841 -0.74760681590402445
0.56876431838505737 -1.9154347133516201 -1.0593118173360427
0.81885620550919402 -2.5660772403303387 -1.3400624038117517
1.1666490816505624 -3.2291888744540826 -1.4924198428790327
1.5820847356004493 -3.856913881204207 -1.5296015702484851
2.0815476485100426 -4.4230543807627658 -1.4273556459520724
2.6199027377086002 -4.9316821451115311 -1.3045770992852261
3.1864184507812316 -5.4281330838311508 -1.1985470939466594
3.7659131918761859 -5.914566317460948 -1.3123553471586984
4.2570313274283169 -6.4655527799797419 -1.4632991666574497
4.5459016174867113 -7.1715057611185129 -1.3003616808158345
4.6816714208209529 -7.9343458830153928 -1.3064842228822029
4.6807832609998652 -8.643438711667228 -1.5714880614743476
4.6423182158260534 -9.2365380696056469 -2.0614940524945489
4.6545177252675209 -9.7254793705570322 -2.639213484097461
4.756512510581147 -10.111532822049906 -3.276511640953351
4.8939168537125939 -10.483208461091102 -3.9233869068126603
4.9820730646009013 -10.938975878099772 -4.524817330804809
4.9593504798558383 -11.49881833579345 -5.0207259883980324
4.901017147005529 -12.040034332301298 -5.5725908146647329
4.6792941364735841 -12.412588234816573 -6.1872081818437996
4.221892420512896 -12.553203380952134 -6.8045404391172912
3.6649493862139684 -12.586085054021629 -7.3251424779003962
3.0833726101465122 -12.88687405379887 -7.715235942960577
2.5933895281094803 -13.436393366986009 -7.9699753909758542
2.2133177625622196 -14.013672831120726 -8.2289743955270431
1.8658151191136876 -14.558989412409682 -8.6788121943254488
1.6063204577195411 -14.949833010465928 -9.2286835326081427
1.3757674572198151 -15.24008910021004 -9.9227589466662618
1.2064043308353898 -15.802425477628526 -10.525632684502845
1.2691654230850611 -16.582107539997825 -10.244689490680178
1.3895945316987841 -17.132192575816749 -9.6728342928672149
1.5015269807657501 -17.533109262939206 -9.0836135519892043
1.5715167606362088 -17.75322952201757 -8.3385726948920222
1.7817154305243146 -17.713324300051031 -7.5893593046958854
2.2811315420228602 -17.545961197333789 -7.0326170418875833
2.9168063187364131 -17.423926840321752 -6.619340402572953
3.1749838007371203 -17.341246133158901 -5.8850501990972965
3.1050512013520875 -17.140332775145197 -5.0722693527852565
3.1674175326251715 -16.591581866250827 -4.6169199939448964
3.42740828626044 -15.834703117308537 -4.4486312530990473
3.5044537673292964 -15.19254007296867 -4.0627636123016062
3.5334071471025497 -14.632654597697808 -3.5512186373630836
3.6070483916225995 -14.194748447870898 -2.937342119126725
3.7680512080259199 -13.839162807920095 -2.300478617290223
4.095528261421256 -13.531936015271265 -1.6257104274658334
3.9322166216395451 -13.141884321187753 -1.0225368188878896
3.3604984631686756 -12.804470393120411 -0.53133777540755867
2.7763352249604858 -12.653198719241042 -0.063651939906137531
2.5168609752403115 -12.942344904752924 0.61836829544723426
2.4698746972539607 -13.352074192897172 1.2845249131533401
2.4848255655054672 -13.888235592680674 1.8158621935526762
2.4712477177914596 -14.683915419737179 1.9506107404831707
2.4605264416647459 -15.408275960684874 1.7503234968065213
2.4667720870461314 -16.159291205131371 1.6024229541682173
2.5088032127557267 -16.913989758317165 1.6322646387823558
2.5931537948716876 -17.605862206513741 1.9711431437310065
2.6799122764221401 -18.213707883168389 2.4017813527320016
2.7566072190200583 -18.818321728447373 2.8488464651895433
2.8088487882361575 -19.459251957462136 3.2456807504750471
2.8174844087592188 -20.173256756016897 3.5063492377524317
2.7918602726662245 -20.914363445055617 3.6541538811673067
2.7415566085551228 -21.665318198247732 3.7157975532395833
2.6763124620785343 -22.417144247947579 3.7256916607768087
2.6042998513575197 -23.167712589339434 3.7105629813374774
2.5304799928533361 -23.918350077307394 3.694648362762182
2.4644778011710735 -24.669807019155538 3.7020249243008911
2.4009997217090335 -25.420539765477489 3.7496305316117056
2.3097107403153934 -26.162719361422528 3.8501423194186812
2.1582072899128883 -26.887190345495593 4.0161841245014713
1.898185990922493 -27.5536785341308 4.2692147559109195
1.510368472615929 -28.117657597124531 4.6030212753196391
1.0268223105776015 -28.568060303202522 4.9717878886621429
0.47219425765032597 -28.927965682320362 5.3407079511646236
-0.14366550245838486 -29.205457969409121 5.6799481239109753
-0.81380011421663978 -29.405927784716745 5.9680555099896662
-1.509660338043274 -29.546348320612701 6.2236072705377152
-2.2170663042471048 -29.647467060693003 6.4661655676200169
-2.9203620398935843 -29.735637192919832 6.7238744219842062
-3.608867686812288 -29.831323273190719 7.0181122352612197
-4.281789167977343 -29.929579131271598 7.3443039533040055
-4.9491626288070165 -30.016388970055537 7.6853786616658253
-5.6213688249580711 -30.076660434900464 8.0224151389925495
-6.3044792004191406 -30.097334483676555 8.343195589397487
-6.9907270287043088 -30.062951518824342 8.6549939272015841
-7.6731748833041422 -29.964474672787812 8.9652441400553435
-8.3352677695557063 -29.783138275446223 9.2802072975573608
-8.9628638941814902 -29.512296356356295 9.6037104527042043
-9.5668971794823623 -29.208993311024553 9.9362240964676172
-10.178363934553046 -28.936038974183795 10.287915447091326
-10.812188475283046 -28.756980095072567 10.659687191556907
-11.459284991958121 -28.688376872485769 11.040843391453812
-12.10758577458148 -28.605438532703968 11.425336475350258
-12.731917438087317 -28.410832962961116 11.798604707190156
-13.333899068769188 -28.118271127703878 12.156504156420263
-13.930110917400819 -27.822580927120505 12.500140575625712
-14.573268263498779 -27.594075677912627 12.850186273511344
-15.256198323050809 -27.595280385811673 13.181958265160233
-15.915829196729376 -27.834201566956487 13.492391737985789
-16.510216319438033 -28.165829341053872 13.81429120709101
-17.056547214981823 -28.518153828315441 14.197888767861526
-17.544369512187618 -28.871952850927254 14.655982304656836
-17.930545421796232 -29.233582900823954 15.208519688495409
-18.015788627616168 -29.696750536355427 15.82770499310274
-17.821452494422836 -30.173195180797272 16.384483485531295
-17.563809317150362 -30.656638841951203 16.907159328647182
-17.366609569657388 -31.158354004547931 17.439017126034773
-17.355354826422175 -31.668389758190795 17.987280232433239
-17.454209472074421 -32.181342076626009 18.572658989575171
-17.385419113985652 -32.559344006035644 19.201541685482336
-17.008544571536593 -32.794626756173855 19.834540687309232
-16.716502251379133 -33.200325255773897 20.446567511586235
-16.717308243290567 -33.762962461881571 20.923997807624467
-16.870952986882042 -34.407579928004409 21.333834498222021
-17.017421325795311 -35.023458586014073 21.723398969016117
-17.292648913075983 -35.658621804850227 22.014496406057745
-17.725445910171629 -36.307259407935589 22.177480053260581
