#spline3d 5 121 5 121
-0.14155811274406466 0.57020223562821215 -0.55738584483972908
-0.072960846689451603 0.2813447225737456 -0.26742598731933931
-0.00068702542595038896 -0.00082291470108045368 0.0028961730137640044
0.074146865105439191 -0.27970903608650349 0.26203231995890375
0.13006604388375856 -0.56479429844578255 0.56923411850818473
0.23633479739600224 -0.83912110327886036 0.75820040457495608
0.22625264867905329 -1.1289385592159547 1.2060060537181316
0.44302383458018968 -1.4134088420147277 1.1862142762857697
0.75547406527808958 -1.6605257361068395 0.91626216813482808
0.98712198506680571 -1.9293351056925219 0.84536062464954176
1.2631199101707637 -2.1885021049027564 0.6614592712060825
1.5201450070661284 -2.4500513009176714 0.54173365958692754
1.7800717381310309 -2.7146033625063071 0.36930121420640416
2.0505473981869251 -2.9701564785149013 0.26977904292438576
2.294995925783915 -3.2413078921567551 0.053617580964224407
2.5768650846674204 -3.4995751010901097 -0.031705548477671659
2.9090747023554777 -3.6849950139943251 0.21690789681856779
3.2104421595642281 -3.901572122918592 0.30201126340699236
3.5246503075126006 -4.1041839965662419 0.45223289666959987
3.8390445706028511 -4.3187568070859559 0.58728410508326201
4.1389466622574158 -4.5102136440999594 0.70343228777178457
4.4782796587754854 -4.755493948281944 0.88418101492265921
4.7311469429321091 -4.8821015002480799 0.91498596655538111
5.1447843227094978 -5.2391349988228049 1.2432587257014824
5.3480636517573563 -5.2610969195321999 1.1249739390512865
5.2485245905325417 -4.9536764456844526 0.58939310097387443
5.261361334332439 -4.8095804637887314 0.33593384644430596
5.241400392524719 -4.5659213687237807 -0.11908769342302761
5.7067803532072663 -4.9379627800927546 -0.15328618635773006
5.974122822489325 -5.0587562121307998 -0.3264112627655138
6.2965219303402442 -5.2812592662815643 -0.47128690617577224
6.6343096651124949 -5.4462879186239732 -0.59874407458253143
6.9291612141746963 -5.6598528036577367 -0.76163719706218813
7.1005983724829917 -5.9556992088627183 -0.98892984417290641
7.3265780453831182 -6.2048228038568514 -1.189392242978464
7.5438485968430387 -6.4843129848219263 -1.3861391772427671
7.7324310557732394 -6.7280968191333148 -1.6196933610889719
7.9959917682969648 -7.0336304162439092 -1.7677014113754286
8.1338469107029816 -7.2438799163679573 -2.0567085355711869
8.1729663504894141 -7.3692692930183474 -2.4643526959698763
8.2778415164232548 -7.5804484393685589 -2.7663697179587139
8.360977653353558 -7.6647568463990607 -3.1908648889744593
8.4207474027090861 -8.0284194087902314 -3.381425111299893
8.465289125103812 -8.3575044712298148 -3.5895133681237095
8.5361298555874452 -8.7011703818200221 -3.8036656281138326
8.5667849174493984 -8.9950544704407136 -4.0290341058121557
8.6528847625090695 -9.3778168780986917 -4.2192562710039221
8.7092839460482452 -9.7268942621478942 -4.4387653111824754
8.4819068202403933 -9.4711046932799263 -4.868530978306147
8.3716261343598841 -9.4636451187691559 -5.217482683130914
8.2137099738293955 -9.4047340767132521 -5.5531674722727278
8.1157610437576455 -9.2117695239810828 -6.0296008020523439
7.8098486853846287 -9.5424417064819558 -6.1021059944786238
7.5380584012484597 -9.8327985568217482 -6.1731207431542172
7.2709503076983726 -10.081990144120351 -6.2969615590411907
6.9948121058861181 -10.368870450041864 -6.3809659213347132
6.7245116558510505 -10.633894567868545 -6.4878843677054077
6.4519022921254283 -10.907994712661621 -6.5790466653411253
6.1785627907227019 -11.184386064625137 -6.6963598536047897
5.9097975264924081 -11.440269027621714 -6.7385254501828493
5.6300447146708219 -11.757424454408584 -6.9963192358879969
5.3697178973030368 -11.925343072690403 -6.7066966447484866
5.1252787934090094 -12.077746647697904 -6.4119341727885111
4.8668593974151113 -12.258886065753337 -6.1885719641354227
4.6242070027144893 -12.415093408267156 -5.9075762779290972
4.3528375406279869 -12.600238575148742 -5.6720258154161343
4.1414785928729581 -12.734887495756306 -5.3808309597724717
3.8163164498153286 -12.965471383861317 -5.1852259097511944
3.6453605241162736 -13.047015856555678 -4.8369073125755575
3.7748261915104977 -13.032637162876782 -4.4193735595318415
3.6641755627110828 -12.966772536212988 -3.9964191606873021
3.7739604337399708 -13.088023404790976 -3.6410416084766641
4.0019793213309525 -13.448113159455303 -3.4752395478058644
4.1492731112454289 -13.663839250150977 -3.2169614333429015
4.4083927606820916 -14.042181805552623 -3.0291316394743446
4.2479562806798077 -13.860249943725915 -2.5721588891078095
4.1955149935863174 -13.783709539721498 -2.2001142609639039
4.1272580581672447 -13.791909985429664 -1.8374925391144667
4.0509525619249693 -13.543301268585743 -1.3909391389358017
3.9875348028450688 -13.794391359921104 -1.116889116752571
3.9280085450377809 -14.194851909901516 -0.91433072519937053
3.8612852597626017 -14.447495411459322 -0.65087943996796804
3.8099807221486159 -14.789286896667329 -0.42358704714785889
3.7225844119383265 -15.080495145602015 -0.1735353938566149
3.7116891625039066 -15.409573171139854 0.055155827221551421
3.7258260699598633 -15.736642766288996 0.28019642264632466
3.7166726280281521 -16.060756791506861 0.51000093783139633
3.7213974569675901 -16.387727923139732 0.73654867775244093
3.7219397056225025 -16.713698700693747 0.96265476694009489
3.7077171814260605 -17.034312589323587 1.2017220669143058
3.7683872893033445 -17.383742912896299 1.3836924546490887
3.8195564038346768 -17.731338013711476 1.5750024420896609
3.8596859539776123 -18.067149079096641 1.7666021559338609
3.9338182322940729 -18.437841471269664 1.9568315615998773
3.9161242191706553 -18.717165396777155 2.1499118550788574
4.1319485926340631 -19.215911324137483 2.3304664255938681
3.8288762180947651 -19.267334916570597 2.56050066902201
3.4378011587303439 -19.197149214115679 2.7738000780454675
3.0722748711382581 -19.183684142282345 2.9631449173672419
2.9911205887664565 -19.419365162690781 3.3177358427470165
2.9039220566804791 -19.641994507180776 3.631334748909131
2.7818540872529969 -19.834107202579435 3.9556104737024249
2.6875818112623389 -20.058973157941306 4.2723344813129689
2.5782927073826567 -20.260588428487075 4.5928239949430774
2.4709415107795616 -20.442789493437584 4.9510048015290957
2.3873963628980759 -20.841419032724325 5.071066952286797
2.3006407860430302 -21.179690381589772 5.2479617945381749
2.2115017504543979 -21.527022674100735 5.4205695846308064
2.1270117594068405 -21.881233712254051 5.5820032185272721
2.0367828948482649 -22.229176490641425 5.7594271871452261
1.9480065458293883 -22.552405842840663 5.927859175771232
1.8857788405558966 -23.027825351257327 6.0504947541174099
1.6747741717278428 -22.921875600033268 6.470562600276426
1.5348034635160257 -22.952359981604332 6.8191023954604146
1.3191967707523753 -22.915045853158087 7.1728389263467109
1.1919831440894808 -22.959676846018894 7.5463939171970198
1.2625264645155669 -23.220483345594779 7.8919507388641392
1.2305319015431706 -23.366611569645137 8.2471493652627998
1.2429460020092917 -23.563752286791477 8.6004342779740313
1.244116609880435 -23.746342391018572 8.9519106383400917
1.2229901425629919 -23.900072419859953 9.2992574303998481
