#spline3d 5 121 5 121
-0.17075588246525716 1.1316569023715257 -0.31638033656396025
-0.30160836547541958 0.42334587551330277 -0.33299408870074582
-0.039440871838899327 -0.024973452922527031 -0.041800762116418325
0.39015436946731347 -0.36740245072480765 0.41943674378353479
0.79450014300299066 -0.71944957667461418 0.63785269745438555
0.71402556354000957 -1.4286935803236152 1.2103861467205479
1.2174558139526162 -1.7266846670862408 1.1710416208268775
1.8603801486434703 -1.9052306541662292 0.7936961297101055
2.3901773574356389 -2.0801469318573118 0.64799485885163277
2.9151249449137877 -2.5277728225551312 0.45073575733912713
3.3282972942608047 -2.7999392170150346 0.20758845968672507
3.9103049771378635 -3.4354398276310469 0.18576943229892739
4.2524153748291251 -3.3738872576306873 -0.32349385592913849
4.4245509494305111 -3.0713792515003826 -0.96519759716441933
4.728442507884262 -2.9926494862350057 -1.4589802976354445
5.1154089021884364 -2.6228962509440521 -2.1498676875034746
4.4914436377497857 -3.324345502518824 -2.2169266685214355
3.8199149776050874 -3.7034527597069231 -2.4538053007354912
4.4784295193050072 -4.0365486294211843 -2.8929228302131618
4.7679417707924756 -4.2862942537089532 -3.2813142300115437
5.4602374426925344 -4.7347050811850826 -3.6425181124361776
4.9376333644174206 -4.5847013969962926 -4.188826585883529
4.4741913741784112 -4.2957604160132936 -4.7117724724508347
4.2548544106931976 -4.3815097099069034 -5.2047069244396331
4.3681978998671109 -5.070849697477283 -5.6388776944407715
4.3645054583334995 -5.4513475294031233 -6.0650624999227434
4.2503004042367225 -5.8774298246183498 -6.5816557359419381
3.9897939481900995 -6.1671629666689531 -7.0839800810081419
3.8991699017388974 -6.5646098088233362 -7.6056652736592829
3.6870002406085574 -6.8886530688405356 -8.1440160371870647
3.1147521782630445 -7.161381958307488 -8.3145358858530471
2.4391298537300554 -7.2941650671631528 -8.669389667838125
2.4147057433831267 -7.89785924717921 -8.9120191147952017
2.0940587947856599 -8.483161304238628 -9.2212175680771029
2.3226594575687263 -9.0426633045658651 -9.4374667670956391
2.6729213449464884 -9.4945043754310721 -9.6442710463315837
3.119550278104489 -10.162697886571962 -9.7925982833095606
3.0633163722925056 -10.429182249675483 -10.136583258871987
2.4420796398533517 -10.328366688060434 -11.138736315317388
2.5269332420899606 -10.762904434623497 -11.208424742125391
3.0301434480273635 -11.131061136118712 -10.405519014147282
3.1710256132407584 -11.611637610563781 -10.224785749804006
3.574551983882992 -11.90029183563556 -9.6780840041723426
4.088023018288137 -11.714147383550431 -9.2848673680747726
4.5157408305821729 -11.813942041283696 -8.7969535371918379
4.9978073375048933 -11.762743603856451 -8.3875772957193355
5.6460626392906992 -11.788408919909257 -8.1019009162066951
5.7661238597472542 -11.779208698296594 -7.4160703698829229
5.9672043569187663 -11.764553580300372 -6.8303520316766217
6.2558080958054676 -11.846428624434655 -6.197585563192515
6.2092125851644733 -11.530343988036687 -5.6480784941880247
6.1158959431547997 -11.026318747951567 -5.0423752634856678
6.4800517408819109 -11.37426480861903 -4.5464475277037071
6.9187639839945696 -11.619352155093077 -4.0836494038963229
7.2648315816184903 -11.84333434967874 -3.5760545633912568
6.6624903375789 -11.914785171050202 -2.9982129139533344
6.5898650213773173 -12.274488367783432 -2.3980804959021036
5.8607681875112965 -11.566650714964664 -2.1121807264371046
5.7198006190672377 -12.111384278503497 -1.636267298031602
5.5242860085388026 -12.553569929466642 -1.1763314519891033
5.2969224319319119 -12.942963570926684 -0.76851692392485305
5.1051318440434192 -13.352749807653515 -0.2643911254030834
4.8826724362190355 -13.778509532186957 0.1441926644448604
4.7083301275517364 -14.451768643205614 0.21273913944295322
4.5044718423775745 -14.990950970008512 0.45800605609621453
4.2693758504175463 -15.588690337305117 0.62503702037487985
4.3812954665623165 -16.223847293711827 0.79727146594793596
4.2939203417453813 -16.826614512180594 0.97486500352644889
4.4189547401624862 -17.477213411540681 1.1289301730887058
4.2076019608781401 -18.047974833452745 1.3362651697463592
3.893370028758794 -18.583354948012097 1.5519398620289464
3.6933191463477364 -19.147933455718988 1.7652635221715451
3.3918032343243398 -19.696160283793017 1.9633164529373679
3.2072582548252666 -20.251281378406762 2.2041712307063595
2.8500870563245355 -20.805644070035211 2.3595433679701214
2.7367053791632632 -21.358706865451893 2.6480683977468962
2.8218904142095118 -21.893077813470438 3.0433121790092326
2.7545431593924641 -22.434035697198262 3.3534849577545311
2.9025610316795234 -22.989170541406377 3.7945537434800491
2.3160522515191162 -23.465845544161592 3.7736515237590038
1.9847697948268621 -23.972808395071304 3.9070324689504039
1.5613423957334904 -24.458229507012792 3.9969005460258411
1.1808779862704175 -24.978998106377372 4.0804817726461211
0.75683200276630547 -25.419268122840077 4.2170189271948839
0.41947171782678194 -26.054005024246496 4.2104742278539886
-0.12217042941435963 -26.224747618769729 4.5545882198839776
-0.64084286128392665 -26.447066266626862 4.8792026015062078
-1.1626679026522959 -26.655009244291783 5.1700898925160379
-1.6630136968690319 -26.930776838368942 5.5003644408204861
-2.2200244718779216 -27.043318136591203 5.7890566220888715
-2.8225136188685931 -27.067307605378268 6.0459653027803668
-3.3672593321223836 -27.178764104812313 6.3577246900996434
-3.9816751052007535 -27.212410981349979 6.588150855594451
-4.5250276669624556 -27.327455906298198 6.9100631225517253
-4.9465492715009303 -27.39884650341229 7.3940398463059278
-5.3849296541219562 -27.61838777521087 7.8609026986328807
-5.9034721935822141 -27.5476014852097 8.2150366113352522
-6.4967188590827352 -27.334034215422594 8.4472413355137412
-7.0277137432630647 -27.243077567064844 8.7834777664432568
-7.599068601069173 -27.083269736735019 9.0432844814768245
-8.166503615289276 -26.912839558171953 9.3327538045742511
-8.5891840705847216 -27.014085279848739 9.8287349962972588
-9.0656362313769261 -26.918667534439077 10.283905822537269
-9.5204100576609765 -27.011389207201901 10.700001547697941
-10.059200089183102 -27.416105255343684 10.986673316422589
-10.456974208891223 -27.453884398101437 11.373054188665616
-11.120968813495551 -28.058451598943957 11.649464064491497
-11.295767793971985 -27.631740428433737 12.129513229591822
-11.329228772114405 -27.112049111758886 12.535343314985338
-11.404531182411706 -26.462473070807476 13.073720123903037
-12.01234820926234 -27.09503117857345 13.230483651697023
-12.501139467025878 -27.359089176438975 13.467764986208678
-12.921633242679105 -27.769314845758025 13.691252778129996
-13.571001765962844 -28.009935299006692 13.925721335847088
-13.780525412668213 -28.569262514743066 14.134416771996765
-13.823425358423304 -29.226820731267509 14.315314760887619
-14.015407952434421 -29.786471744117879 14.515974768351029
-14.113642776773137 -30.4098859895945 14.705168265201408
-14.269468293083854 -30.993203691786213 14.901063477112938
-14.386719242801405 -31.604270967898401 15.092666632719649
-14.436982687750856 -32.263778707791971 15.276803699062953
