#spline3d 5 120 5 120
0.45853904107161386 1.1058163563562178 -0.20068591688566312
0.22333904970325641 0.55575690521885668 -0.10670497523950621
-0.0015728169207026089 0.00074786583102289092 -0.0016846508913942963
-0.22007560378468732 -0.55731057297378273 0.11019971261515618
-0.44927494915970445 -1.1104104618884334 0.21064441927185848
-0.65884190858845648 -1.6724078685619697 0.33203446376636503
-0.90606995864701911 -2.2178761116685686 0.4136585736954953
-1.0863331798932225 -2.791109353739285 0.5654783537972069
-1.3560922581951056 -3.3331543667822374 0.62361593138666604
-1.7885832797311993 -3.7768081102701454 0.5208725071378616
-2.1013265225208344 -4.3017824427280633 0.51913369939108434
-2.5225828511325137 -4.7362677094378371 0.45385119476611258
-2.8059332337416572 -5.2960913825418903 0.43632572242580614
-3.2714134271834681 -5.7145318759058652 0.39537840378218414
-3.7842727457849619 -5.8794813279035578 0.16794252659233933
-4.5082961753095585 -6.0279073315772216 0.12840828708056642
-4.781023902896349 -6.4250696415365942 -0.15400262071966428
-4.565391426989807 -7.0439545971288489 -0.5346082168763564
-4.7274630097213199 -7.4598997487928269 -0.84051305611576099
-4.4982719548036627 -8.1265612424506024 -1.153069456917839
-5.0876899753614238 -8.2398495485189684 -1.6042532387198003
-5.3177817648826489 -8.4403209719197605 -2.0021227742147669
-6.0961752847274981 -8.6487585754860152 -2.4342836616197121
-5.5160698871400644 -8.8620371330832253 -2.8610359121311655
-5.1409925241769461 -9.0768576559998575 -3.261337509212753
-4.5741120286033068 -9.2451454657203289 -3.5974230770986826
-4.6669320805554237 -9.5532199529997328 -4.1950684041656521
-4.6136370113912815 -9.7733586801409835 -4.7005778909751443
-4.723298971205617 -10.104434864942395 -5.317692924990963
-4.6023323155609521 -10.371739742365119 -5.779928793498236
-3.8450886281148597 -9.7680139402336597 -6.060950476139741
-3.5132396158425792 -10.080412027299115 -6.3383525866994397
-3.1266365497225443 -10.695511541845381 -6.4001784126727692
-2.7521180505103482 -11.045120245302792 -6.5859655831945476
-2.3662178684022277 -11.564563615444346 -6.7258321818386388
-2.005431091494418 -11.964334317112193 -6.8477733183281071
-1.5916684391758373 -12.487430014808433 -7.0616148300511892
-1.279327381955611 -12.827587737122579 -7.0711743039339359
-0.79848835138730612 -13.464961614571171 -7.450679730442145
-0.49942771743127773 -13.713695537653788 -7.3506391889267295
-0.68381731576323868 -13.683025906309851 -6.3473833234957882
-0.59057157613656963 -13.551532904823555 -5.9952843916606762
-0.61468992683267132 -12.811838303490081 -5.5834935652826161
-0.73348453510382305 -13.099075371277751 -4.9027837946111461
-0.83213816195362833 -12.992468136553294 -4.3357658466739633
-0.90752750730252651 -13.027186770061178 -3.7151523772610355
-1.0879790057680063 -13.019579334175878 -3.1441337165319445
-1.1978125612313839 -13.026989863155508 -2.523736800996065
-1.4754127094302063 -12.96760307463542 -2.0122547762261531
-1.7414823825807562 -12.642884957922302 -1.4583341181909761
-1.9783647401750639 -12.82152327195676 -0.9224711849232079
-2.233023621797261 -13.212196661522555 -0.57235688665186635
-2.379064272104479 -13.760140280991061 0.017757780026900833
-2.8275120948225152 -13.456921812725879 0.19038717150569723
-3.5674895809843248 -12.795549593107543 0.30776813563412714
-3.2650409105250811 -13.458992339476787 0.87017386791428419
-3.1245488087026865 -13.801501373402202 1.2705535867212481
-3.0591737640054717 -14.184156802379436 1.73816001680364
-2.8360063230633292 -14.605449690529035 2.1624545585146864
-2.7625605168774867 -14.991170753699027 2.6261914333700638
-3.1156131054958029 -15.194286348944649 3.1354203066458619
-3.4818146946712676 -15.451866818589792 3.6173238403494525
-3.3067692441337786 -15.740507621929849 4.1264733361567112
-3.1732704609496571 -15.92735925870551 4.7344107655283443
-3.0451000808778903 -16.272109952999156 5.1893385966378691
-2.7267672106966425 -16.817089646393065 5.4149265287962862
-2.5636972398282714 -17.269348143738668 5.7327718962755334
-2.2398427418096345 -17.714891879884405 6.0764434575150705
-2.1077212130540128 -18.244517779095808 6.3089560746056126
-2.146617345163337 -18.885934901128667 6.3659539836899919
-2.0746555909177951 -19.45402450977851 6.5313680556165696
-2.0603020132651269 -20.061090688267523 6.6409781667071979
-2.0199729298357578 -20.649532061170259 6.7765160868701324
-1.9873960151887171 -21.245416252437455 6.9023499214605666
-1.9592413722174866 -21.840322803929432 7.0281414120126628
-1.9175651522530159 -22.432515376408286 7.1605251723324184
-1.8888511351029151 -23.025772209635377 7.2860125371911382
-1.8946168632689044 -23.640033024079678 7.3912958573307943
-1.5894823053449367 -24.122094368918283 7.6766850961063238
-1.381177444616666 -24.63730669715618 7.8988446228393521
-1.1635834608449616 -25.160164101612246 8.143027794476879
-0.89765615883463123 -25.642801498100276 8.37890080805008
-0.75695324470971082 -26.215466726840528 8.6191698850387528
-0.36494514109270371 -26.619013970543836 8.8568726004296856
0.11047760633071027 -26.931102260248831 9.0925654647956851
0.49664260999651966 -27.355520692375237 9.3246457232194171
0.96253109403010928 -27.632493809005805 9.5698511116120031
1.330821725665801 -28.151745954208796 9.78447778322281
1.8493860562429763 -28.279973645682787 10.058698903495509
2.4152636967082657 -28.166548563841914 10.352389609558459
2.9371851544425596 -28.233353564478634 10.627527468283599
3.4849217863512081 -28.198106507022359 10.915298912287232
4.0221611788569884 -28.216180378436587 11.190923115262642
4.5529081984392255 -28.207102966553801 11.492317632052336
5.0918601898611175 -28.208507208586983 11.779534479394048
5.6025031731469674 -28.224789353445971 12.092984544143409
6.2023858171108879 -28.15250597860474 12.332742487347254
6.5415100770314503 -28.399451988565239 12.782182229884187
6.9171128172543561 -28.773172319546141 13.161714857828693
7.3058620878765499 -28.859584341921625 13.600919966017445
7.6915898262880544 -28.664640783788094 14.078030296251587
8.0638026104188789 -28.595383941419303 14.540993479466604
8.4616816499860956 -28.462262137817277 15.004696697613802
8.8636155901550691 -28.808980827513693 15.390252954831508
9.2952772999516444 -28.965289103028866 15.776567284959723
9.7355448848528034 -29.222397077303423 16.164920854696817
9.7317427443130278 -29.097383134708629 16.856631437986419
9.9836399747477227 -29.166621482897654 17.398363925567661
9.9043668345999052 -29.137395743343884 18.012945939206816
9.8616181319825174 -29.038101485155014 18.746937097461338
10.293230678777647 -29.745223713641028 18.748771754143341
10.578847898868551 -30.1811956083863 18.936327758048559
10.875740399224322 -30.686538795215323 19.113648558670562
11.199889124790642 -31.184461019750877 19.255648033733163
11.613705634179349 -31.750522364178416 19.350342362150066
11.18123978093241 -31.80842960932295 20.065580869193539
11.068546480555662 -32.054645695911702 20.54270693222756
10.848096461778617 -32.239479146024763 21.102200836935701
10.632572421223855 -32.424720217977423 21.654725429387398
10.40077131901387 -32.595769610341222 22.212852939108643
