#spline3d 5 121 5 121
0.59165564696635897 0.036865619273246164 0.92105149737759218
0.33112876083006193 0.062630955084598011 0.41689542901999782
0.028654874790377146 0.026315478024120133 -0.025646279970906329
-0.40490958206591926 -0.12936078294822456 -0.35191850459123314
-0.73935203715031905 -0.19183889560009335 -0.7689370397508376
-1.1107533265176615 -0.27151175395291749 -1.1700665334756408
-1.4755389731098636 -0.36292409067994852 -1.5577400765821112
-1.6582896689440059 -0.29811393043075879 -2.1062990680145708
-1.961937564882563 -0.33800987300444274 -2.5349117241550396
-1.8849102001638982 -0.25740968266676939 -3.1773133347667781
-2.2021217074134056 -0.29966377417726492 -3.5759101428647657
-2.2233633746301504 -0.26604697212062323 -4.2493028628817084
-2.7063444371798342 -0.3567813291310391 -4.4875174758420275
-3.1954016291019296 -0.40429606033870003 -4.7743538885476697
-3.6757132195889319 -0.56083957318984656 -4.9264154713710786
-4.2369876984413999 -0.64687388238745158 -5.0198814849730518
-4.6036349945210082 -0.87644230718282978 -5.379827993971162
-5.0919869177391268 -1.0308392091979368 -5.5926340360271354
-5.3322337723134465 -1.3222338977425852 -6.0339177286122432
-5.7061064238809243 -1.5405258215590383 -6.3504116375586674
-5.8527552516158057 -1.9009744795866848 -6.7779701068643217
-6.1271464842220862 -2.1785047942489926 -7.1409288711089935
-6.2011449265386229 -2.6387420239419743 -7.4839823783661821
-6.3952211550660989 -2.9713567445256399 -7.849000272034977
-6.532217621723575 -3.484568986750141 -8.0825877959499977
-6.6886007443974327 -3.810920743605636 -8.4720708992711131
-6.9915806902727091 -4.266056312870333 -8.7079884228892759
-7.0363048715520451 -4.5318087734523145 -9.1889657026170291
-7.1839236376052877 -4.8067558803811625 -9.644134175043682
-7.1409004979429858 -5.0724698286474146 -10.123105335637387
-7.1023973293915894 -5.211260601525904 -10.673243290700318
-7.2552856709980222 -5.7651734675246749 -10.918099791823634
-7.3753677363732253 -6.1134430128657451 -11.26778254523364
-7.6594032766391607 -6.6913941734847127 -11.252632003223594
-7.8799803600453506 -7.0700178864312591 -11.483995467163004
-8.2330394385778476 -7.5892255038537755 -11.454956052788594
-8.521904981392936 -7.9317354937173556 -11.640174267074558
-8.9589871060592134 -8.3449426911228688 -11.773040905270372
-9.3235183090020062 -8.5672616644581758 -11.996155958247195
-9.7797199089233562 -8.7342730824510806 -12.367709450377461
-10.189047663656341 -8.7785254341146697 -12.632456362631988
-10.614687936504389 -8.7715483445839624 -13.052071440686912
-11.061554241589182 -8.6973891769609715 -13.290137119330845
-11.509611757721792 -8.5937402269165055 -13.634951652121892
-11.978581640500821 -8.4431495802133156 -13.82846107448713
-12.457585990889475 -8.283674320124609 -14.062517464118372
-12.919145292824446 -8.0943702673764264 -14.261495394947703
-13.397082682485316 -7.9122033769879518 -14.462003974699519
-13.845104855154721 -7.7175082643294983 -14.699061066851771
-14.315991546844014 -7.5400520403488107 -14.908323170909547
-14.768715870294741 -7.3648488073687925 -15.159919837125084
-15.244953394075926 -7.206548119616726 -15.364463653223986
-15.718104666178219 -7.0783265503557411 -15.614607092939073
-16.203467275027261 -6.9343175210435568 -15.798191621263079
-16.700232651304809 -6.8465823031874793 -16.03227903571134
-17.191358726020631 -6.7031785572933336 -16.182295746896781
-17.712312486298057 -6.6203362876871328 -16.382084709796189
-18.204469777032202 -6.4645355083080727 -16.477439093831727
-18.749923873162789 -6.3549514808223879 -16.620088920602463
-19.230591191154019 -6.1606016164056472 -16.615021697535614
-19.78590357375862 -5.98939201582618 -16.655230399347975
-20.201081025023733 -5.7166924698128909 -16.468025380368264
-20.683004696924058 -5.4490293636743683 -16.323413757635901
-20.924127515047363 -5.1114550171433484 -15.944829641102398
-21.278418077080818 -4.79200444368003 -15.680278394667557
-21.421053199229686 -4.4301011677708777 -15.262368138480147
-21.715173521993567 -4.086596101466375 -14.97392474592078
-21.838914386021969 -3.68407400796255 -14.583657017643286
-22.127249568257632 -3.3230640020634037 -14.325270034215256
-22.312112631127071 -2.8806064064796608 -14.007524957724625
-22.657402779051846 -2.5195092500046035 -13.832359940529699
-23.002221919074536 -2.0939059207314936 -13.695465138887897
-23.406940680098348 -1.7691163195249617 -13.592653153433311
-23.879269741957735 -1.4404070256750428 -13.654355184937147
-24.234368768054406 -1.0996960572964982 -13.4094324819779
-24.716427849640521 -0.77293180101487913 -13.362758147376651
-24.844239825213116 -0.46536828048735795 -12.828056413021635
-25.169308137487597 -0.17687966909285638 -12.53765653034252
-25.225633019797666 0.046404406904415003 -11.965420288123289
-25.486365898438464 0.27209285047049714 -11.58907502434243
-25.672614323108288 0.4510514377412731 -11.058771282452341
-25.957886135404959 0.59901217164434506 -10.661627413051615
-26.461597126915922 0.69733322009502829 -10.353820626373629
-26.805370613878345 0.74108644709382987 -9.9893008855756946
-27.431841325688598 0.70147482160684527 -9.8427246614617463
-27.681586213403889 0.70229166090633743 -9.3760469594201847
-28.149272605562089 0.44040404541116207 -9.0216867938214786
-28.302292968965336 0.65258705856388322 -8.5380754764020566
-28.597793155757607 0.54115657331419575 -7.9666144593942088
-28.659396478201995 1.1568794217994771 -7.7529462127527466
-28.904582063282508 1.6380397908652464 -7.4977122536156902
-28.739738073919838 1.3987323077928284 -6.7957912429024514
-28.851235375208056 1.5802343881680538 -6.3604674298955155
-28.783989751108145 1.1328951780086187 -5.7477648184261056
-28.90218807773531 1.3551381191818712 -5.3007916056768147
-29.278092911875301 1.7075947512470291 -4.93777313722671
-29.308099505086616 1.9534273224769827 -4.4847527828230049
-29.518165964705496 2.4356294789547244 -4.1576946455730521
-29.474540079674032 2.5658246208484874 -3.6169066010665967
-29.403125180726153 2.7823224347874951 -3.1045268482880779
-29.581975189676125 3.0111711925757745 -2.6471765226973574
-29.697801944088905 3.0980818570700874 -2.0641780896792694
-29.737047104832936 3.7166510482357413 -1.8855162375254075
-29.815720406536762 4.0369371315581573 -1.4786804262156135
-29.747435341487314 4.7112124729145846 -1.4587873120061299
-29.79678203298279 5.0516567200880056 -1.0970118365888342
-29.91466454964656 5.495512372943443 -0.70337887801377896
-29.969941812156495 5.7451605572588784 -0.28485329431854428
-30.044196861606675 5.7953831552238615 0.33866236904720004
-30.109786793142476 6.0110761445461183 0.75749333811595576
-29.981385003386507 5.6567785248044391 1.4585280886239047
-30.130182112233637 6.0248523664863143 1.7856385707647058
-30.296043584921286 6.4926856476913652 2.179504865411416
-30.502744916633315 6.8948253427395141 2.2257540894995533
-30.745750906386508 7.5538598881974393 2.2153937220224922
-30.90842529706358 7.7913488314131039 2.4705732715615283
-31.281069319771799 8.5302294507170142 2.6643985679500455
-31.286730076926911 8.297437276406491 3.1519123323917912
-31.275753968597606 7.9364229416037331 3.7765723908290654
-31.432135367522449 8.1751599366535146 4.032799880750126
-31.453848401668438 7.9829671876541397 4.5182584189110457
