#spline3d 5 120 5 120
-0.90169391148946088 -0.18076418935511918 0.67325315786283202
-0.50649949561381613 -0.066977598734609539 0.16572496800678815
-0.019158755146868402 0.0042088561894399702 -0.05180196422129546
0.55313144259536906 0.057988726710917524 -0.042003877022677244
1.0452906884168356 0.13695926468638181 -0.26385181026247823
1.5932416388543218 0.21445986908497353 -0.35033325915318414
2.0910047650402221 0.28057626589514373 -0.55168876462629013
2.5097535816039973 0.42155267114216899 -0.90781686296353359
3.0116253306383909 0.47309465600616785 -1.1165897246883707
3.2969731187020006 0.61249501242311566 -1.6416467270801463
3.7823181187261703 0.60073218928573913 -1.8746866936152276
4.2423867307368743 0.59244653066359321 -2.2062292187455479
4.755468880080767 0.4704967457112012 -2.3439488866948617
5.2779961810478255 0.36702612175891874 -2.4927604935188485
5.7456295797733592 0.22092254051667551 -2.7307130487931679
6.2745322333673288 0.077122275729527512 -2.8595432051838476
6.6192397316049982 -0.04141898576806053 -3.3127322163713222
7.0771467926346343 -0.16751993019266048 -3.5737036950397849
7.3352434048983017 -0.33836845773662172 -4.0746910585975717
7.6882993857981035 -0.44717165043652485 -4.4480281695149957
7.99917047064047 -0.85064611925968836 -4.760586008976305
8.3292489159385763 -1.0874009295623026 -5.0981762555250123
8.6215742523281289 -1.7356431093212563 -4.8058617415676173
8.8961369724988621 -1.9987148269277453 -5.0661287716609102
9.4153738201602195 -2.5877050775285593 -4.9135570191173432
9.570460841835855 -2.5315783255595421 -5.5301644372044434
9.9021775523813123 -2.323053020079898 -6.0035012946790873
9.9584031953820897 -2.7896194492988302 -6.4315885245083866
10.082524209897253 -3.053881457754112 -6.9052901097242829
10.134962286049108 -3.7280315494314684 -6.704850129763023
10.162764672231894 -4.2284018695786108 -6.9356780844152865
10.420618766278807 -4.69414415075466 -6.596296548748799
10.536787029480802 -5.2284090240653827 -6.4422168614523407
10.788244190108744 -5.6045254958696678 -6.3730187891126144
11.152299614476815 -6.2172754851747793 -5.8810486368248949
11.158314779565558 -6.1741923335968805 -6.7768570646478112
11.216686943637276 -6.2931005888142897 -7.1356943643212087
11.069551884894071 -6.0412531919867298 -7.8280662732923956
11.242789496023017 -6.3657100605388655 -8.2092162343314108
11.428794324435055 -6.5614820393401381 -8.7479658512526228
11.567960563805721 -7.0182727539577128 -9.0032027021579175
11.840233405354413 -7.4587448788216202 -9.2635057377449286
11.788766884498276 -7.7991493695006984 -9.7190307045415842
11.828122199740896 -8.2241051305004209 -10.059775920140371
11.955737536055643 -8.4355161442971998 -10.583116599137751
12.018527267577964 -8.7315456738813069 -11.024992311895081
12.501394959751762 -8.8146898724804821 -11.422676083238738
12.824862703939909 -8.9470280228406516 -11.788168463630736
12.575403568998125 -9.3035703741885776 -12.45454024136631
13.032303526420579 -9.2977764320354339 -12.730709652892163
13.457572149693801 -8.8450814535314173 -13.101619305369251
13.864593947722819 -9.1301182880833061 -13.330329461556827
14.268730024418467 -9.3905534309606811 -13.70727974828875
14.708638038203084 -9.5295453157137349 -13.80232581258066
15.145857100890876 -10.114855812858101 -14.12547952722246
15.610761360056006 -9.5937910485717026 -13.741655164036006
15.925411974637647 -9.3467072999138736 -13.571752790305775
16.091409940336973 -8.8152270141786371 -13.255141275358074
16.398166060723582 -8.4754712420959208 -13.045151841565788
16.722200411392045 -8.0288823489335801 -12.868712428212461
17.0304849365004 -7.6503454564252946 -12.666567148447818
17.525209270892468 -7.3416032459735625 -12.652608796530112
17.918476365163304 -7.0034795399897245 -12.535268505183877
18.456367899180712 -6.794304475418989 -12.607693601579696
18.898156988187516 -6.4984095527887797 -12.546798069382845
19.438649824042244 -6.3237451669381564 -12.636772198659649
19.882351288736508 -6.0227930613533589 -12.565469229226705
20.412842676925198 -5.8174163702953523 -12.610916387999103
20.798291258334679 -5.4521233321449891 -12.447363561705561
21.250494280037188 -5.1475903057867995 -12.364597792517392
21.55649745303246 -4.7602789206902054 -12.08938337992681
21.894692623925884 -4.3989554547613627 -11.87827642738746
22.353751888076964 -4.1902347158089963 -11.6093687310112
22.699447387661916 -3.9016807320195088 -11.330071240882681
23.22025247369022 -3.784987981416212 -11.068901485433074
23.5163457766668 -3.5320167544255137 -10.721707226315655
23.946554615639357 -3.3370490064123008 -10.366189279275769
24.1141241862728 -3.0836713807294092 -9.94311928232786
24.387087599353368 -2.9966917968995284 -9.4051955870655473
24.424825846501967 -2.6015591617871707 -9.037537128026468
24.507690463631938 -2.3668760843141832 -8.4918985483654055
24.482132602695287 -1.7931233025742657 -8.3466992934161137
24.42820302001688 -1.2991265505336362 -8.1079016687595722
24.645781072745912 -1.0508507577022206 -7.5939306795359167
24.726931704894206 -0.66393742983468285 -7.248115206721554
24.739550240102265 -0.64125091391584399 -6.584361204362307
24.843968815208772 -0.29491444517359056 -6.2433599796832029
24.746810455979745 -0.10695980997776179 -5.5865339937068823
24.939365748397236 0.33526957182237871 -5.4178563102280179
25.464317518612589 0.63170576479204832 -5.0731164303970662
25.420827755116282 1.1940236153579227 -5.0564003500477996
25.919600079216227 1.6664252872163929 -4.985010367904108
25.482623078849031 2.2237840761554439 -4.9757591527965026
25.264992441345289 2.720832039118243 -4.8754578259743573
25.454422138014529 1.9141238399631699 -4.1509754653071944
25.388387473509038 1.9617870991845978 -3.8578110996279964
25.385488578823786 1.9993239432154468 -3.1393825136267717
25.325961690373674 2.1247461185823955 -2.7146231857437817
25.646339803224745 2.7432068510790724 -2.4296040996826487
25.572706567508614 2.9374496866384141 -2.0119037304398475
25.664121300677877 3.5241411606256476 -1.6213236204799129
25.277176408982946 3.4808030109313237 -1.1895773508467924
24.820787495213366 3.7514588935390041 -0.8489635458106487
24.75974891879509 3.6845863231379044 -0.31533643314465387
24.322618771992158 3.7052480681129083 0.21457564761150436
24.867568318141664 3.7047071379356797 0.66506610357296869
24.992486001602547 3.6007059663030092 1.182553051166543
25.386480631105492 4.0674937968162244 1.4824024604128598
25.647935119131901 4.1986918863489713 1.8919743729384626
25.693828666655484 4.7411945648617335 2.2351199724113746
25.785288916042166 5.0863145559756253 2.6063097615860125
25.23312402639074 5.1425043026264019 3.0808826066631076
25.123499403398441 5.4966956325390317 3.4248620668739633
24.670162234164373 5.6855123574572586 3.8233322908415479
24.522509757289495 6.0596567415033942 4.1574857915787522
24.409332860668727 6.5598488977735512 4.4234029998652744
24.21468900716626 6.9202199801938482 4.7696861867663092
24.222925011201898 7.4900492654765891 4.9667000946636151
24.045286849218073 7.8382116134742859 5.3095493882816598
23.583402828778162 7.9402714776595076 5.8450844660004577
