#spline3d 5 120 5 120
-0.52482628480027693 -0.14998710355096459 0.33870228836215666
-0.26240815744309448 -0.074997021442931563 0.16935769170050116
3.875372046148976e-006 -2.5047951816760838e-006 6.6324611674567709e-006
0.26241535282561473 0.074993100158928863 -0.16934853813150563
0.52491901638478777 0.14992629141131855 -0.33852191925071579
0.78720218919975093 0.22500563799135248 -0.50812870941796329
1.0498912438978056 0.29983112314758281 -0.6769671748187317
1.3121328032963575 0.37487550854216412 -0.84648537272895452
1.5735784243664359 0.45070523324133938 -1.0182835866434319
1.841775892480529 0.52139002831762116 -1.174916020031626
2.0851370446325408 0.6099144233157211 -1.3843047158442308
2.3946393287107366 0.65278684440851364 -1.458418540509524
2.7159302130386056 0.6849849992767908 -1.500688231638025
3.0228512021044143 0.72802985834937717 -1.5768230355046571
3.337896462565348 0.76570798036172949 -1.6329851137152505
3.6493492050171916 0.80481281493144352 -1.6994762670944956
3.9631841255016091 0.8431230105246349 -1.7634488318206234
4.2714767885429454 0.88893634482319384 -1.8103237462059276
4.5960265625354033 0.90173815648187394 -1.9352520514849019
4.8816481811766659 1.0160542806979753 -1.8241460790937931
5.1557918240988725 1.137677980171016 -1.6937473370011171
5.4390537540742923 1.2435895024141159 -1.5962226919200524
5.7213556095032239 1.3576598385159175 -1.4928638950483553
5.9962755860515324 1.4713109612674016 -1.3642992400899996
6.2827957127415672 1.5827067996262636 -1.2701446167093535
6.5986407042154989 1.6735599457901984 -1.3178902239901695
6.9013136997338664 1.7720614073370791 -1.3090801146283224
7.208533212081905 1.8684284706355772 -1.3173574529618701
7.5146323582665495 1.9650927092370154 -1.3225768470102515
7.8208243258799568 2.0618674167107107 -1.3273180182825748
8.1271050798060624 2.1585455784812342 -1.3328196899944389
8.4333185127282544 2.2552609868476843 -1.3378819645577502
8.7395643876771825 2.3519627888532151 -1.3431293025631217
9.045798672622583 2.4486696612816572 -1.3483182476674167
9.3520351517205977 2.5453739644630109 -1.3535128725736207
9.6582717203457786 2.6420760154690113 -1.3587137427708107
9.9645186977083711 2.7387966773539389 -1.3639605057752768
10.270690967625915 2.8354940979274081 -1.3689107373908633
10.577147881520526 2.9321901315217618 -1.3749864546692254
10.88279343438113 3.0289466076709441 -1.3777027470893837
11.190304977676846 3.1254965011742746 -1.3886390431644298
11.494602351335047 3.2225816029157488 -1.3838967728423384
11.801403763581487 3.3186526286914728 -1.3972730336321804
12.117232113818497 3.4157177489779884 -1.4285473410530043
12.372483978340695 3.5166162015481581 -1.2338857755922501
12.638526795036439 3.6159880861932607 -1.0878337597686556
12.905921001424501 3.7155275298877068 -0.94261104439436083
13.170834713364505 3.8158553999292124 -0.78718356279811841
13.437188623008359 3.9144130131983048 -0.64227219682680425
13.70165186440912 4.0151500026146643 -0.48771492211659162
13.974053783425855 4.1176626768373437 -0.33290419686005945
14.218330433189363 4.1985147930548647 -0.22803612127566675
14.538757592540135 4.3627247816658254 0.08827098792925224
14.707757544542767 4.3002797647768407 -0.20371468816270299
14.799520988277163 4.1975950693847404 -0.55623359324518196
14.972028510457523 4.1659451817979507 -0.77973367534089266
15.069182656355524 4.0615768495879854 -1.1073475338481888
15.227954988655029 4.0118040344493755 -1.3767453541676178
15.551629495104459 4.1431440017822085 -1.4810001538494921
15.806826018443145 4.2039357846510663 -1.6455718205796164
16.083967897988028 4.2856894021327001 -1.7937393794531606
16.355141375936885 4.3623718453590445 -1.9457072112492666
16.631163598838445 4.4438811640256439 -2.0918502787700799
16.89543681494181 4.5122031413794872 -2.2550389545871754
17.182924912636988 4.6075675530872733 -2.3828471998599881
17.445162802211353 4.6713258159388777 -2.5541229415658342
17.621681078641519 4.642075152420472 -2.8395114857922437
17.833568852788684 4.652079726123052 -3.0755932493822518
18.034770947433003 4.6497923162005304 -3.3275305893970701
18.237979507635849 4.6503632145154725 -3.5753188008773611
18.438621614966081 4.6471858699582933 -3.829778013202807
18.652806445508595 4.6601895921571339 -4.0570527443717719
18.82232215361817 4.6228469652672093 -4.3661663947617253
19.102171991869302 4.7046316264638204 -4.4874594530403513
19.412506797285712 4.8239115305244145 -4.5446614027702124
19.690896357654808 4.9064508059046572 -4.6625396303586193
19.992561401528654 5.0146067937801559 -4.7384507948092933
20.269998464352511 5.0971291914580386 -4.8567557080574764
20.582334533064216 5.216751113846982 -4.9123293261508252
20.860479906602077 5.2971408316179591 -5.0376598407440065
21.020260944347573 5.2607970408159623 -5.3520032097414916
21.228807231911091 5.2681790451155148 -5.5869759352062678
21.426118236245507 5.2839500672695348 -5.8370806928182528
21.612914537488258 5.2357714372652975 -6.1135251685263317
21.831087433798672 5.3272842951495907 -6.3257204120666328
22.06094467082422 5.4983616967535429 -6.4940647432377618
22.281061915212412 5.6136949665860598 -6.6909401442507255
22.50619604793625 5.7555258776328762 -6.8744999891193626
22.728741574611284 5.8857670675512583 -7.0657162502817439
22.954640944621012 6.0265657056976014 -7.2432623478594858
23.171983852166601 6.1433633199557072 -7.4578793817016971
23.409090583089608 6.3147068696914079 -7.5885669540855316
23.652975158589097 6.5039079740745764 -7.6869462947673686
23.887616850415597 6.6814882841513343 -7.8147614762670727
24.13643944396679 6.8531060528864796 -7.9198896519740725
24.357235544149194 7.0552549736644288 -8.0521794250655496
24.625288355020132 7.2006446530649324 -8.145497615373829
24.936062297823803 7.287534494633527 -8.2017094772897092
25.22115287111825 7.4079869359800945 -8.2789922901096542
25.517814246740794 7.5140638702233646 -8.3489795300589353
25.809252055233856 7.6255756804228181 -8.416560560414533
26.104915405799069 7.7342834222325578 -8.4964879467953534
26.39478017651124 7.8460981419574338 -8.5526136405529236
26.689660440303502 7.9547849264156474 -8.6326866333057772
26.997097219609415 8.0593893315168117 -8.7551775545454138
27.208882346472446 8.2061372182698733 -8.5027785739590538
27.439850721347494 8.3421801633772112 -8.3331675936505825
27.669710120280648 8.4805323609445757 -8.1612682033381656
27.902129945412081 8.615391953697042 -7.9796210205683078
28.122128476646779 8.7604391486515194 -7.8011088518330505
28.368504070008509 8.8850411135438527 -7.6289427647871983
28.586606640724714 9.0324608534213908 -7.4463989785786602
28.703525932972173 9.2517846373392469 -7.2289133470643412
28.86159793540337 9.4407650639236458 -7.0264960646720533
29.00676749188213 9.6396558041897364 -6.8190431911732832
29.154552796448634 9.83632643557773 -6.6127688399808715
29.302518976766038 10.033017131495718 -6.4064584072853155
29.449921067828491 10.23007653782728 -6.1999753776468953
29.597582553861784 10.426850461834626 -5.9935882712302906
29.74602492106294 10.622900772260095 -5.7875072288601075
