#spline3d 5 121 5 121
0.85055569355088256 0.69383583544092531 -0.28918414553742988
0.41838872041197162 0.4014074088164386 -0.052112500874041935
-0.0015449486820196356 0.012431079785561874 0.021097515250878371
-0.41505072980798163 -0.42839802176503167 0.0063880537165519318
-0.83570581388481646 -0.82106326645566607 0.077902914203287987
-1.2474421441685981 -1.2580846991756889 0.056930771189077176
-1.6663216707432482 -1.7034310364385996 0.083223601329320981
-2.1509600181318715 -1.7085544185539432 0.62463662935825837
-2.5318583716191152 -2.0414388741408089 0.81992626123765089
-3.0965519382314155 -1.9912374700353235 1.3390686807492189
-3.3012094145569497 -2.6380176831341391 1.3862989193538888
-3.5246565775120793 -3.1206144573398684 1.5130802138395887
-3.7706762589545644 -3.7116829339704398 1.6120579333045402
-4.0044128575752129 -4.1238609022465367 1.7607486934916547
-4.2286991219111822 -4.8624195130920187 1.805769060381798
-4.4741923723840271 -5.0642480324456285 2.0251476445800076
-5.1516108663496007 -5.5439809026958136 2.3632413903385365
-5.3775529236226278 -5.5986795974794479 2.6036507683557599
-4.9609995897084183 -4.7468543192811898 2.8718185682748234
-5.1098806036320701 -4.1765743110750497 3.064324118883806
-4.4158325544848713 -4.6033452865788318 3.5672188970771184
-4.3456478039633852 -4.7059786605327965 3.8992572731379838
-3.4104538834909435 -4.9767579011499974 4.3934787105561499
-4.2519236445819555 -5.0261423482537504 4.6438539001962447
-4.7252422607004698 -5.0732843968834205 4.8725758808589594
-5.2496659373079142 -5.1665193936134219 5.1580765373462327
-5.7884565703116175 -5.2094960057490978 5.3900375012873436
-6.317114208051045 -5.2436283745995071 5.6190845936767779
-6.7034120119883713 -5.7126094791702915 6.2358561233108301
-5.8091099319067334 -5.5723896916831386 6.3743595019833226
-5.4554934496429706 -5.7000131227979107 6.7138163763216117
-4.8567892324026865 -5.6992987783080631 6.9657006471710741
-4.3870830922395667 -5.7722630640327157 7.2541284795747751
-3.824656854637126 -5.7808798936697228 7.5343264694211038
-3.3737177571354153 -5.8951023596291945 7.798959383757583
-2.7078737023355366 -5.7397420996688648 8.1127000460430061
-2.5835195646499081 -6.439185461882742 8.3150593325017716
-2.3492035980121684 -6.8761050856120365 8.5292884249045837
-2.1056821680364091 -7.3977785917320906 8.7485141792509893
-1.9264704866682794 -7.8989175108292562 8.9615344632954805
-1.6327486311973405 -8.3886674780554475 9.1797069217543115
-1.4886634722966865 -8.9107594758062678 9.3911624076859894
-1.585965344013879 -9.4726487418038179 9.644290039571624
-1.5295897657870465 -10.004711561691057 9.8329056545343967
-1.5614883702572029 -10.557514186990273 10.130056450876065
-1.5435902911276815 -11.094355578165379 10.229682242364197
-1.5534842247084071 -11.643517109917328 10.708938337996557
-1.5481798276179985 -12.196991231109807 10.451914159061596
-1.5509738166904146 -12.734654049623218 10.170707825614196
-1.5488569092609366 -13.281770599293491 9.9900863536402742
-1.5541016471199862 -13.826612303987853 9.7310281237352179
-1.5331437081040786 -14.362031656955592 9.5170271552509931
-1.6164246956582764 -14.939326585301567 9.3007410136821154
-1.2727128192009145 -15.357180285959338 8.9775563147192941
-1.0949797005055391 -15.829423231238001 8.6937902439202919
-0.83335013169051364 -16.277517597464772 8.3947418602275032
-0.65014195251329843 -16.74813567799017 8.0979589570455541
-0.30762268620186817 -17.165626085800724 7.8212010297031362
-0.034080393109002537 -17.589657007287595 7.5585886254472401
0.29268076481685612 -18.029847757738757 7.2559519004669655
0.54848579471783276 -18.431530825767894 7.0308511592721601
0.92656808650681388 -18.906477402907889 6.6581445898902771
1.070008667902689 -19.245347653382108 6.577991750447171
1.6933719953116211 -19.835923135859716 5.8870671719918075
1.3269608927267491 -20.006861114060079 6.4913842292297232
0.92268968019360131 -20.066325079163121 7.0569793234009222
0.80409199834813949 -20.345299713846746 7.3992155048889865
0.18996284407898315 -20.273625403260148 8.1011271063740597
0.46946112507937504 -20.881123383628758 8.2429894628334051
0.74165852256086129 -21.418190752102603 8.3332615845250615
0.92178143437495097 -21.913947546434226 8.5296045379040759
1.175621580684157 -22.476746786645364 8.6303253141847716
1.3874738445683563 -22.951275697181043 8.8235752311382232
1.612859035542529 -23.557069624820514 8.9024688879577987
1.852408871947544 -23.947803239140605 9.1561077180880783
2.0427537465324228 -24.698672802178098 9.1147549100503866
2.3333452560055759 -24.913505365913085 9.5476317087224434
2.5707700110174603 -24.726728812624728 10.185595663107929
2.7760988347646816 -24.833581178858879 10.72349748334144
3.4848275726195692 -24.846552470951501 10.814385842523537
3.9529528146550064 -24.932782042524387 11.077471630183364
4.5452048318314739 -24.960638902660342 11.261226238403578
5.0629117122178506 -25.045037955928709 11.497540275322367
5.6375368412270648 -25.059573778920861 11.679573793350958
6.1584916980005691 -25.167806950198297 11.93018795164334
6.6612181844123306 -25.299490099656442 12.205703979262058
7.1715657922676161 -25.450116113567315 12.480981253016273
7.6907024436336933 -25.515395503351556 12.719639389307449
8.1769232063449753 -25.769867939438843 13.048210040521814
8.7399201381310281 -25.671167029269842 13.208340179440365
9.3000146589114436 -25.472172961804457 13.311408095139621
9.8546781480224759 -25.375104724626496 13.466783729876717
10.412522162784882 -25.20895150208819 13.591325779086679
10.971577159604326 -25.087142985317332 13.728027333264169
11.523639819946558 -24.934445033407073 13.869304853736875
12.091568744561984 -24.809261945451489 13.986265428363085
12.627692570776428 -24.648874442723343 14.15865876281371
13.226878327342289 -24.548283540769326 14.216978329054252
13.702413752219709 -24.334065430420068 14.503517568882947
14.182343026738248 -24.119450280689982 14.773321007641162
14.66679365902751 -23.921406425882044 15.042629718219059
15.152165734500864 -23.706047140734356 15.301409152243204
15.641173777022715 -23.4997052879202 15.56588867841484
16.039718482179783 -23.345842653361263 15.978972603365767
16.493794745877654 -23.162506498449183 16.322011090069363
16.907158810130731 -22.994704272273339 16.680985389333937
17.362933691267155 -22.818270837863462 17.070298927045322
17.71566160014433 -22.849746901186304 17.493114645705333
18.245978887948947 -22.497189382514794 17.873525410962841
18.471684980099784 -22.849233615470443 18.319596339879368
18.679289860838587 -23.269938296854164 18.701863901268577
18.974744083752736 -23.594607623336085 19.127237526105077
18.920375253367151 -23.743685792655882 19.697189121240363
18.836236983240045 -23.714645141632129 20.394828662696909
19.061490225634223 -24.164332839924896 20.732053632757893
19.38454157540502 -24.680226203018098 20.894703329203974
19.604197351148855 -25.098117611295486 21.215583714037876
19.899674961186623 -25.592143372686763 21.425194235751054
20.136976884351434 -26.026399047604109 21.718588000302468
20.428562502857076 -26.517297491173146 21.934602105042394
20.820519161239417 -27.113067147306083 22.007375821897995
