#spline3d 5 120 5 120
0.43108413005066804 1.1472991992525063 -0.60054134139147131
0.19444643771755252 0.56384774061076792 -0.29255660295172914
-0.0012313080219002175 -0.0048769224819918723 0.0013822609083206749
-0.18193290872169818 -0.56078050540624058 0.28860017554779044
-0.18863242736942035 -1.2698919670394346 0.56336376274184596
-0.75265674164676755 -1.5473055040066634 0.89107551611631342
-1.3474105394763203 -1.8065167095530243 1.2244313861621228
-1.3945700238478318 -2.4835521058233385 1.4795406637999404
-1.4245727979468625 -3.1508962217296426 1.8570249656882669
-2.139073135359034 -3.3670893565639854 1.8242361589346889
-2.8382861798290913 -3.5187025903948963 1.7320147060587079
-3.3422871407641419 -3.9332903055034665 1.8829883764612554
-3.537600381238827 -4.5146589822462362 2.2280435923267401
-3.9602225175388992 -5.0629275871899075 2.5103509245486295
-4.1851641819180632 -5.4226024442057232 2.6580377464679339
-4.6654414050343522 -6.3932862521813574 3.2961808828468779
-4.750453272047424 -5.864902115909441 2.6953437778657174
-4.8632746204993422 -5.2615146293354389 2.1554611731280633
-5.0681122472159332 -4.7507569521791249 1.6958424068962898
-4.4434854749110491 -5.6803539856379741 1.5310919280384234
-4.1526594337127394 -6.0046109843475985 1.2630479078020087
-3.7699385593334838 -6.5926831721527117 1.0240221457369696
-3.3586685803433123 -7.0417042186020806 0.78473412079908067
-2.9743912200780205 -7.5742884250875209 0.53829666569190826
-3.1550300516562095 -8.2268392732252451 0.24533787121285744
-3.0793838693304965 -8.8420248492826818 -0.016209688810095331
-3.100194030563141 -9.4193208892024494 -0.30708422870138768
-3.1209621711349547 -10.135692161794973 -0.55295177353910463
-3.0415975454207773 -10.524626546268998 -0.88946280888922868
-3.2367122684518819 -11.619467830598387 -1.0306516756582089
-2.8201019798263491 -11.323837922075009 -1.5774170795839451
-2.3207782783661606 -11.016329722412232 -2.0603008466196813
-1.8401566157474496 -11.753932275345814 -2.2194623482084666
-1.3140083208039715 -11.924177756350872 -2.5713169435884624
-0.85115953640286623 -12.346703189597195 -2.7373030456054281
-0.28593041595448671 -12.774278943226616 -3.3273248115478777
0.094579397662694409 -12.731870098962203 -2.60036250717918
0.72955165520658671 -12.666130796624069 -2.1890640581835008
1.1144719811897414 -12.667849693390453 -1.6791523329651621
0.44499982145632144 -13.761584796979092 -1.4234588373968255
0.79007347048122156 -13.554654122516521 -0.82030959907475631
0.90436650493988968 -13.270023401624719 -0.1770140628504259
1.3217873572696397 -13.051545270848615 0.39809240782706296
1.1088089920397963 -12.977865487774912 1.0408741476523626
0.61637373925949412 -13.047367369681396 1.5955584765623039
0.52581597199836405 -13.005736790160762 2.2541502517751448
0.33629243422632571 -13.025869909953327 2.923280819827907
0.25737025509825923 -13.018080121801946 3.553968827313843
-0.1937298161784691 -13.026698748169899 4.2513441853331324
0.50601752186268545 -12.981650268604675 4.8067457336200912
-0.031462992650261659 -13.200165646989289 5.431337459586647
-0.21833151243417429 -13.444514004346555 5.964517207840351
-0.56837544830080622 -13.458734688285103 6.6553371400024215
-0.71773966336378914 -13.958793565317325 7.0735298568809899
-0.744933336614931 -14.60416135439919 7.3769556456962357
-0.89222225166064406 -15.11027782550252 7.7717087406007819
-0.95316387283246728 -15.702423834878076 8.1170686539325914
-0.91720728982257194 -16.232415019002872 8.525957469494287
-0.93919541276875906 -16.801314720651991 8.8971506185793725
-0.91874333808421826 -17.3320968391908 9.3016965439072159
-0.95041616173045707 -17.930809923428701 9.645367682113136
-0.88798599358335917 -18.440291179291204 10.041731279860825
-1.0167734272183271 -19.122619941324256 10.342188733625237
-0.77104353370849332 -19.474078111935135 10.84056508126787
-0.45610225993223086 -19.599021455058949 11.51002754901114
-0.22353967020494286 -19.978649099721242 11.980909472362438
0.082303611005354799 -20.631401175663434 12.12515555618425
0.33164953029692945 -21.152477109902978 12.459709554359883
0.66103582660159943 -21.669092668621197 12.684548427744607
0.7904380180270687 -22.385783045871566 12.998549019456513
1.5114064275093841 -22.460515109514372 13.182605392252759
2.1266350003090935 -22.607684257146133 13.383256595405554
2.7426810002908271 -22.782199209154484 13.587737614246437
3.3742901057155104 -22.930087307866618 13.786190146254182
3.9946069869224976 -23.069718820461883 13.991131976284821
4.6170040008148332 -23.305929009568271 14.183644135186917
5.2545732720886438 -23.191169969528762 14.412021607180638
5.8875792891116054 -23.143920816920627 14.633005184077518
6.52329884327406 -23.099408589217095 14.853609918845063
7.1563871491038649 -23.036722898276857 15.076615964826559
7.7878860112338053 -22.982387343537287 15.299210630738408
8.4458475597044984 -22.988600216278783 15.507880581609735
8.9636378325577315 -22.612062971812566 15.798697629010398
9.5301658500344253 -22.372746010122221 16.054554449720069
10.076163827772159 -22.078482975504489 16.333694567924717
10.637703206410469 -21.816494043312328 16.583430871297669
11.178568062063485 -21.520041967379992 16.878925061340755
11.704449484833477 -21.292905641091178 17.218988701572815
12.231436819968231 -21.004463837575688 17.511500916073288
12.818104773299272 -20.60878412568519 17.827769208119623
13.117254687384857 -21.298116576128294 18.300928388373322
13.533781517505792 -21.48201327679287 18.693967011061712
13.828287003117618 -22.112602807136668 19.133164335856886
14.405963503055746 -21.917945919802392 19.542744239322939
14.88178438851627 -21.848822305252035 19.953848685306255
15.547135153925359 -21.558362589641646 20.334428913486757
15.693929858191105 -22.10182520090391 20.838512144772103
15.905065809253857 -22.526083866116544 21.267088452734217
16.230684374468602 -23.155089845705618 21.739848650359601
15.903134504561399 -22.517360177360647 22.373196742810034
15.781472585341932 -22.147015457658981 22.999339635507024
15.810889175401352 -23.033501016537869 23.353890299070102
15.833508013337271 -23.47270870434993 23.731360364577984
15.737806377993325 -24.010446925772474 24.191058472171122
15.647646009364347 -24.511357300544145 24.606215389657176
15.570369171139813 -25.014032941102425 25.06119056959297
15.485483132143752 -25.507649796508442 25.520685212816229
15.357982712237401 -26.197438687914968 25.631735100331344
15.251816456144727 -26.790023719666593 25.907776388775346
15.129520344070759 -27.446543874768007 26.083981520976444
15.031740247662254 -28.025633321764523 26.37233278137235
14.880053839902613 -28.751737721631056 26.448517597048994
14.852150363981663 -29.168782707942494 26.987360344083058
14.91937394574377 -29.481834278630327 27.624092601207412
14.852023718251502 -29.951855462134677 28.089194737940701
14.5981958443494 -30.546980258788125 28.372794407153222
14.456073967319856 -31.064685439020106 28.760824901539635
14.250611742126807 -31.626682703999123 29.092083532869573
14.083044219069841 -32.16183902751817 29.455301064774275
13.980554111103629 -32.650764276431573 29.872850161151746
