#spline3d 5 121 5 121
1.1749408759271045 0.4099873027617808 -0.48139499770565553
-0.16103941975211636 0.25990240402780357 -0.30562641814243041
-0.1477547564774703 0.0014976855577585502 -0.020518502943060037
0.50930565393654004 -0.2746249318973521 0.348163769167052
1.220913940064094 -0.81602890147111262 0.56124569913735078
0.12135460596098911 -0.43117702786002965 1.1370220424726893
-0.1885849182142299 -0.81120600863841397 1.2518776124663129
-0.39066143831053973 -1.5399601133597063 0.81597579376433516
-0.75777198127532097 -2.0383755864902358 0.80919589737766306
-0.98734039902701531 -2.6738898176513164 0.55755523226211856
-1.1189981469578028 -2.7975089932587833 -0.18073593754637848
-1.3231526573673129 -3.2023925587170621 -0.68673086913031089
-0.89785818530566008 -3.3617409936470564 -1.2800776490300534
-0.60016779881504223 -3.7705574095154746 -1.7685227498588203
-0.6230368078501004 -3.733209564516788 -2.4590028087580982
-0.54837383180293131 -3.6552418658585792 -3.1590216297336697
-0.96819284026198671 -3.9607596924648192 -3.676761170659427
-1.1485339413008391 -4.0777662879989727 -4.2693149210105199
-1.682013353941098 -4.3950201210426592 -4.7927561876287559
-1.3573754303299588 -4.3112316406443334 -5.4550339378000308
-0.95181001673217425 -4.3884500735893424 -5.9823195852717799
-0.557791206717272 -4.6285729533176996 -6.4680080465236856
-0.14846035773924698 -4.6532610999248005 -7.0136774002609448
0.19094320938370163 -4.4935759149051115 -7.5227874023204953
0.67379008279847974 -4.1812224151809039 -8.0989518541968124
0.73775098525869387 -4.8208307188993551 -8.5397111647704236
0.83225596066478236 -5.2678053930107973 -8.998454811627715
0.96406558757534933 -5.7357507083045727 -9.4562147606003037
1.3785054401469781 -6.1721817681623694 -9.7989467086784785
1.5830044129157146 -6.6455493555720313 -10.22037629080385
1.9718586271321921 -7.0542769623841242 -10.561095026805901
2.2713188005651781 -7.5559633315439232 -11.042333633484626
1.8701220432619854 -8.0627853820328941 -11.186426197656944
1.683194412301074 -8.6952218018281471 -11.725205964343832
1.3849133589404039 -9.253562404894172 -11.875847670212487
2.3523150725107458 -8.4250795385443471 -10.926306579838513
2.0213530632713592 -8.9485094685306112 -10.647463510773715
1.6689892234515353 -9.2589523295196194 -10.069927313958189
1.458036561457698 -9.7304857728939744 -9.6550413796546977
1.1350688420507906 -10.037406682208154 -9.1290375617582367
0.8677649968661465 -9.4630712122826584 -8.5856673698705883
0.62551401844048826 -9.2780180169235855 -8.0341807673144459
0.18858466653837641 -9.0892002781277128 -7.5668214684254602
-0.090703136528904507 -8.6791987478212338 -7.0166650230859897
-0.53231668301463153 -8.7077809884952195 -6.5608711527477199
-1.1355511999055106 -9.0761728939068842 -6.1638486085190625
-0.63067668117753273 -9.1684199194645899 -5.4323757102409767
-0.59210571748466612 -9.3958694146223731 -4.8409396332355072
-0.8221528341466271 -8.8871892427433394 -4.2555094267804101
-0.96570338269648692 -8.5578454116897689 -3.6645169570238734
-0.89674671727036281 -9.0515514929006695 -3.0576890544824065
-1.0223132284991228 -9.2854480978576692 -2.4473354778662122
-0.60179318772797286 -9.7522682295385987 -2.0262467941685411
-0.59964750857210591 -10.28869838643873 -1.6496933079704179
-0.63512729298633608 -10.881745324754327 -1.3254157390639079
-0.61598273316751084 -11.434304315584166 -0.96389590532122138
-0.61483237295805959 -12.006972485200519 -0.62500324290940468
-0.62411999567091214 -12.571450086474682 -0.27212799992847009
-0.66355483412424432 -13.150830338562479 0.07413712820364235
-0.2507768691834999 -13.631154703218174 0.40361995599840689
-0.10382302792773085 -14.174485646961804 0.73092934533091825
0.28528316342244814 -14.650756640420799 1.0768621985537539
0.35647983159196917 -15.227507749549444 1.3855184902203805
0.27355485656932993 -15.829122427564037 1.7044590981799668
0.33990013120517748 -16.416729733552373 1.9845829721545629
0.28180104939836037 -16.99458915095256 2.3439173947497691
0.32230088724388656 -17.599940022458615 2.6030858435779876
0.51757476461157315 -18.25657988290201 2.6447520645782348
0.58512550407816666 -18.901656986374952 2.8103115146564406
0.79438233638728162 -19.514029244972775 2.9156898148492578
0.78955542155075686 -20.215609966973236 3.045425319677217
1.1086395820016082 -20.762290493393483 3.1704774250587304
1.6218672114369905 -21.215456786647064 3.3173785242426503
1.9988528088090416 -21.725661240991318 3.4445828714343709
2.4432137243246044 -22.214224753215468 3.5884552609101963
2.8240204542467482 -22.753192398123016 3.7340594843714929
3.5178102475448161 -22.921281702241743 3.762651591084865
4.0829933043214597 -23.246957294666402 3.8265773327957691
4.6949792366243654 -23.496405391578591 3.9009726330605372
5.299599957286742 -23.802634801574168 3.9225124884599838
5.8854268487437817 -24.036370699122699 4.0580351622777053
6.5149646397473289 -24.384001606709138 3.9846327476528387
7.0872376731103506 -24.581340659725576 4.2156426209152471
7.5518534192258331 -24.539408361818225 4.7750753292323562
8.0736554575251134 -24.688194419386758 5.1476495389352337
8.5800131233166361 -24.65014541363232 5.568142464729636
9.0661412257303535 -24.870437211170959 6.0649283857590488
9.6087362085253911 -24.706431853251324 6.3688077911305836
10.189152200404067 -24.316837019926993 6.5141364627355154
10.738469613294003 -24.101581129789629 6.7727190320523301
11.311894193318532 -23.782980038301993 6.9678921728327712
11.853209370506603 -23.534331340335516 7.2119051897254272
12.472081598959445 -23.182026982541153 7.3395292356327326
12.851156234521236 -23.158909592259466 7.9400441550652356
13.353229970803845 -22.995768141476422 8.3558671553371262
13.811682133349674 -22.911070194004633 8.8384901039209609
13.769339575522011 -22.945300992197321 9.6046321965967323
14.10347626906672 -22.95448380937335 10.140184438566338
14.363761348230408 -22.906688668314761 10.808012393365184
14.716679707895837 -22.975198985180068 11.318924647935052
15.434935388195912 -23.164441195968731 11.527766235824156
15.831828415480956 -23.362901180246279 11.938152869942069
16.587526769240398 -23.400277739126356 12.206591487634752
16.897074410104334 -23.739521540499087 12.602844281910844
16.83170895153485 -24.407148998022468 13.007827664556951
17.043782048169231 -24.826817568099273 13.425608067524042
17.073665141121332 -25.41829883040791 13.793128142204891
17.195532105928457 -25.973383845336752 14.118451576915927
17.218297445628526 -26.552372627481901 14.448016594615661
17.407945623690537 -27.094171141988419 14.829648847842632
17.284891795170079 -27.707682819384097 15.077498344723846
17.1567634464697 -28.314152656669364 15.293740515213768
16.997399001743393 -28.939280479278697 15.540101936922071
16.990186183281217 -29.509887107090059 15.777143531380057
16.624002414623654 -30.198276602923741 15.998169006378284
16.914981147651744 -30.679401925656514 16.265724131887751
17.501074627468775 -31.051760270487854 16.552946166473383
17.816501244780724 -31.51764618201366 16.820651701095287
18.328170150339041 -31.917456167834892 17.102853832660674
18.682378167714369 -32.369140915829078 17.373275337139845
18.767314017566946 -32.909064988093178 17.62379764629668
