#spline3d 5 120 5 120
-1.0402645686719834 0.93041105509582789 0.43717749670554612
-0.40021615541352179 0.45156160019766634 -0.19546871560738066
0.033606833179564879 -0.0038249078796148387 -0.11600097075304137
0.32359397055626449 -0.44280461059412951 0.46024358957933326
0.76010846718956515 -0.89773501841042491 0.53858011059612676
0.99646901635825402 -1.3328422581076238 1.2773426532442258
1.5583674022017162 -1.7928013829441523 1.0111852027841586
1.7727139158672818 -2.3054459765862458 1.408977104829563
2.0144916097379437 -2.8009677478050148 1.8278065433898929
2.2674368861859184 -3.2784536384323015 2.1400013854217232
2.5074346598545287 -3.8281011445218227 2.7458612393191157
2.8594374492645169 -4.1917760551724523 1.8023105776425659
3.0976473951872894 -4.554788025656916 1.6531266573510481
3.5003771660221736 -5.1117074124841055 0.76250553655768083
3.5382231858392199 -4.9131155480842645 1.9231988814643637
3.7665301127663673 -4.915221271215505 2.8229877475531322
3.7356746312531568 -5.2553739137174622 1.7426296726913133
3.6323453930885368 -5.6259071410508614 1.3060003347411329
3.9717826055082832 -5.6187824100757462 0.64309695808124778
4.3876908533400343 -5.4564941081336524 0.085730138778639012
4.4012073997502581 -5.9062172534562976 -0.53351979785224934
4.525239713296588 -6.2876594384113833 -0.98979977759637927
4.5851532212106507 -6.5848705188032248 -1.6827694357914253
4.6893715847348734 -7.0161641180559471 -2.0934464828417569
5.1195242098569018 -7.774737102978456 -2.0541994698772741
5.1328486139622598 -8.1897428276886313 -2.3919693345438624
5.8238737411092885 -9.0512742727603452 -2.3419136385983252
5.1458347141088172 -9.1723994283938381 -2.9170074231083478
4.7463666115580248 -9.4179929862925427 -3.3090599508080372
4.2510851721187102 -9.6433866129545596 -3.7422091346995567
3.9472586302602584 -9.7821472056469307 -4.3127862906520402
3.4629421243970309 -9.7991223314547256 -4.8371934122541944
3.2526089889781842 -10.168732640636053 -5.3695013181119862
3.260021066481448 -10.632971149919261 -5.8762405170776919
2.997387239131911 -10.992254806535243 -6.4325001134637221
2.4257789155307767 -11.294941505500272 -6.6067103633933497
2.0058062966808552 -11.647989141267919 -7.1866722690176825
1.5711999128630423 -11.940556142616812 -7.2137782120598466
1.0232614069094079 -12.318799574320799 -8.1405261386615813
0.70901046637972487 -12.593028010848959 -7.5307564391220847
0.61354098309755734 -12.743985890847647 -6.8004285494019951
0.26180638602936102 -13.03734784076179 -6.323068994267155
0.25837617384626316 -13.11673305728641 -5.6408335997264354
-0.1953262148722541 -13.440604361030818 -4.9939978986329878
0.43249020712728581 -13.096678549352253 -4.4896501719333353
0.67494930235311723 -12.788931589012559 -4.0124699460358979
1.126547055507733 -12.676588934237818 -3.4593280950424328
1.4465328760808154 -12.891434628651593 -2.9896813170968155
2.075063988105613 -13.256025261265437 -2.3886978562691201
1.6632203989250394 -12.137605310730201 -2.0193766794965202
2.1801084095357472 -12.600815505209257 -1.3856856475565686
2.3151612264983883 -12.782846165079174 -0.84524505251483228
2.7611124339704149 -12.855849255046648 -0.22342346169048621
2.8319353961122045 -13.242002080357445 0.29106169061709997
2.7803424737367037 -13.779663842862528 0.70745426091584951
2.7313365054197298 -14.339271742607606 1.1921903050774869
3.0548770729750276 -14.33638039927245 1.737570908292551
3.4427087751401033 -14.024781784075619 2.5441399115232821
3.4616310226140103 -14.805079606607112 2.6829090960992437
3.499766952602906 -15.424464715261733 2.8965388837388639
3.5954009722767419 -16.038025825629042 3.1419332097885211
3.5959486161913179 -16.677748310511593 3.33396017717084
3.7318806282302655 -17.301721225827045 3.5873981726932569
3.7137618239767942 -17.923116202296139 3.7867743684256365
3.4268743664012438 -18.585680924418885 3.8291086260320157
3.2936013628346035 -19.151906804681211 4.0352199999923712
3.1354478355278572 -19.943797097373686 3.97240791038094
2.7572849337706629 -20.134791064039018 4.6122428054387452
2.4052498470582493 -20.557869509657714 4.9969288472140372
2.1011608421198558 -20.820415018980256 5.5067971845954284
1.7042796686839281 -21.254241448341904 5.9292156715316215
1.3840318110188372 -21.558150813985556 6.4065927974170807
1.7318107785153023 -20.876349333419501 7.2532651472971335
1.3318592196402508 -21.298307056460306 7.6764631641551189
0.9077942526933428 -21.716449922861454 8.0330138881399566
0.56877523895391546 -22.07215936362168 8.4502302852175628
0.17162127970191784 -22.47604176312732 8.8473815899479629
-0.3360293869312998 -22.573922851944186 9.2935959139755688
-0.71754097825142193 -22.906976778061093 9.7541181712651586
-1.2686553340493909 -23.022751215692153 10.135633994183063
-1.8360041356382526 -23.056678083824067 10.476916198592271
-2.3866419268737862 -23.219282668706828 10.841687075982298
-2.963945649464045 -23.280884661715067 11.186598770467866
-3.3236015264258114 -22.936596022956707 11.71804963537509
-3.8022468313655948 -22.747636848051197 12.118642544739023
-4.2163468481736706 -22.542827439510287 12.621985862909227
-4.6148349557742074 -22.676702224611045 13.168223331099837
-5.0412181338585338 -22.661857969180158 13.708225752698299
-5.4257826402763589 -22.231184580171305 14.092807378125729
-5.8869931014289154 -21.985760438416335 14.53503452209301
-6.1726647257225844 -21.596849963784912 14.985691473569991
-6.9625315320859178 -21.629033381740797 15.286502902255796
-7.2030535482609137 -21.495656002743658 15.708740050625236
-8.3130354966355675 -21.384182131601548 15.953720254270635
-7.7897798284011683 -21.38204265752881 16.573725936991707
-7.144618718366611 -21.404576841455238 17.238668394041724
-8.2977256570341442 -21.338341570685376 17.430159342220076
-8.6042046963672121 -21.314484472009099 17.801963552864397
-9.3366641173560776 -21.276530221329576 18.096794930608812
-9.8445441267780449 -21.230762433050582 18.426975031510644
-10.469159606937289 -21.216360267287364 18.741906226858514
-11.043150238103769 -21.137284903064579 19.059579066380845
-11.617989628991513 -21.17819598715759 19.385593696643113
-12.241739793176336 -20.999384845727231 19.689164254506828
-12.755372381224852 -21.212758052889825 20.038454480264988
-13.344558604709581 -21.492443489349714 20.316913812090707
-13.777203065850534 -21.683691734571028 20.715545292778955
-14.512117236009097 -21.941320263093694 20.90067676043132
-14.721461056632908 -22.164223421968995 21.455046284150274
-14.812853155810172 -22.186976990617751 22.240919418357404
-15.010163586171663 -22.635100182067067 22.625690239599031
-15.106434302249731 -23.457107641522846 22.822514573447474
-15.272728921199519 -23.647528464141448 23.415452112774556
-15.360668949675762 -23.554231065732395 24.106409178025622
-15.50608611172661 -23.421372906608099 24.835231103073557
-15.597461444784065 -24.091932856486714 25.191244571824605
-15.707774938646033 -24.589543028762698 25.58526117756178
-15.808219151233835 -25.09566925357958 26.017747576915646
-15.916242312849793 -25.665435994276688 26.37286069320378
-16.034738571636353 -26.324332693746783 26.616755428522083
