#spline3d 5 121 5 121
0.098240115908414735 1.592698268158002 0.67116277968975346
-0.19933377539218627 0.59344478524439337 0.27667095252328311
-0.062280901617284681 -0.050795314082907453 -0.014879828611458651
0.33683062660033036 -0.48118046050696017 -0.24366500285434395
0.43434445761454049 -1.1521729739349438 -0.54130651598754098
0.96818501204787744 -1.4879884544058435 -0.7453327011792924
1.5446925757312664 -1.7467554361315203 -0.94858641254452858
2.0252742518221085 -2.1456254749412915 -1.1481043080040358
2.6227884735245768 -2.3387319513877096 -1.3796375900736548
3.1756951390426305 -2.5928128207325187 -1.5638656269457973
3.7812596318458276 -2.7444178014471272 -1.9191104613277012
4.2346350695098494 -3.2801584370706367 -1.6159631509008014
4.7125876993308973 -3.6404660986425625 -1.5975017009070223
5.2317436584190835 -4.1225133094577826 -1.391426983160502
5.6297641423257687 -4.4508285190495114 -1.4236098370766919
6.317780445089169 -5.0902769818660012 -0.93776534003705037
6.28291587492998 -4.929369823725005 -1.9440954945554332
6.4178635124892303 -4.9739195876391689 -2.446864246665363
6.5821325684137451 -4.8677066672104701 -3.1948493748630913
6.4155745148177514 -5.6268234388669232 -3.5483595397040806
6.6903488501177746 -5.7723943748519142 -4.1465458966479858
7.0773805751407188 -6.0643472580409732 -4.6329982730086332
7.1861393110671656 -6.3661694757002305 -5.1977749529303496
7.0766833020525945 -6.8019959282116265 -5.6974271546702351
7.2462445343314803 -7.1905398181652442 -6.2744681179484907
6.6468693120662881 -7.3042715976060855 -6.7285074172590935
6.3022448011218106 -7.2987204961514101 -7.307757183696685
5.9677482237325146 -7.7500342012007106 -7.6898151310319429
5.6880828585284844 -8.2099433308216732 -8.0477283177988408
5.4159026024057466 -8.6651046817176347 -8.449532252474814
5.054539013891314 -9.0467749952637124 -8.8076521550628755
4.8612410084445585 -9.5968973625334542 -9.2281248336755244
4.8429806295987712 -10.177291953606646 -9.3321801088995997
4.6892893308815617 -10.785752532513577 -9.8194483381149524
4.672963744543134 -11.448176541993719 -10.0129193001193
4.2268390675294745 -10.871864255898707 -8.8587031651089205
4.4516299946105127 -11.65741871240912 -8.6289378218560557
4.5388653546396744 -11.780662849310712 -7.9746361226631102
4.5901869339532126 -12.527303367322167 -7.5558674616315535
4.8120454404374335 -12.279070024942028 -6.9286898226764295
4.8346043177866402 -11.631010877941574 -6.3592680605291694
5.2154874418547799 -11.982291469241963 -5.8344728965943826
5.4815923137414568 -12.390958896731446 -5.4245007763639705
5.9901201257789554 -12.627652014383894 -4.9482431587333666
5.7962738940731997 -13.089998896539965 -4.4457483380681042
5.5691188137837369 -13.449360963550118 -3.9248676666538178
5.5721799254462425 -13.83653845465326 -3.4309025294446918
6.1076632210788127 -14.386110396517251 -3.0149291276073211
5.4798618301774411 -14.257332849324348 -2.4020734042502796
5.3281536439619117 -14.138965406504537 -1.7553503271056112
4.9274213546569996 -14.692293854058537 -1.43324485398951
4.5959217710972853 -15.03764950862271 -1.0242927169022493
4.3009418853000767 -15.477811442639021 -0.63995145256161323
3.8890509684267975 -15.841217185692553 -0.25027281646364197
3.5985016105858105 -16.275302838425329 0.14775037786718101
3.9506297610945182 -16.887598748422388 0.50636221039872487
3.8216447258743877 -17.334364225911681 0.88666018031986815
4.1956326574768408 -17.999734544615006 1.2320831321377044
3.6985579740259844 -18.231094537445721 1.7029160700608066
3.2960002996697133 -18.380400947306899 2.2362221282776624
2.9626655370980011 -18.731445010465539 2.6858090040025813
3.1961580138070746 -19.592854049012868 2.5846214575463158
3.0148231699928676 -20.06145396434475 2.9014618201983633
3.1964692967473254 -20.867786738489407 2.8318801815262118
3.0006438107166398 -21.336124640603799 3.1840718985311547
2.6515421603457612 -21.678858706575763 3.7019812043422293
2.4369139392280625 -22.120018480364728 4.0931688647524505
2.1265952858358252 -22.515411140028512 4.5328390364457363
1.8945041050429168 -22.891678647144129 5.0240809209337138
1.565861603365998 -23.424907704493993 5.2588293234265189
1.3119204166146707 -23.948837459463888 5.5554111184432537
0.96242069582487766 -24.424235588164688 5.8290620525135752
0.77147503297412345 -25.005307769834282 6.1263049288103328
0.29603491551851713 -25.391850461896258 6.3836512424642855
-0.22486933703772119 -25.696057450524115 6.6280310121602994
-0.66358503168230909 -26.132518457691198 6.8882579915783895
-1.1974341158700457 -26.385730939853449 7.1333032251986976
-1.6056302157945259 -26.916141004031996 7.3949848199777577
-2.1919117408713724 -27.04240674660495 7.6377273793965017
-2.8299110564262131 -26.916107473343128 7.8714569242835628
-3.4227272693712423 -27.011403324749136 8.1030780668380054
-4.0358437310725908 -26.931583512258914 8.3506538097221519
-4.652501370338026 -27.013633860291506 8.565049168872763
-5.2483746645246816 -26.928595609972426 8.8289019039306336
-5.7916399437068335 -26.744268595767711 9.1498469099512398
-6.3702458535694264 -26.627537176813842 9.4308496475720425
-6.9223936264179811 -26.466087476614103 9.734496568126584
-7.5165470909012226 -26.383122160465664 10.033265069671407
-7.9646373458211057 -25.954424594697141 10.294725708568794
-8.4564040339323974 -25.604559099759456 10.559367991214044
-8.953746852036522 -25.329771074716355 10.838958453307956
-9.4029359132345594 -24.826259157775265 11.084177497280074
-9.9541650194752727 -24.745139612269146 11.39389267642184
-10.606723279825642 -24.840879062769897 11.641597873530356
-11.109643013726473 -24.773247203707971 11.987463100858164
-11.807698890861118 -24.814672933329426 12.176848769290489
-12.314120040726905 -24.81446754899023 12.559447601425033
-12.190775704474985 -24.503069830391155 13.374749228018075
-12.483442305429922 -24.48174344278506 13.890511451691431
-13.191968768326777 -24.870894658546884 14.110193724389418
-13.471669865480798 -25.113500761022465 14.494908173090087
-14.309690730575182 -25.24524632622435 14.783781454545966
-14.276737524746796 -25.802973559357671 15.151702643438973
-14.258583240509878 -26.402406334336053 15.466289029013911
-14.237165541830565 -26.946471994256143 15.80702444737515
-14.265217784578811 -27.51945632686822 16.135244867820326
-14.781121625315865 -27.896279199321814 16.498078679762127
-14.929629600882052 -28.423068665150662 16.828989967363157
-15.376808562770048 -28.821784384275844 17.192948545032145
-15.583655401940012 -29.332804337684681 17.528922533225391
-15.452767232740204 -29.973746278225057 17.783545891934921
-15.526331284957106 -30.530949933876705 18.084090883464945
-15.48351743985277 -31.136937930226456 18.359088481348362
-15.521369925428003 -31.712134887576273 18.656484664034412
-15.414019151923169 -32.324841178024101 18.886750581149702
-15.378718776723641 -32.917754033753823 19.149081602770455
-15.304521480595419 -33.521779304189756 19.394638793638627
-15.254037916539776 -34.118973385136769 19.650039590319071
-15.185849218436989 -34.721213270360579 19.898331472751536
-15.135207503944418 -35.318432430952981 20.153737369116573
-15.112219848214181 -35.907899725898915 20.420401534777739
