#spline3d 5 120 5 120
-0.8658997590524613 -0.08684750150005173 0.36290673801708784
-0.43293521378575039 -0.043227098004865815 0.18136102302008367
5.6785586896455718e-007 5.7437931442362211e-005 -3.9512677584991469e-005
0.4329356452359715 0.04313951654025712 -0.18129840271329051
0.86569760310373967 0.086873109307769925 -0.36350187116588711
1.2988054974227901 0.12940482884799165 -0.54384487531992676
1.7314546209423824 0.17336414880611356 -0.72660414806158546
2.1639695328616937 0.21862032206147841 -0.91044151890373504
2.6001216643398055 0.24842439591361062 -1.0733695596661901
3.0206388858751461 0.34017607271029154 -1.324303247260336
3.4889771362546855 0.249111700757323 -1.308888771047507
3.9595658970536611 0.15788902604259919 -1.2892313306209224
4.4113611871743954 0.11821256572996489 -1.3104415468993775
4.9088082305605516 -0.081632730506709023 -1.2802039497295492
5.3019083961012745 0.20668963802636292 -1.3519019509056351
5.6765410450757701 0.50010303917162491 -1.4196479531799784
6.0746287203155953 0.73029063971044672 -1.4773058149240552
6.4588942943294256 1.0045954034482705 -1.5430689233571189
6.849218687042895 1.258604120491051 -1.6035181792648285
7.238167772871738 1.515595797840068 -1.6698295779339669
7.6247764179119306 1.7859239266165168 -1.7240981126083861
8.0188411308744829 2.0196043380530817 -1.8049896731418731
8.397702987910586 2.3208880637333635 -1.8371661137607476
8.796797338449279 2.5532668196101889 -1.9215806815939342
9.2342367170520223 2.5289647404563258 -2.1800920148914202
9.6407286686468741 2.6002720318699475 -2.3653790163076969
10.091879539021686 2.6733851002747171 -2.5712319987170735
10.446835616345483 2.6575716517801466 -2.785091308517269
10.995882454650548 2.8510834727406444 -2.9636379945226805
11.271573853188698 2.7207851522881743 -3.212289936515651
11.110219339319508 2.1735755280111899 -3.5008388390337872
11.171577662438274 1.8586755254586058 -3.7639589178328565
11.177679540614236 1.4483815990840849 -4.0282912172537664
11.103786619603854 1.0641770225497278 -4.3219307978047095
11.265501199294903 0.68462828340544657 -4.5439308118980319
11.528502873983541 0.32236023354784227 -4.7314317340997034
11.709828149144684 -0.04912385491143869 -4.9442458945403764
11.935636397337129 -0.42302101328280367 -5.1401963192693172
12.133625515942253 -0.76563717370963014 -5.3689898596396661
12.369348196370106 -1.2178060413229164 -5.4925574766588419
12.52662354452197 -1.3809359069974687 -5.9117139510249679
12.664254045417815 -1.4948446017122372 -6.3664272565049096
12.843820801653592 -1.6802374274965544 -6.7442216947592177
12.930395526475966 -1.7977245599230867 -7.2295937542643678
13.242637502387931 -2.0092585972908084 -7.5170366398414412
13.562950726600993 -2.2454460992068856 -7.7693700360193452
13.960352457815208 -2.4000695112533768 -8.0407896474019243
14.025314568677697 -2.75543064592719 -8.3623742097939111
14.104295787936918 -3.0821674720215841 -8.6883745596636857
14.178214042521111 -3.4230452498913095 -9.0075684304576988
14.220399912889825 -3.8041641466916696 -9.3569018612562918
14.75625866921941 -3.7620766801268593 -9.5427271162802132
15.14334543649692 -3.8294477913450593 -9.7621019561385083
15.5578857930808 -3.8882213210111378 -9.9858789285846541
15.979651262579608 -3.92747629632311 -10.194291412278583
16.387704207592396 -3.9921689306680199 -10.421276286206886
16.80298637038975 -4.0483461327931689 -10.643188974592798
17.261697209449519 -3.9800199035387998 -10.761935544966022
17.705608935746653 -3.950166014263468 -10.912196471945975
18.153636339648941 -3.9133823069420131 -11.056903013368688
18.600521531231085 -3.8729185091557672 -11.198613194423533
19.047671197166643 -3.8399569032083978 -11.34607511459037
19.498041882600777 -3.8016806290218761 -11.49072754430534
19.930468029527432 -3.7437777262936294 -11.614846894905689
20.425204565690017 -3.8040325806828696 -11.845840383878405
20.753670379423816 -3.4496343797428106 -11.721735169306053
21.05698624195534 -3.0975916234387539 -11.589347947575407
21.3994549655546 -2.79791384841716 -11.509566283098717
21.710861584517623 -2.4566750629935581 -11.387047467431016
22.046445563482227 -2.1416112458097438 -11.294480697786776
22.378075688012739 -1.8168921886725047 -11.193541745553402
22.59170773118872 -1.4397847629826044 -10.992192640189783
22.842706205492885 -1.0793642932378253 -10.824082858668623
23.082179869011021 -0.71514473177360927 -10.644649944804343
23.324796737409116 -0.35106701768192516 -10.468954975002324
23.582047621134304 0.012321089214873323 -10.307119004019356
23.746530196705933 0.37804307954760213 -10.05427423370242
23.930445077534944 0.74328846902677137 -9.8175737594484822
24.116677675097364 1.1080267299091877 -9.5925801410855449
24.292345892009692 1.4739734144210077 -9.3324469617214501
24.487798259494234 1.8387299470411853 -9.1458889521828173
24.649263304204069 2.2013549405084865 -8.8355496072323909
24.848533547876762 2.5803956642810815 -8.6286644341164287
25.15697814966828 2.9123799993271478 -8.9661878408847286
25.416883078870637 3.2546911058372685 -9.088679933052159
25.693879349647673 3.5970434267929003 -9.277700187454343
25.966744187029573 3.9372913972429791 -9.4531663028318373
26.23836141451309 4.2803226729446591 -9.6276582469454528
26.515164840986348 4.6186008676415833 -9.8062573933963915
26.78126811266446 4.9660021179388849 -9.9791015791107203
27.063799755712353 5.2991649641141807 -10.159370299393014
27.338786316677123 5.6401747800945063 -10.336466217161986
27.513226234588124 6.0628840006920246 -10.470980329915218
27.719848807712047 6.4583230254138977 -10.619184931955306
27.921630720288618 6.8591542352666046 -10.765033236013817
28.118662580418629 7.2620819675619925 -10.909432013902357
28.319634137376902 7.6625935568414718 -11.055084805811813
28.538771151476983 8.0547709471607263 -11.206742801231407
28.644211796218169 8.5028709127321687 -11.3215513548988
28.769983947945271 8.9403550906611056 -11.442810717156204
28.898060630347356 9.3772188904639222 -11.564892924817698
29.020307776399513 9.8161655733516167 -11.684947169001653
29.149217509955459 10.253887379780053 -11.807653621844686
29.266757796695444 10.691741843934972 -11.925242469492636
29.408171972862025 11.13044222891892 -12.054033850735371
29.504917788799805 11.567960962525945 -12.161670132279864
29.658313024708821 12.003834319145914 -12.295980045139224
29.833579842958358 12.454912016798914 -12.442469105796494
29.460776688151626 12.845775445966449 -12.321812856919525
29.242397332381067 13.242197216192503 -12.274969860901885
28.998632859181637 13.643055302025248 -12.216559009577162
28.74841621358863 14.039793425436992 -12.154759651201932
28.506662348637093 14.43875225878746 -12.096984954933784
28.259938595498085 14.836752517722374 -12.036932882575591
28.015590244567829 15.235204547526578 -11.977971382845363
27.770160355456557 15.633388724651727 -11.91856677496796
27.525181175117684 16.031723837057214 -11.859339038654602
27.279998041353466 16.429954730773311 -11.800040450367531
27.034808225745081 16.828204995315325 -11.740735401704217
26.789581539892879 17.226499972290412 -11.681404573893417
