#spline3d 5 121 5 121
1.6686860656579376 0.488399209755701 -0.26198113565839037
0.32238849349838522 0.5847323721236567 0.05534749281839868
-0.099972858975225315 0.066644802065403075 0.036324338000269484
-0.10747572388466252 -0.72965301275743799 -0.1337922626959929
-0.32523510987223059 -1.405666075532616 -0.23360230223931083
-1.0736163500197355 -1.6986451865131178 -0.12894488214036301
-1.6348090362432457 -2.1282351182441737 -0.12407756039456472
-2.2095525459962837 -2.5282617565754242 -0.020186115376822772
-2.8864326548743637 -2.904292656048566 -0.11019681502586622
-3.3562732466363028 -3.3552014786006907 0.16426960655859563
-3.6286413857042823 -3.8234754028063485 0.67315568244217994
-3.9666748690629148 -4.3893199823401101 1.1339665994692703
-4.5792292771628409 -4.4811890847126694 1.2384551526189194
-5.4746617666783388 -4.5489821256989957 1.8552807758370728
-5.7502151826356274 -4.815409447087907 1.389565735069936
-5.7376369875274866 -5.0625321721067476 0.48103658833659069
-5.96396658046526 -5.305596016644949 -0.026099891476976715
-5.7709612391753859 -5.5355265254757171 -0.85377472030549606
-6.3052637884771148 -5.9361055010465735 -1.2025552540653859
-6.832508936719683 -6.2168241854106574 -1.676939459943396
-7.2513191349953692 -6.574155518552133 -2.1221884564719775
-7.1642236657395379 -7.3890774830768384 -2.2713760237848524
-7.2646977106397221 -8.0201993914171563 -2.5385655169927102
-7.3169237624164642 -8.7128878413062232 -2.7631751363180581
-7.3532757222914134 -9.3788767619126876 -3.0208282619535907
-7.4698703941255804 -10.087099099595857 -3.1975354766737967
-7.3892789075946803 -10.693869071918206 -3.5826418346577906
-7.2239429201878211 -11.273545248781485 -3.9784844655984002
-7.238728949725469 -11.894350520567093 -4.3910107108097591
-6.9359091012090142 -12.469809175046898 -4.7011661907527751
-6.5441417910810262 -13.034292732124191 -4.9479852635846511
-6.2218553644128152 -13.607064321352922 -5.2352481501524535
-5.889458692682787 -14.180723775111506 -5.5173553837444507
-5.5122406065625871 -14.739871720643658 -5.7697254012168955
-5.1992617279399296 -15.337109019638191 -6.0833652459822121
-5.0802231069117232 -15.877756310260837 -6.4073726462068823
-5.1598034173729665 -16.632952907496858 -7.0392399974104043
-4.5763972180645007 -16.93400022014956 -6.9249412548824205
-3.894800821280461 -17.005280050218719 -6.4081311085762174
-3.2268999916423531 -17.238783560608564 -6.300033903420343
-2.5896921243742868 -17.390445408206386 -5.9078730796221324
-2.8597346707429763 -17.734297691449832 -5.1052490078226871
-2.8075416567717766 -18.023068252044304 -4.5040118275906895
-2.5975292876344493 -17.999337277720215 -3.7660158462372237
-2.4483735089031784 -17.983818770528703 -3.0773049336574716
-2.0555622707210333 -17.555179583842236 -2.5229422642680439
-1.7971369369601664 -17.305438506944849 -1.9380360259046936
-2.0447351068171704 -17.356826798572314 -1.13963113354107
-2.2793865523558856 -17.349969376633677 -0.5169857606222098
-3.0670410972060997 -17.746697031537792 -0.22073148084388394
-3.2897281454948155 -17.563594162705222 0.43684940137209849
-3.4414057441347699 -17.22891111595775 1.1093510609329713
-3.8960707849632938 -17.029571504556351 1.6958369596139671
-3.4041435317904765 -17.017293747480092 2.4563158001279062
-3.4020038927103933 -17.066838858365994 3.1444698421903268
-4.1234650218536828 -17.424089204320378 3.5340252058569508
-4.5135702396540944 -17.515842897040571 4.1110548393764965
-4.9557519642573951 -18.023984461662597 4.4749032611096577
-5.205392355973423 -18.617330747669261 4.7636070936996635
-5.6664269791569559 -19.089408773790563 5.1537625275453935
-6.0135597635724283 -19.641347952777721 5.4890850487163014
-5.5097060968631695 -20.345503592648978 5.5365066474421356
-5.3110395906651195 -20.987297346256842 5.682570251659822
-5.0664833206838171 -21.652491146095727 5.8234983889572298
-4.7247137369865664 -22.303771115543764 5.9096731780049145
-4.5824575084238299 -22.974103386795036 6.1007494127052668
-4.6304590101897674 -23.654976586768434 6.3889629506725303
-4.5612727104211226 -24.328052039971187 6.6168061844065109
-4.5463337396186372 -25.005135336248483 6.8727162941174322
-4.5093179389434779 -25.680192964100282 7.1173291810672374
-4.4835574598888988 -26.357327715257409 7.3669755478936079
-4.4417954251457195 -27.029510198447717 7.6111820335229057
-4.4403790110136816 -27.714967002126393 7.8679388931627443
-4.3407449501334687 -28.368614581925325 8.0948685152361879
-4.4429507151452121 -29.086022358500912 8.3815914849001878
-4.2509297971859707 -29.714641073489997 8.5858477940031399
-3.6151461048242326 -30.203698243468907 8.6340777246482787
-3.2107175045755603 -30.773361289774627 8.7670529733415119
-2.7693833136026269 -31.206486264634659 8.9036433963622326
-2.116669529227964 -32.105197227680485 8.8371150967169445
-2.1504407977957349 -31.624359454906383 9.5198300803078464
-2.1607229663365239 -31.241196394450256 10.163144809186772
-2.2507922493243275 -30.697147087748384 10.757416585838794
-1.9997932742635134 -30.72623282523379 11.352972703651341
-1.731067267530477 -31.295070004099507 12.005059600645325
-1.2757037664960982 -31.386852930576161 12.437720582829694
-0.53246023128236231 -31.568441887059056 12.684361386377388
0.030900894825997942 -31.666627824780985 13.047053850551571
0.67936623950565034 -31.963651875878057 13.367107029129333
1.2933195656631726 -31.872326158913978 13.684308435514337
1.9108076297186691 -31.499993621548342 13.966111508432492
2.5144527902519322 -31.411102829696212 14.282026613288785
3.15154587785644 -30.964731615954438 14.543309558573734
3.7378886506194764 -31.073006692353811 14.907120161742711
4.2676624701211914 -31.45911325285017 15.305544799270617
4.8095798176444768 -31.703813936836109 15.681129568798214
5.3593265976179003 -32.033983162304011 16.076858882549882
6.0251241111109533 -31.698644422654969 16.358722537373641
6.6517133515669098 -31.603957020304168 16.663172017412919
7.2772375222496759 -31.410708725483001 16.981810487501519
7.917677480238817 -31.265199844068295 17.280216114980878
8.6090966733033572 -31.321698832956073 17.499974791376406
9.2982579868671742 -31.319176695399658 17.732289298647881
9.9465570214339447 -31.282274968018623 18.002502210473473
10.676158101367237 -31.351962730635577 18.186225690160104
11.338336878404574 -31.305215492008994 18.466484188260747
11.620829052191874 -30.854128731260296 19.043016690165636
11.900016381086884 -30.394231978655498 19.607239862310969
12.527177175955414 -30.33780140005705 19.922291278581284
13.273259853008886 -30.398297799687573 20.117700107199298
13.885912896142649 -30.38669862349364 20.424170628733837
14.594289193424117 -30.3698542669757 20.65340785234995
15.306493825398954 -30.311550552410313 20.906431011436101
15.585460736781595 -30.913502832817159 21.374235679772585
15.895117915472154 -31.414573635707772 21.783003009219193
16.337020729188694 -31.793647819251692 22.196156019765297
16.930289131699343 -31.993860681036935 22.594262540333546
17.437624560830223 -32.291155701929682 22.997819992541743
17.981213996972496 -32.549069268700435 23.400253451496518
18.521779260868783 -32.808850153994527 23.801359383302852
19.062748359737157 -33.064781213837023 24.199267076041565
