#spline3d 5 120 5 120
0.11413764276750524 -1.0392894121812881 -1.6141441037930078
-0.097154069895219644 -0.36213613241673265 -0.43059579399913939
-0.0460661172939286 0.052387228109807935 0.11994983786658758
0.20279083037001536 0.2393835568663869 0.15184991769616493
0.1953100099730217 0.67929374861034619 0.79636967345596288
0.69249286294740986 0.69771139879673405 0.34359465195355648
1.0099702982020029 0.83330812713807545 0.23068736864337527
1.4073679284528577 0.92720163267111211 -0.013499967230030618
1.7626632443216985 1.037849658128112 -0.2039500905687926
2.1440397591191673 1.1441626815324293 -0.40421661800079373
2.5014119185107844 1.2406806371953447 -0.64523573400571221
2.9119118582016958 1.3877503480432529 -0.71470358727170324
3.304697402084511 1.5115737744812994 -0.88941862662828686
3.6966656549961536 1.6492055775186707 -0.96514012502855751
4.1028320791138846 1.7777863172017441 -1.1532172104004224
4.4884607886539207 1.9029556678861896 -1.256664746748726
4.8374006937982905 2.1384100704019642 -0.85441738143770063
5.1873882240186724 2.2443287889099501 -0.90800709127840773
5.5745933165107049 2.5520267312609795 -0.39866976711680807
5.8823454732541984 2.4394066188668826 -0.9673605963234867
6.2021384377311231 2.5370186029318567 -1.1616007432431783
6.4823429222650955 2.3250169930501543 -1.5152385062922333
6.7632295203253951 2.1904089279154881 -1.781294100665695
7.0569316176597461 2.0787572797828369 -2.1014299444467794
7.3266433498838284 1.8635950085853925 -2.3835968412562858
7.6358287995200991 1.8458202113711586 -2.6981413698805192
7.9587629635451718 1.8652201264289812 -2.9933008037183271
8.262036907127845 1.8669966622539711 -3.3058779347450935
8.58906889562172 1.8369787823293726 -3.5975898340859795
8.8838762262568416 1.9043429517668116 -3.9190273860896401
9.1915044825999512 1.9489624397425003 -4.2144882934212973
9.4809904369779581 2.0482128878498398 -4.5490412707770087
9.8010627418821432 2.0350042872202709 -4.8214501147447617
10.070291287525833 2.2175540286815889 -5.1914902069774973
10.420015980616064 2.1095578013949376 -5.4231819174983373
10.7304802132582 1.8326636836243129 -5.5976647651015004
11.115512045102022 1.6628897272022103 -5.7803233525547473
11.353070615127701 1.4801927972462801 -6.0315575263579522
11.893004462752963 1.1834621590641168 -6.0825276696521833
11.735243929051611 1.2564889092711176 -6.648713288431825
11.819639831334905 1.2331067672064149 -7.0083570960729853
11.686992605077352 1.2452941200813878 -7.5397645484883817
12.181547834989953 1.2334320212302539 -7.7505807966262923
12.203520555045838 1.2497630136949163 -8.2937961393360009
12.732192603916255 1.2246495563734647 -8.3843134498025353
13.044009456745689 1.2648090728287171 -8.5503493092356191
13.620503792759219 1.1996534148327105 -8.6052500358009087
13.760933153455268 1.2915197685553501 -8.8998584060291801
14.009502927506722 1.7746896904931075 -9.4224440647564798
13.926509948334044 0.9593767654105344 -9.361450697683825
13.96353711269159 0.73256740759899319 -9.5412047111055784
13.938295714213941 0.19291764925227617 -9.6031131768443405
13.962492971430219 -0.15517135881393751 -9.7277629761222695
13.939289170155243 -0.63672558057349571 -9.8202553443817404
13.934149700650657 -1.0163061542964573 -9.9231172178858689
14.181717588712099 -1.4395974251198191 -10.042107350648568
14.324368375309339 -1.7655938877212276 -10.128570847971549
14.471143035908465 -2.2589265568843371 -10.271987067625444
14.706431256468992 -2.4754445656983934 -10.319298895150746
14.73226913192156 -3.1549034568836176 -10.529349813858452
15.153246852591749 -3.0742699825566016 -10.469648017558814
15.603849552616897 -2.8796938045842317 -10.370133783419387
15.998838680543837 -2.8509771875190277 -10.330556007366457
16.426796105165696 -2.6879302629605704 -10.240262811598104
16.850341191138366 -2.6321438999342774 -10.193698603412397
17.247022409082387 -2.4786761871630643 -10.102846583288683
17.710197605389041 -2.4345427683165402 -10.066972397074426
18.04649376407502 -2.2396213172246493 -9.9494140677320466
18.618758146007881 -2.2930689490410336 -9.9731717817783654
18.736920782198521 -1.8744331981885758 -9.718522977496697
18.902963069277831 -1.5658320856280974 -9.4962315463864684
19.081735361542535 -1.1997322167265565 -9.2950913585419119
19.243079562651641 -0.90039115117676261 -9.0512190952101523
19.417673936223299 -0.51480930799455327 -8.8641550370186479
19.579197496726071 -0.17528649899625101 -8.6384740602355787
19.791819171926026 -0.40094546612257309 -8.131632087555456
19.951634103801538 -0.22737892856045358 -7.820713717212719
20.182998731804943 -0.44052407013202194 -7.3354447426479439
20.279239776338532 0.0608792876800189 -7.1264420159192055
20.482080868324609 0.25991741149629144 -6.809726610766166
20.546541920731499 0.59896437694751736 -6.5293191899395326
20.847775075052418 0.88744702788849472 -6.2649726056091408
20.667152092048124 1.1458535966246504 -5.9073052988769321
20.543128304638973 1.3537287766051536 -5.5585788888312511
20.399092467239022 1.6248830885398431 -5.2174492829167232
20.666595197608974 1.8504347329329931 -4.8799979101168924
20.72650443185983 2.1571557517661231 -4.5717199180700012
20.879949522222059 2.3322629484965214 -4.2035858546266791
21.011054530660616 2.7077877634363521 -3.9333709638464645
21.130320222096 2.824080773745739 -3.5272672491255905
21.046684972844936 2.8180171881525706 -3.1028877466651461
21.104006862482997 2.6881465245524203 -2.5928901227715562
21.059739232042688 2.9786000795016103 -2.3036655996205013
21.100924212026541 3.4267084226466276 -2.1038986549564269
21.054045933445643 3.7229032936081126 -1.8175520267862699
21.115880403187528 4.1134717136994752 -1.5905473318262553
21.030271801318293 4.4620744578432951 -1.3267516681680072
21.124636596125377 4.8201534616300616 -1.0862755767292438
21.41889378544494 5.0217585869411785 -0.79359341785263204
21.573469291636304 5.3728118415630579 -0.55469360138082857
21.806629767826653 5.54951856982008 -0.24567134890779438
22.012312170564027 6.0061563910851223 -0.060034483178920885
22.183370423601033 5.84088525990534 0.41802326376629312
22.357280785593961 5.880303610077946 0.79546522248159679
22.5939447310246 6.1890177917972045 1.0824352977859688
22.802102485593995 6.3577428736321586 1.3972750071277367
23.013808131273876 6.5925206272365733 1.7265221512626827
23.244133310397061 6.8088214219214223 2.002357618491708
23.431504162217617 7.0048164882643933 2.3768263674938912
23.683740368852849 7.2517632226910989 2.6148971752451629
24.008398809752816 7.5796694905700175 2.6807062690078345
24.279004730267538 7.8482900801005577 2.8710726168953382
24.584926437766111 8.1553924193190266 2.9811417873561994
24.868079326828173 8.4378668346412198 3.1425384969281747
25.166090224030466 8.7362352277087982 3.2707151374130619
25.454018329433925 9.0240367946336519 3.4211608235233646
25.749477188045255 9.3194010359061323 3.5553562160856704
26.038037427270663 9.6083686566423374 3.703840122602529
26.335369657776425 9.9045033507170146 3.8351947787874447
26.638856541028872 10.206678104774028 3.9535976386650873
