#spline3d 5 121 5 121
75.571702516776895 -88.727503911097998 84.385338345642026
75.786439593502294 -89.29558368291454 84.690988161125702
75.946430067153742 -89.898419121038557 84.949635448571087
76.122344941097097 -90.506733292983739 85.169735662950572
76.364597685678092 -91.110400560574604 85.362223269432974
76.755757067626661 -91.643066187436773 85.527093755105838
77.205059881210957 -92.113749570274805 85.666614293085857
77.585169571713962 -92.674047393520269 85.792276903162474
77.938031065469275 -93.201475221101347 85.920486478020692
78.363178707662783 -93.763235172581531 86.039151006931448
78.684380813672021 -94.251661494908689 86.188496329800429
79.301009333107913 -94.763178195589589 86.327896799560335
79.636922612617212 -95.097018256418949 86.039332243050509
80.485427521496632 -95.441759396801601 85.8450065333721
80.673141635344976 -95.493122391182339 85.348250746908434
80.360677123127687 -95.58834289919136 84.558022569650603
80.749806041510794 -95.954469437646424 84.040836880228298
80.979272102195608 -96.326656337382005 83.594882378150118
81.265313982662775 -96.818349087786316 83.129226469927801
81.348162028578514 -96.883513111956589 82.440060463106647
81.562339809180983 -96.954352491295779 81.79401998398464
81.660435606986582 -97.390510669852603 81.248700170578743
81.823366649686463 -97.77983812519679 80.735713075893514
81.910729476826461 -98.283797057253679 80.290315257324281
81.796481715968639 -98.919036606988143 79.975451644378992
81.644940290366705 -99.403223451177581 79.656195169018943
81.536023972299034 -100.12757687018158 79.278740035011779
81.111551927752558 -100.00092952990495 78.632476913062604
80.664420938122674 -100.20947599343019 78.173691956874165
80.376643702975088 -100.85698732244491 77.897234773210442
79.745032015350972 -101.07024656159078 77.663955374091984
79.293908777776025 -101.50023782707137 77.443317865257711
78.682538823805146 -101.76836307115197 77.199316795991336
78.340077849879108 -102.3169326464099 76.921836391178303
78.38545215616476 -102.84463855744509 76.422972518736145
78.231343410037951 -103.33182268675998 76.051412846501563
78.191302144833003 -103.82980812558044 75.52198669975472
78.025117240151161 -104.72026055305467 75.627263844970827
77.925182200531225 -104.7422027381796 76.413676849246031
77.751358354857004 -104.92037835507048 77.097887204590933
77.69073025556149 -104.29133727957397 77.546789723347771
77.792122667887597 -103.96100278229981 78.237976927461247
78.079831769025816 -104.57518864295787 78.743516003460655
78.440428894671953 -104.84137624439963 79.219781162624898
78.580725954075021 -104.76016668510513 79.905103429087532
78.860629302863387 -104.78507732877148 80.569081588709139
78.608768725104866 -104.78270320937554 81.20553968383669
78.271059341427659 -104.76866933595478 81.855766293143986
78.63801566246687 -104.80875785622574 82.496056668766812
78.809598065669903 -104.70625261074053 83.182591876121649
78.703237702525897 -104.98698483863707 83.762448842902415
78.643285757891618 -105.65260814904477 84.323109443630486
79.029394863396831 -105.20875434678889 84.948862117637944
79.378883990700132 -105.16408003537701 85.515585394360954
79.506238164063888 -105.8863881497461 85.954833468024503
79.70029440925795 -106.20458373591333 86.410950248314847
79.715459327122915 -106.7714677081326 86.906400811015686
79.456024919669872 -107.17545764275552 87.351176504921611
79.123211381672633 -107.61906961546313 87.761727794647541
78.977839021647455 -108.05305808219767 88.259290976010192
78.870145378560593 -108.65074395768173 88.584938077313211
78.755678895131794 -109.19736981607008 88.935253356483926
78.72984308544315 -109.80857302300325 89.261034688932028
78.74602958367818 -110.25654693265471 89.76454671968726
78.735684070368194 -110.62901250286741 90.338679512214597
78.744202981737814 -111.22930798343634 90.689225663495321
78.734189783831482 -111.82619421169294 90.975325363279353
78.750330040240669 -112.44479976962957 91.255621330487202
78.718672506379932 -113.05493357301785 91.522113395722414
78.790361424184795 -113.65042698502469 91.856452666813482
78.589519908608779 -114.18983679887232 92.241434212094532
78.200572692599209 -114.64417310347378 92.566522408000623
77.774170463495594 -115.06981618719793 92.856089124227381
77.306966056795147 -115.48939438665384 93.106571294011445
76.87981062374395 -115.9538943552232 93.33532825617624
76.448958836260203 -116.42324457369617 93.55181241950207
76.016434132781754 -116.89066647418869 93.766439568698388
75.567354152785569 -117.34289869419692 93.980410000949149
75.09411310930092 -117.76571611288972 94.20749121588689
74.577363925416932 -118.12485048307629 94.446005467898402
74.033568342681221 -118.44699281112021 94.6804950508606
73.478003891548326 -118.73601498846493 94.917004226278749
72.909491907190798 -119.01239464502413 95.16285329261288
72.361301624824151 -119.28145731293409 95.413873819584509
71.777766241644002 -119.5582681414093 95.678963280469631
71.468214438622752 -120.00656770751723 96.095710070676034
71.065198123396343 -120.30036869877136 96.582601414812373
70.391981739029859 -120.31222046511355 96.849769649337546
69.813879971615279 -120.17504677702803 97.122158170680663
69.209427296298088 -119.9773708561154 97.375219443185628
68.62683468386679 -119.77621402678575 97.624264750127026
68.018196444439951 -119.63104383833809 97.894496389618354
67.410429632189562 -119.65650748624701 98.189277204885357
66.800847237349288 -119.64969063043796 98.467012199789366
66.19452718156758 -119.67845516251219 98.763451111033916
65.601449398797001 -119.67271458685512 99.071230518550493
65.021363137416557 -119.65110632302536 99.428086576866889
64.533955185619476 -119.52915339579256 99.875471151554763
64.044703308478006 -119.42066847527012 100.32563654338691
63.502248972179245 -119.24453410811635 100.70038649540257
63.050994907861309 -118.78461123174316 100.96934695770013
62.628274809410321 -118.38659338581704 101.2740716576906
62.101340784979527 -118.02711012135542 101.56737032165547
61.51879255415794 -118.10480168089205 102.02626037005703
61.417668523626013 -118.31762377028133 102.71575926182064
60.836452983262177 -118.51995695084028 103.09409528887853
60.372566265545935 -118.49192204573743 103.56964542876277
59.878302882363968 -118.53688550654262 104.0451178590377
59.422967221605298 -118.61495007351758 104.50054021820669
58.929274435353712 -118.66236557134542 105.00297815083925
58.523177472603926 -119.00080304556177 105.45205817368357
58.351109299527131 -119.62188929038076 105.74836059055234
58.128955354669976 -120.10801615673134 106.13224654125236
58.003130094307139 -120.68251272131812 106.48477842270493
57.915701541685998 -121.2245311713603 106.86085860085267
57.822738085355915 -121.78405877031702 107.22948474518093
57.731703565757911 -122.33896881886882 107.59202555937004
57.633681489051455 -122.8796754194673 107.98651481083911
57.563530297706109 -123.49105786918727 108.26441296136005
57.520197239495104 -124.14869900745461 108.44108330994015
57.501830137569414 -124.82975127887948 108.52985753999928
