#spline3d 5 121 5 121
0.0033370694380779782 1.1905828187921237 -0.68725743359739189
0.13901549660955898 0.62063585131012156 -0.24540677088741847
0.042291882779478075 0.049465500001219548 0.037590113931976539
-0.2345034578773576 -0.75161884057879558 0.15714509998964116
-0.42748432356159199 -1.3723296973496162 0.36738183351625087
-0.80087343522965371 -2.1646424849222226 0.4179434135714864
-1.0030775920790305 -2.7134064653704804 0.62896245306420939
-1.5654959873433953 -3.5820807861162254 0.54620661856776465
-1.6645212688399746 -3.8691904313918877 0.80243825355231357
-2.5947026932724295 -5.234502629230092 0.8095287947583748
-1.5100439036586639 -3.7504862321863737 1.984789631974788
-2.2820885694603645 -5.232969822402926 1.7758971281667668
-2.331132964366597 -5.3178264932191652 1.2191659012698202
-2.6821881328574024 -5.9094664172166294 0.52726603935891203
-2.3447568309950473 -5.3442518935468213 -0.31513179477016279
-2.6828994173210399 -6.3460339368861867 -0.79559651863350334
-2.6867407357114828 -6.7986084153392268 -1.1056858737067177
-2.8392304774684334 -7.6639221579826033 -1.3495900095262765
-2.7044033306051078 -8.2759013636396759 -1.6508826781919106
-2.4775683769897934 -8.9960902937488871 -1.9577009831471512
-2.019563883664699 -9.4452592413845071 -2.3690981588783906
-1.5319168500253666 -9.8831692594474223 -2.7674181031874694
-0.97643436039574538 -10.143736468193362 -3.2355275514181665
-0.41294248647336373 -10.454587847413174 -3.6338894126949941
0.18748398733465496 -10.663475216818549 -4.0780714795953958
0.80836278175143073 -10.957153051110826 -4.3943583423020636
1.4641280351425103 -11.199414616845472 -4.7202061639339146
2.1839382194878159 -11.68033323730606 -4.6438600986050274
2.3050126310685259 -12.12264862850305 -3.8397287334233625
2.2601855193282647 -12.339730952194662 -3.2214338377128771
2.1777391880704071 -12.446632188861928 -2.3616787212595165
1.9666219853288927 -12.091963916221271 -1.7302052274496726
1.847262009706218 -11.680310898538295 -1.1201243635830056
1.5271811063876186 -11.112127011076977 -0.53492714066101588
1.6157402756752608 -11.220820800596274 0.18264140113031907
1.6274994349205421 -11.775249914378735 1.0137724730246476
1.3015578515406661 -11.668079455089886 1.5713744960460942
0.65789633482619214 -10.787175033265015 1.61534824700888
0.9420631511424592 -10.606963254062231 2.5815968661040123
1.0400069691371008 -10.422237066358441 3.1476913747301016
1.3494781424154423 -10.592615055166295 3.9802627438106377
1.2908147391901041 -11.021462616198587 4.5843102624876453
1.1528977764101296 -11.311598965908178 5.2818809194841094
0.92587818282844547 -11.641695903518915 5.9538636507572837
0.94229832617099962 -12.048672235132132 6.6074136998015831
1.3655545842603787 -12.74718501305367 6.8901138470477763
1.721675515826449 -13.308885422286906 7.0856658631927294
2.1451810274316143 -14.0021950348796 7.2027756705441366
2.4206328865392601 -14.650587313779507 7.3488849374840486
2.583177185921965 -15.420050142176899 7.5435146524878274
2.509778635374317 -16.109480858651313 7.8026155775314283
2.478700018107765 -16.856965818114723 8.0351939514123991
2.4979210946563635 -17.582175549473874 8.2244013802265954
2.60379750702289 -18.338194454449777 8.3618747180758213
2.7125525003675248 -19.075233333831232 8.4815490872366031
2.7873954094963991 -19.832797297091176 8.597924693134166
2.8360841272752704 -20.578226364922624 8.722749064591456
2.8542702262775039 -21.335114137268267 8.8620792218462725
2.9384115652335425 -22.072151422316495 9.010020044681065
3.1085414565892773 -22.810922699746833 9.1772134667969656
3.5240452208049331 -23.443492781831257 9.3519007884170762
4.1788653460323131 -23.849220808933403 9.5075345337881068
4.8442199908758745 -24.165332445539001 9.6415217367675776
5.5558952051102217 -24.448130025034377 9.7718542514073956
6.2070127808109445 -24.803625795379915 9.9011170498612149
6.8346528849653065 -25.236956544095396 10.039644046270825
7.396700015155675 -25.715808990536683 10.190340504479781
7.9936975715286067 -26.17394792203514 10.370182763902138
8.6543366700955886 -26.487589131547928 10.59780088982953
9.3917140638503618 -26.527288641277725 10.872736582277486
10.080626088838311 -26.384691065687843 11.154708518612168
10.747326683888215 -26.124423766272155 11.443031968050082
11.36685569744488 -25.794998491616496 11.733384276181344
11.966803755123291 -25.42170826158728 12.030688911356497
12.535843880919488 -25.018612297801241 12.335761381911475
13.094274743543064 -24.603812953614327 12.654261388677089
13.632785801624767 -24.184865935100543 12.992706713098579
14.166803245392714 -23.776514351285122 13.358219694236022
14.703586690818826 -23.389017239209693 13.733836504242877
15.285929234584245 -23.041878847423739 14.092895693136542
15.913832536500871 -22.744028570409881 14.403169125683137
16.59084034624955 -22.488582190775073 14.662435280157073
17.250223519014401 -22.211620267055824 14.90981897015897
17.913372632044535 -21.90204862143791 15.155996798462798
18.49008107992325 -21.494368221707017 15.433877409677253
18.992665871814307 -20.995434356852126 15.746416041680613
19.407934587164675 -20.455901215595308 16.072431314361953
19.86234556905934 -19.926394791163929 16.404131601556589
20.426545109256857 -19.504969839816638 16.705632436111102
21.168223675143587 -19.334451095118681 16.922386258458797
21.914340683004983 -19.398405021758677 17.062388901353462
22.649318314111031 -19.581969889231363 17.187988847069978
23.338423805969256 -19.886611726958076 17.327599931802148
23.972387650644368 -20.273902639872141 17.49948809632118
24.50745329257278 -20.764588604080704 17.768332613688848
24.911019292517988 -21.319932014613173 18.099987882396814
25.241764746179221 -21.926809030471198 18.426955926800769
25.534365351999643 -22.576899359801235 18.711259455235336
25.829273470634668 -23.247605905370023 18.905090362267813
26.029865115002924 -23.965396490202586 19.123759011509112
26.062234495683541 -24.678066800125361 19.384581261718271
25.902536290621462 -25.363267284887659 19.719919139043771
25.678016127116518 -26.001967208245457 20.052004541746335
25.428072525954573 -26.644533730320386 20.392344800047564
25.183707511622234 -27.286188678911966 20.719652223837372
24.921482671440323 -27.930871168663174 21.032780429170259
24.574304063296218 -28.541255666666295 21.348332661028977
24.05969636265699 -29.041897225820634 21.62142868489796
23.410503805689213 -29.377637717123722 21.886497575702926
22.714373821257613 -29.60500527338419 22.116410106666351
22.415321710927781 -30.120341589267401 22.723009513301992
22.193618937087656 -30.702536098052168 23.109192211419654
22.014310896676101 -31.451605160022346 23.309649839614206
21.791940235782377 -32.138057830496564 23.462129227357973
21.629744796106621 -32.868097436312908 23.724259110093328
21.470408050199893 -33.493145328774091 24.090866274753264
21.332784131873318 -34.1527683201058 24.487959128754333
21.200512887584694 -34.737865527898649 24.93379580414884
21.078157469363315 -35.361789342297271 25.388702591194452
20.961835122259203 -35.890711151276889 25.887699683381925
20.880706321958314 -36.329983699020886 26.510215167136266
