#spline3d 5 120 5 120
-1.0432341402256946 0.69545398234676603 -0.00032632829767197862
-0.53087003666167176 0.34317303284372502 0.0078660855285811685
-0.0035112723645904756 -0.0020108128884115221 0.0032290473946115735
0.53554675183771749 -0.34073991319308106 -0.012000667212053286
1.0189323836863104 -0.71585536937144711 0.02692325219810851
1.6183324842076714 -1.0125816564463013 -0.048639650742332015
2.047857666672241 -1.4296259666777063 0.046870948116674742
2.2413791111452257 -1.9948648604169561 0.37152450190221492
2.5625417237456047 -2.4824830125646278 0.57316609657097395
2.8325120062220503 -2.9925636716237318 0.80785494877799857
3.1230751095996538 -3.5071377142301534 1.0960503623272126
3.3781215117179197 -4.0321557149672955 1.1881090497190165
3.7693214001005484 -4.4068752082246849 1.7523848354151437
4.1398469169018455 -4.7601531991184851 2.0100658266502012
4.4607391048445626 -4.8277276867684371 1.1276369358339791
4.7751530126498212 -5.0841913811675177 0.80460593485884102
5.1580317870571193 -5.0861313745451833 0.13566968929695433
5.4065434986752336 -5.5352941085475482 -0.16646020077654525
5.5205100860780458 -6.2412030312097526 -0.21539228342223243
5.668341977245289 -6.7485027876718675 -0.44356610159660403
6.0186947744357511 -7.4152859999196963 -0.53876483703259581
5.5951330181830441 -7.8204345687187979 -0.84166137927639195
5.1865053558455756 -8.2420085460363506 -1.1263945487439975
4.8775187099918398 -8.6893023238782341 -1.4022665151434035
4.4704435676666758 -9.1086045838455494 -1.6734100140674519
4.1632373612583278 -9.5562390606996903 -1.9743448679899847
3.8568723765840258 -10.014369213587836 -2.2988668458244095
3.594971710066639 -10.462813256149625 -2.6210833860587286
3.2003627716594854 -10.913028696690553 -2.905538330230709
3.0260898692202369 -11.388088930236618 -3.2978589953008024
3.1474503050711937 -11.771864675991827 -3.6547241574931935
3.0399079275909133 -12.421831186057144 -4.5023907901738811
3.2290657818316686 -12.436714599208246 -3.8300024511568851
3.4517334378711686 -12.431654215865343 -3.0661711927188531
3.3886908257047734 -12.168664308170136 -2.6160784442027336
3.4507340077584354 -11.870468245776662 -1.9781210741528472
3.3355517127471206 -11.5954440738165 -1.4714909132753968
3.1810789172232723 -11.344745496391118 -0.88188823950730255
3.0427191636220532 -11.015515227385364 -0.38340001485017544
2.7272657823647566 -10.522784612755293 -0.055283115702821697
2.8121905805248866 -10.183798314849625 0.52637359001309714
2.7584608100224171 -9.9198270740753482 1.0394914487394862
2.8514159709089477 -9.4136850101231033 1.5662732798210572
2.728311131080627 -9.2453135047324686 2.115813364192936
2.3014466423337891 -9.6897722015140477 2.5399062945050641
1.7503142768645323 -9.8973150265699701 3.0066958849443317
2.0808118193718395 -9.9903319249184985 3.5151394655073647
2.6217641714903728 -9.8349416103145177 4.0546398127911925
2.869994340376965 -9.9331576129968919 4.5508642444081513
2.7656063826716983 -10.663014506317543 4.8304244007952946
2.7776038826329694 -11.121892276538135 5.1694055431735935
2.8503774192277831 -11.654584274158291 5.5826198017152029
2.641596237838701 -12.227465554282549 5.7274431426192765
2.3837317894349943 -12.805797049245809 5.8303814084478427
2.2163751366738587 -13.379297564755896 6.0016450782724302
1.9376754812865842 -13.948770889376902 6.1081220660337099
1.7988321276964483 -14.532994678284361 6.2818823351811757
1.8060321176355969 -15.130251386857426 6.5109880692063973
1.7312948191488022 -15.719520757195909 6.7065799216062985
1.691030823912463 -16.311579123120307 6.9196794406019047
1.6397292496595426 -16.904531674661289 7.1204262617783671
1.5898475792627209 -17.494161816951909 7.3340034208217295
1.5403815716133988 -18.085706098885353 7.5421523886123296
1.5027676417617082 -18.698893461920157 7.6811300106297216
1.4614737918520888 -19.304657291190079 7.8428106519478957
1.422257694688609 -19.91421193496954 7.9976820202381367
1.3761832674036187 -20.514481458464449 8.1600846908181737
1.3543199174381468 -21.145503980631414 8.2974151919534886
1.2634868069104366 -21.69099791034721 8.5077808050618877
1.3338879873699991 -22.432360871314472 8.5449077034044052
1.1187424291294534 -22.83747511422045 8.8942704698249315
0.6752397925919188 -22.935361738476949 9.4674197050874547
0.39941339445300539 -23.231381263286028 9.908230274785879
-0.00043723320062666581 -23.421600834597559 10.370861797556246
-0.31750044249252796 -23.702831599701419 10.845263873066926
-0.68440206589820241 -23.936464576234883 11.315097611667721
-1.3315475448914691 -23.848979389711655 11.516707496823425
-1.8751626167183144 -23.874245255213701 11.808629778055527
-2.4237660683904187 -23.870601943681446 12.101891712556476
-3.0744216343427611 -23.867988797209787 12.282023903498203
-3.3972422514704208 -23.873499296256227 12.84447311542654
-3.7376988444171246 -23.86383664912772 13.370504561625294
-4.0650628783158638 -23.878070524632822 13.911352394352571
-4.4135221828038658 -23.872070945043795 14.444733180234859
-5.0482877352548039 -23.766224143598894 14.648230237041451
-5.5515761532410393 -23.694292622316279 14.997333647276204
-6.1297721065368105 -23.619056151950645 15.261058527554638
-6.6578147495496642 -23.541005554597589 15.586382719849043
-7.0524228749149058 -23.41597363563524 16.07316836667118
-7.468568925373452 -23.325909011484217 16.539521275355288
-7.9224488057211033 -23.20273856248728 16.954406551429056
-8.5009953659580351 -23.037887873308957 17.186679737420494
-9.0086588509201242 -22.882358816535309 17.514328417092727
-9.5647465089419796 -22.744501754391486 17.785685388816695
-10.08476414063937 -22.579450064257912 18.095684353004071
-10.511222850731023 -22.322229150914971 18.491302399585372
-10.97768966775287 -22.103476254460453 18.849176025948761
-11.432757504988659 -21.87835825270864 19.218118612599607
-11.882995084306559 -21.631775988382891 19.591382474161801
-12.355915393683023 -21.453800111768341 19.943780443507393
-12.776094982022558 -21.118190968563475 20.343798861882672
-13.285539335813965 -21.05278698940548 20.666527450880437
-13.896016272069781 -21.216340982707855 20.895330609597458
-14.418679928879257 -21.250434276653898 21.202545794425941
-15.008711927243603 -21.330442026709406 21.44636219134178
-15.6178756377711 -21.355741981194246 21.699883932455634
-15.752423886987501 -21.711772873425449 22.270502448765477
-16.034875657285848 -21.841985890022116 22.865646185454519
-16.263062427753962 -22.281723144018336 23.217946815081149
-16.478339480879331 -22.877591648474858 23.433260621335599
-16.687033819617962 -23.338635615497935 23.770768484457868
-16.950481126795154 -23.898913149808351 24.002012630073818
-17.086188700119163 -24.363099858043523 24.347406765524685
-17.33829671712229 -24.857726057993553 24.750871131832511
-17.358709924629 -25.277618796470676 25.180534672327841
-16.923790076828563 -25.473221875066795 25.718414857519218
-16.719315991008628 -25.775013366172477 26.197708210584523
-16.43079230837386 -26.04137190064295 26.700411183263384
-16.134284190432396 -26.300000818302195 27.202601394861986
-15.802414271422094 -26.533874318379503 27.708751635063209
