#fname degree numKnot L1 L2 L3 L4 MSE traceH AIC AIC0 GCV GCV2 cv_avr cv_stdev cv_error ts_avr ts_stdev ts_error sigma0 sigma_opt
BH_0038_ICA_L_d5_cp120_lmd1d0.000_lmd2d0.000_lmd3d0.000_lmd4d0.000 5 120 0 0 0 0 0.000409616934332095 120 31.2653967172475 3697.58204072768 0.0607169861652314 0.0260215654993863 0.585744222461364 1.218153726234 1.27892481429737 -0.12687343700538 3.9516358407237 3.96169209703401 1 0.0004776484661547 
BH_0038_ICA_L_d5_cp121_lmd1d0.000_lmd2d0.000_lmd3d0.000_lmd4d0.000 5 121 0 0 0 0 0.000448457175406876 121 95.7666702644428 3703.60301445786 0.064607209287085 0.0272923055938301 0.575353782668074 1.02259797282835 1.09802548826166 0.074958570874887 4.51824815460846 4.51896102889126 1 0.00057626376003035 
BH_0038_ICA_L_d5_cp120_lmd1d0.000_lmd2d0.000_lmd3d0.000_lmd4d0.000 5 120 0 0 0 0.0001 0.000419462734948084 115.003836611177 12.4194734469145 3667.61037712708 0.0567193800678279 0.0260228849936363 0.560111233694561 1.20899833999923 1.27830158491005 -0.195990954028734 3.55148662497489 3.56881052402726 1 0.0004776484661547 
BH_0038_ICA_L_d5_cp121_lmd1d0.000_lmd2d0.000_lmd3d0.000_lmd4d0.000 5 121 0 0 0 0.0001 0.000457019273814321 115.954115474139 73.5146563661315 3673.33233083583 0.0600825746975045 0.0272237636174351 0.553165848162276 1.03015522318038 1.11328936371529 0.0822440198364768 4.63938580472573 4.63995976175095 1 0.00057626376003035 
BH_0038_ICA_L_d5_cp120_lmd1d0.000_lmd2d0.000_lmd3d0.000_lmd4d0.000 5 120 0 0 0 0.0002 0.000431176032746262 112.569350983363 11.0548942821604 3653.009788541 0.0554296927744256 0.0262334498041116 0.551144153221337 1.21590424532615 1.28776064516599 -0.265734007700121 3.87231681025005 3.89513059629765 1 0.0004776484661547 
BH_0038_ICA_L_d5_cp121_lmd1d0.000_lmd2d0.000_lmd3d0.000_lmd4d0.000 5 121 0 0 0 0.0002 0.000466978287828438 113.48507734792 68.0327298298312 3658.52347994608 0.058479245264065 0.0273594821815729 0.546052847432343 1.0528767157827 1.1370130226379 0.0587943280387928 4.47914631821177 4.48018417559664 1 0.00057626376003035 
BH_0038_ICA_L_d5_cp120_lmd1d0.000_lmd2d0.000_lmd3d0.000_lmd4d0.001 5 120 0 0 0 0.0005 0.0004776484661547 107.415587058569 32.671187792052 3622.11230010628 0.0541980086841505 0.0272820554225539 0.534103960817685 1.21822170894642 1.29565199265523 -0.344983951951292 7.15534862983668 7.17281124144924 1 0.0004776484661547 
BH_0038_ICA_L_d5_cp121_lmd1d0.000_lmd2d0.000_lmd3d0.000_lmd4d0.001 5 121 0 0 0 0.0005 0.000507082576310026 108.266945490506 74.3045003693187 3627.23634511738 0.0565057345575241 0.0281655219222382 0.531977561523807 1.09095467568567 1.17758773709407 -0.160910462081429 3.87227330839926 3.88515649640677 1 0.00057626376003035 
BH_0038_ICA_L_d5_cp120_lmd1d0.000_lmd2d0.000_lmd3d0.000_lmd4d0.001 5 120 0 0 0 0.001 0.000556047816734779 102.133449990473 89.6118527974843 3590.46181334702 0.0545101832428474 0.0290809145577477 0.521011098300265 1.20003521258113 1.28314411043198 -0.231386741867249 3.33321171401414 3.35555770286863 1 0.0004776484661547 
BH_0038_ICA_L_d5_cp121_lmd1d0.000_lmd2d0.000_lmd3d0.000_lmd4d0.001 5 121 0 0 0 0.001 0.00057626376003035 102.928244901175 107.09997089531 3595.24149942061 0.056064494461918 0.0296586700227153 0.52042793223265 1.10878610143584 1.19846197352731 -0.456184924801258 4.13075671514389 4.1757599078217 1 0.00057626376003035 
BH_0038_ICA_L_d5_cp120_lmd1d0.000_lmd2d0.000_lmd3d0.000_lmd4d0.002 5 120 0 0 0 0.002 0.000685176151476278 96.0904755451158 199.338565275636 3554.27369597563 0.0561516295800278 0.03184200569618 0.51122353205298 1.15722939743837 1.24681299654476 -0.457390019541305 3.06043054211076 3.12114240825095 1 0.0004776484661547 
BH_0038_ICA_L_d5_cp121_lmd1d0.000_lmd2d0.000_lmd3d0.000_lmd4d0.002 5 121 0 0 0 0.002 0.000693242895517546 96.8277263133233 180.114603089856 3558.70155662666 0.0569818630868425 0.0320821815345767 0.511511109381744 1.10024917408167 1.19400342741757 -0.389910535664846 4.94486067580104 4.97481836649365 1 0.00057626376003035 
BH_0038_ICA_L_d5_cp120_lmd1d0.000_lmd2d0.000_lmd3d0.000_lmd4d0.005 5 120 0 0 0 0.005 0.000942189388032228 87.6809936988527 439.445043651573 3503.95559204579 0.059848116636182 0.0366452785304955 0.499697431533464 1.08380028599883 1.18356096621696 -0.1703958002248 2.99515295211103 3.01280083513759 1 0.0004776484661547 
BH_0038_ICA_L_d5_cp121_lmd1d0.000_lmd2d0.000_lmd3d0.000_lmd4d0.005 5 121 0 0 0 0.005 0.000933293463124938 88.3447954664497 354.16141933825 3507.93359885192 0.0599963025054128 0.0365254733402409 0.500674531072003 1.05690790256516 1.15858506670336 -0.219621141526859 3.17801064051971 3.20004059876817 1 0.00057626376003035 
BH_0038_ICA_L_d5_cp120_lmd1d0.000_lmd2d0.000_lmd3d0.000_lmd4d0.010 5 120 0 0 0 0.01 0.00120956691040087 81.3830882949799 703.938205242229 3466.31254348464 0.0634798739694949 0.040950446657244 0.490256661463619 1.03931886339606 1.14692909648195 0.00985388117668409 3.15002603521517 3.15337854232424 1 0.0004776484661547 
BH_0038_ICA_L_d5_cp121_lmd1d0.000_lmd2d0.000_lmd3d0.000_lmd4d0.010 5 121 0 0 0 0.01 0.00118830133937773 81.994555342011 555.020438588713 3469.96986235847 0.0633119361563245 0.0406430613054763 0.491274028834808 1.02366818352784 1.13233091992592 0.0359228956266102 2.60467962170863 2.60741029943227 1 0.00057626376003035 
BH_0038_ICA_L_d5_cp120_lmd1d0.000_lmd2d0.000_lmd3d0.000_lmd4d0.020 5 120 0 0 0 0.02 0.00156046132006858 75.3187094442547 1064.25158606118 3430.1157533615 0.0679250459629676 0.0459055375177113 0.481148780551363 1.01910351754637 1.13258683422288 0.264329919204226 2.37982956385568 2.38232933320351 1 0.0004776484661547 
BH_0038_ICA_L_d5_cp121_lmd1d0.000_lmd2d0.000_lmd3d0.000_lmd4d0.020 5 121 0 0 0 0.02 0.00152607358678499 75.8812990263395 834.857444421667 3433.47272147804 0.0675354039561579 0.0454519405158318 0.482036143553618 1.00835218408415 1.1225323590649 0.21982531380413 2.58320374575446 2.58401142385395 1 0.00057626376003035 
BH_0038_ICA_L_d5_cp120_lmd1d0.000_lmd2d0.000_lmd3d0.000_lmd4d0.050 5 120 0 0 0 0.05 0.00222754443067141 67.7907703398819 1773.24711796933 3385.30834361499 0.0757106739031577 0.0539724926713303 0.469006763946238 1.03807077395591 1.15495419505485 0.289776246602256 2.00011146720264 2.00463224346419 1 0.0004776484661547 
BH_0038_ICA_L_d5_cp121_lmd1d0.000_lmd2d0.000_lmd3d0.000_lmd4d0.050 5 121 0 0 0 0.05 0.00217071029203014 68.2941384874053 1393.4047784666 3388.29786206527 0.0750753690001802 0.053336365668527 0.469723412719948 1.029514146267 1.1469535690306 0.313944945713475 1.86389468922935 1.87064054218632 1 0.00057626376003035 
BH_0038_ICA_L_d5_cp120_lmd1d0.000_lmd2d0.000_lmd3d0.000_lmd4d0.100 5 120 0 0 0 0.1 0.00297249750772966 62.5111454973839 2583.76753370688 3354.03286922162 0.0835288659538956 0.0616582608344757 0.460745610122294 1.06816559434759 1.18563877400287 0.30242137848642 2.38487124324406 2.38940958840877 1 0.0004776484661547 
BH_0038_ICA_L_d5_cp121_lmd1d0.000_lmd2d0.000_lmd3d0.000_lmd4d0.100 5 121 0 0 0 0.1 0.00289302804036602 62.9734140020429 2038.34337376135 3356.76356673719 0.0827302412956226 0.0608874095184417 0.461300663163104 1.06249750473995 1.18029302132864 0.337992643492383 2.43935234620986 2.44618980792597 1 0.00057626376003035 
BH_0038_ICA_L_d5_cp120_lmd1d0.000_lmd2d0.000_lmd3d0.000_lmd4d0.200 5 120 0 0 0 0.2 0.00398929449191046 57.6007369230693 3703.83326117029 3325.11948814719 0.0928841798467014 0.0707025654987057 0.452344058822542 1.06324814964336 1.18489443135687 0.306004733867234 1.76787788319951 1.77429628647059 1 0.0004776484661547 
BH_0038_ICA_L_d5_cp121_lmd1d0.000_lmd2d0.000_lmd3d0.000_lmd4d0.200 5 121 0 0 0 0.2 0.00388413019103345 58.0249076686678 2937.38531965068 3327.6077238983 0.0919704346187044 0.0698258214969587 0.453109936378273 1.06440439852791 1.18559456071909 0.304851433221932 1.77240016037327 1.77870485684126 1 0.00057626376003035 
BH_0038_ICA_L_d5_cp120_lmd1d0.000_lmd2d0.000_lmd3d0.000_lmd4d0.500 5 120 0 0 0 0.5 0.00580968257970599 51.6665133875138 5726.24681264447 3290.49715650126 0.10690763296599 0.0842856141968861 0.431514430692676 0.939603181917993 1.08561133273325 0.199325915305627 1.42089002438809 1.42157431042644 1 0.0004776484661547 
BH_0038_ICA_L_d5_cp121_lmd1d0.000_lmd2d0.000_lmd3d0.000_lmd4d0.500 5 121 0 0 0 0.5 0.00566632648600972 52.0448583912763 4571.54930932625 3292.68981423324 0.105892587504379 0.0833037704127851 0.433278486655788 0.950945711700066 1.09456848318779 0.203297823036218 1.4211336185533 1.42194653245087 1 0.00057626376003035 
BH_0038_ICA_L_d5_cp120_lmd1d0.000_lmd2d0.000_lmd3d0.000_lmd4d1.000 5 120 0 0 0 1 0.00762954495616235 47.5800905279012 7759.15283124398 3266.96134502687 0.118732205931496 0.095787199045587 0.406611686527836 0.786010300311403 0.970161556497255 0.166516179436554 1.31177626150038 1.31182487168309 1 0.0004776484661547 
BH_0038_ICA_L_d5_cp121_lmd1d0.000_lmd2d0.000_lmd3d0.000_lmd4d1.000 5 121 0 0 0 1 0.00744846190425229 47.9271040540606 6216.83002282728 3268.9456413358 0.11762296015787 0.0947103880691516 0.408933492915872 0.79971832738859 0.979956784833304 0.171059379742632 1.31028855849194 1.31038425448164 1 0.00057626376003035 
BH_0038_ICA_L_d5_cp120_lmd1d0.000_lmd2d0.000_lmd3d0.000_lmd4d2.000 5 120 0 0 0 2 0.00998087493971378 43.8190520424528 10394.8557691609 3245.6648323053 0.132050624391972 0.108727144495016 0.377810249624016 0.637525404719998 0.873743233769429 0.117410674355979 1.23327992735247 1.23385945652302 1 0.0004776484661547 
BH_0038_ICA_L_d5_cp121_lmd1d0.000_lmd2d0.000_lmd3d0.000_lmd4d2.000 5 121 0 0 0 2 0.00974768426896766 44.137408519397 8348.62621922968 3247.44904820476 0.130804696602078 0.107518486150336 0.380327984599021 0.649540722893503 0.880845881907281 0.122949311402931 1.25083443404292 1.25125072570144 1 0.00057626376003035 
BH_0038_ICA_L_d5_cp120_lmd1d0.000_lmd2d0.000_lmd3d0.000_lmd4d5.000 5 120 0 0 0 5 0.0142394864813532 39.3100024652247 15182.3259503346 3220.91018507442 0.152670963665414 0.128698062318851 0.339320970218297 0.486214869767551 0.80054261149472 -0.0236293425975321 1.06365683360381 1.07858891822257 1 0.0004776484661547 
BH_0038_ICA_L_d5_cp121_lmd1d0.000_lmd2d0.000_lmd3d0.000_lmd4d5.000 5 121 0 0 0 5 0.0139099685861381 39.5940709877386 12221.7217033878 3222.43665654609 0.151199422460564 0.127272445104299 0.341756662279088 0.494805931920471 0.803868359858316 -0.00978215360020585 1.07903894334411 1.09158223404984 1 0.00057626376003035 
BH_0038_ICA_L_d5_cp120_lmd1d0.000_lmd2d0.000_lmd3d0.000_lmd4d10.000 5 120 0 0 0 10 0.0185931118776464 36.2209762367667 20085.7330962086 3204.72698541767 0.170707662609789 0.146160399229767 0.312015746317272 0.402553698463294 0.775879811078216 -0.10779701625107 0.948351465551485 0.984149420430173 1 0.0004776484661547 
BH_0038_ICA_L_d5_cp121_lmd1d0.000_lmd2d0.000_lmd3d0.000_lmd4d10.000 5 121 0 0 0 10 0.0181703473787035 36.4814937524455 16195.3232276252 3206.06179768231 0.169062082635705 0.144563927215703 0.314294865849079 0.409166361290034 0.777392384263636 -0.105297310784544 0.96231933665034 0.996960073479621 1 0.00057626376003035 
BH_0038_ICA_L_d5_cp120_lmd1d0.000_lmd2d0.000_lmd3d0.000_lmd4d20.000 5 120 0 0 0 20 0.0241197076525962 33.38568413303 26316.7508672617 3190.69959451372 0.190669903458437 0.165539760187041 0.286926782114508 0.338479742934102 0.767085390573456 -0.119504709013031 0.810699953119512 0.855984684973533 1 0.0004776484661547 
BH_0038_ICA_L_d5_cp121_lmd1d0.000_lmd2d0.000_lmd3d0.000_lmd4d20.000 5 121 0 0 0 20 0.0235899689385187 33.6245607699527 21256.7512801036 3191.84679542966 0.188872173602249 0.163789030199013 0.288991462213621 0.343502704785679 0.767468115861011 -0.119233422847085 0.820494452511181 0.865180632823686 1 0.00057626376003035 
BH_0038_ICA_L_d5_cp120_lmd1d0.000_lmd2d0.000_lmd3d0.000_lmd4d50.000 5 120 0 0 0 50 0.033299755513657 29.9930561960148 36674.7930140742 3175.3010527366 0.218968510727 0.193213822767627 0.259025318808469 0.277766988776893 0.768243086219633 -0.1212889118668 0.651634403683146 0.707874485083678 1 0.0004776484661547 
BH_0038_ICA_L_d5_cp121_lmd1d0.000_lmd2d0.000_lmd3d0.000_lmd4d50.000 5 121 0 0 0 50 0.0326354954343545 30.2060606683084 29712.5399300116 3176.22037912754 0.217081776990372 0.191356930852141 0.260631615615684 0.281154287767386 0.767979275926891 -0.12059805978459 0.666744936950648 0.721544261290981 1 0.00057626376003035 
BH_0038_ICA_L_d5_cp120_lmd1d0.000_lmd2d0.000_lmd3d0.000_lmd4d100.000 5 120 0 0 0 100 0.0413531564912443 27.6716173415309 45765.5445716058 3165.7212561376 0.240295703991102 0.214338247817575 0.243126162176701 0.244518942270907 0.77192060385214 -0.115309066137256 0.514862163079272 0.581610434736326 1 0.0004776484661547 
BH_0038_ICA_L_d5_cp121_lmd1d0.000_lmd2d0.000_lmd3d0.000_lmd4d100.000 5 121 0 0 0 100 0.040627250211603 27.8669373533906 37187.3460283641 3166.50118681775 0.23848310155659 0.212529715080913 0.244331635451882 0.247164714934136 0.771620718949848 -0.117775609355152 0.52344183584849 0.59035552738629 1 0.00057626376003035 
BH_0038_ICA_L_d5_cp120_lmd1d0.000_lmd2d0.000_lmd3d0.000_lmd4d200.000 5 120 0 0 0 200 0.0497524694304875 25.5422160895673 55248.5151591704 3157.48047761301 0.259938151601614 0.234126912484325 0.231529336046873 0.21759977587908 0.774943697853943 -0.0630057104201984 0.475311221114495 0.523014884040316 1 0.0004776484661547 
BH_0038_ICA_L_d5_cp121_lmd1d0.000_lmd2d0.000_lmd3d0.000_lmd4d200.000 5 121 0 0 0 200 0.049021395781682 25.7213245771424 45040.3818921641 3158.1603487681 0.258320837442469 0.232481328933065 0.232402373024128 0.219775329808224 0.774720181407382 -0.0673140417304637 0.475376995803198 0.524886717176259 1 0.00057626376003035 
BH_0038_ICA_L_d5_cp120_lmd1d0.000_lmd2d0.000_lmd3d0.000_lmd4d500.000 5 120 0 0 0 500 0.0605094743547107 22.9954511801006 67394.4432214319 3148.00867081529 0.282014838660649 0.256927792640309 0.220365420407308 0.189339573508974 0.778311547129748 -0.034342022282358 0.43393368232981 0.473532865576152 1 0.0004776484661547 
BH_0038_ICA_L_d5_cp121_lmd1d0.000_lmd2d0.000_lmd3d0.000_lmd4d500.000 5 121 0 0 0 500 0.059812912720904 23.1551785768647 55137.4015021011 3148.59089191362 0.280672457312712 0.255523628877948 0.221011522575091 0.19098224370871 0.778086435601362 -0.0349417379874598 0.437527940160327 0.477067461222862 1 0.00057626376003035 
BH_0038_ICA_L_d5_cp120_lmd1d0.000_lmd2d0.000_lmd3d0.000_lmd4d1000.000 5 120 0 0 0 1000 0.06862713929084 21.2533567680712 76561.3237275423 3141.93964340862 0.297040660751168 0.272700797660255 0.214624988305628 0.171706462790689 0.779809400870596 -0.0288410314419502 0.405264195587302 0.445105236192023 1 0.0004776484661547 
BH_0038_ICA_L_d5_cp121_lmd1d0.000_lmd2d0.000_lmd3d0.000_lmd4d1000.000 5 121 0 0 0 1000 0.0678889788101056 21.3998275005402 62694.7159108208 3142.41986114384 0.295711686256191 0.271306838701756 0.214993730977517 0.17319702658375 0.779779427129137 -0.0290140835300608 0.406684984086258 0.446470620144311 1 0.00057626376003035 
