#spline3d 5 121 5 121
-0.2376565339984148 3.1759542323348033e-009 -0.26868113658898973
-0.11880566816786479 4.730156274949148e-010 -0.13410202623377665
8.5971366440438557e-006 -2.4524120891066443e-010 4.9603797132569411e-005
0.11877717492521202 2.6181563085796703e-011 0.1340084716581654
0.23748010775008313 3.1412838101250257e-010 0.26801216044828546
0.35618565427612642 -4.798743485956365e-010 0.40226449118068475
0.47498063727490536 -8.0833534165777194e-010 0.53637266967588848
0.59381751537583694 4.0197610837383245e-009 0.66919416648883667
0.71197802717209713 -3.0399115107132576e-009 0.80519804532399264
0.83128028238840312 -1.5070685808443157e-008 0.94203280529288724
0.95164691041814997 4.1993139525174561e-008 1.0614178433337769
1.0649254879766756 -3.5573757923201362e-009 1.2094081522476767
1.1856268055729351 -1.7611472364285022e-007 1.3839886294070407
1.3346751796007172 2.7239383835524257e-007 1.3703667425243131
1.4816794248966016 3.8349136973690558e-007 1.213131887220311
1.6220216045480169 -1.8062604475061559e-006 1.1054238087878587
1.7653549685733307 6.5127925969130854e-007 1.0084318943158839
1.9088808773276853 8.8972793295668787e-006 0.89652709136390241
2.0517460887547219 -1.9453404401985963e-005 0.78839168230908296
2.1947802357371748 -1.1954133207726021e-005 0.68150261446145688
2.3380285853138587 0.00012152877931462183 0.57396046560216951
2.4808244792424134 -0.0001629137929909436 0.46557771364775152
2.623816946425829 -0.00026371262964042789 0.35771528107298145
2.7682106982964143 0.0010662143203948914 0.25284074298385356
2.909741127665924 -0.00032158697495370404 0.14229708754669912
3.0482145418372242 -0.0051497907628005662 0.024094299906943933
3.2120026483699005 0.014920285665215763 -0.040915139311060937
3.3881714461252272 0.048943290548362307 -0.074775213040543437
3.5579970756927377 0.076685081555306456 -0.12211137727958392
3.7280963400389115 0.10436618453042062 -0.1696191070042217
3.8991689745229103 0.13319174777273288 -0.21481675163462863
4.0698979698042539 0.16180696691066007 -0.26062782988600197
4.2406743572508363 0.18991352234788786 -0.30652704182679114
4.4115152395214414 0.21831872145363046 -0.35229200854100023
4.5813842447837452 0.24819250028807741 -0.39953203377070873
4.7532742873210294 0.27449198386958096 -0.44334562174481473
4.9265081869551297 0.29958792368578291 -0.48600579948985401
5.0831625304723707 0.35135529470091909 -0.55461109245275342
5.232646089114998 0.41360327144922643 -0.63333799565466653
5.3857540162476809 0.47021038556370304 -0.70657528573294281
5.5390895902288975 0.52658203312372109 -0.77960100549396116
5.6914936804793701 0.5843580254566606 -0.85399396442184317
5.844208860349255 0.64164034787703006 -0.92789815688338917
5.9970012122799794 0.69881068720632011 -1.0017060182955346
6.1497065163253719 0.7560970410472726 -1.0756436961682467
6.3024175950303389 0.81344162085232397 -1.1495481831028387
6.4551564524480547 0.87071331253093853 -1.2234426373897507
6.6079011750006957 0.92767341820514115 -1.2973875337430023
6.7605524433894404 0.9854724231783123 -1.3712271642789486
6.9133036789391014 1.0432925398045716 -1.4450463014247041
7.0663453835038625 1.0975217847152241 -1.519318731446426
7.2186065210190593 1.1562490267191026 -1.5929302386876782
7.3704559169727446 1.2280719364560226 -1.6652199496271238
7.5280887718057068 1.2416897880898121 -1.7451202932410668
7.6867930758560847 1.2074829457896719 -1.8294650274733635
7.8440710264566302 1.1876978314861451 -1.911916981384588
8.0016168347097665 1.1706758923010734 -1.9943267440055701
8.1593586977850201 1.1502270973519977 -2.0770590460039946
8.317006953040238 1.1301096101031218 -2.1596814259692172
8.4746214917188993 1.1107488879658356 -2.2422885670148731
8.6322524260402851 1.091013341921544 -2.3249655156877349
8.7898856229463682 1.0711776380142732 -2.4076353008526015
8.9475622706798887 1.051550509081727 -2.4901804951779538
9.1051688793050456 1.032247123323575 -2.5727858737566387
9.2628575469666234 1.0114327565549439 -2.6555818201873667
9.4204792304588807 0.99196764791540237 -2.7382048804127588
9.5778753746853784 0.97644228763485019 -2.8203293970836021
9.7359509699337679 0.94960424308328906 -2.9037449148001633
9.8941969468986972 0.92053216132242244 -2.9874770250277898
10.047741987631522 0.96718292770422676 -3.0626652694599481
10.199543663519893 1.0392432726808611 -3.1348535224884349
10.352520694785051 1.0924242576675218 -3.2091938531830486
10.505314570435024 1.1485937366969532 -3.2832443031868084
10.657971710911458 1.2068848861862509 -3.3570393472725919
10.810697025816721 1.2641303238195492 -3.4309459037018599
10.963431109794774 1.3211753205398131 -3.5048883623179297
11.116141448394467 1.3785315127273128 -3.5787987789636042
11.268882722334414 1.4358465478323719 -3.6526625047378838
11.421609180351648 1.4931004169386111 -3.7265849372167343
11.574211773583148 1.5502269535166342 -3.8007279129734379
11.727143324255378 1.6077597479112289 -3.874135146677244
11.880200738219155 1.6653885876780408 -3.9475435905174616
12.031571423819242 1.7207002981579409 -4.0242285021628268
12.18537342894663 1.7798822955065423 -4.0951640252467216
12.342030529095704 1.8424073100773799 -4.1622246437264616
12.481524196297986 1.8791657554298706 -4.2659047584260996
12.604122090306243 1.8930707231489741 -4.3996534057095094
12.731924594080711 1.9146255670111059 -4.5227145703125631
12.860581675902083 1.9371604331259238 -4.6447947617270202
12.988059151271903 1.9580021638166445 -4.7690481273737753
13.115770790667208 1.9792053349156231 -4.8927847090929353
13.243583563548599 2.0006086676114401 -5.0163196906865171
13.371352225103951 2.0218805715249997 -5.1399909899717784
13.499157040886065 2.0431890762473763 -5.2635895900823888
13.626926759989594 2.0645151420187307 -5.3872065626926204
13.754437787573 2.0856057646269814 -5.5112633443194774
13.882400734122633 2.1070155491887137 -5.6346440817804462
14.011647336091871 2.1293453591518885 -5.7560217953191479
14.135190637952574 2.1477594210664481 -5.8860083545724482
14.264430629291457 2.1700045671572368 -6.0076569705317677
14.417410587769675 2.2084776544838736 -6.0931498563618911
14.57313544303598 2.2487968397616314 -6.1739835592705701
14.724165414039696 2.2858952967231208 -6.2619641107693784
14.876135045083842 2.3241961211630779 -6.348645940604448
15.028974884745653 2.3624860397572922 -6.4340148836110327
15.182206009152754 2.3984636369480126 -6.5185563557068376
15.332096964181058 2.4410704608625706 -6.6082312580445217
15.484576677687645 2.4803346022118133 -6.6952616755772869
15.654031352095013 2.4840848390712482 -6.7536220275999383
15.8269468293137 2.4784421124934788 -6.8039592983732078
15.996724002521274 2.4796245523852605 -6.8598158493419419
16.166789575679196 2.4805195417391483 -6.9155879177857074
16.337508176627757 2.4798753705814094 -6.9700487721774902
16.507891664913444 2.4799477782997648 -7.0250599977660224
16.678268410397425 2.4800385390656428 -7.0801474698813642
16.848721489658995 2.4799979434725179 -7.1350634341789965
17.019163672102376 2.4799921322090182 -7.1899853262156928
17.189575817949166 2.4800026349350142 -7.2449948186930744
17.359981433152072 2.4800038051488107 -7.3000312461676042
17.530449319116297 2.4799865215730748 -7.3548822884561069
17.70104328420561 2.4799397548231212 -7.4093523586928711
