#spline3d 5 120 5 120
-0.89568957224799373 0.92654525659654274 -0.32688111261578778
-0.42194109042449052 0.49230388947709736 -0.16153007550751569
0.0061110464317634273 0.0068272760194906038 0.00042465146027101581
0.40907938989789155 -0.50671386943795449 0.1606134807094651
0.84104412902257686 -0.98846763125019654 0.32233817577131552
1.2384487261700892 -1.5067392852258876 0.48344120166032267
1.6537062500800375 -2.0111477896298706 0.63974615072347063
2.2672903116361645 -2.28123270746958 0.83320578996817807
2.7362309154985236 -2.7217697875164393 0.96984474518470687
3.3846809526782402 -2.9446971657429355 1.2277218754244508
3.6938437855158379 -3.5948387720102826 1.2028902520889238
4.130675543612413 -4.0523723317735492 1.1957907102007514
4.373587945013659 -4.7864131735174995 1.1991028373988757
4.9462735556492259 -5.097288443685807 1.2080308106147439
5.6468391120100732 -5.0809799305797014 1.1835530438521953
6.3288603687255049 -5.1769084756119508 1.2207469329334755
7.0570938169113235 -5.2524685864509042 1.2114237997187625
6.7147652737699657 -6.1789013920042128 0.87879021948299174
6.8651542842808322 -6.6675488166148833 0.70679493766891321
6.8040013643340966 -7.3698391265241332 0.46710755107417884
6.8156974081474031 -7.9576298220162869 0.23609797313412795
6.8546136309649848 -8.6376901149331715 0.066404951315550548
6.7126895063147893 -9.171353982989535 -0.31835196114452197
6.5798663497772996 -9.7179522864007204 -0.67616070262227568
6.4826432040842201 -10.293039929489765 -1.0307729906043412
6.2946471164345947 -10.791053154242023 -1.3805403572014623
6.3546372826398736 -11.483838458192155 -1.7655404874926865
5.7182017063690349 -11.687501251644687 -2.047710203642902
5.1130775483701845 -11.8740618779395 -2.2535035425699026
4.4829386787485248 -12.119383045388021 -2.5518416996883202
4.5630263864626404 -12.558856192594119 -3.0041140164636455
4.292841934215283 -12.99684807522247 -3.9960126077833467
4.3503748710049299 -13.30167262663659 -3.1148262902882089
4.3300651065103617 -13.674872735915992 -2.5549721917164585
4.3717930068364206 -13.708065991708915 -1.8877210366032751
4.2442969063227665 -13.442251086234467 -1.2333315677290377
4.1484577441062145 -13.231149477066312 -0.64310304792765904
3.9748880463861673 -13.046383670675356 0.024282235064218005
4.1485731456003689 -12.70314123614158 0.56020488434190174
4.4782606649485901 -12.457062017286038 1.2083407936405144
4.0099855660932491 -11.996259774567886 1.6079819673695033
3.8017325071383739 -11.641964815614276 2.0278303294009654
3.2505431083049543 -11.06228707214381 2.4553818997486512
3.7005601427296604 -11.200200549429328 3.0216690063516998
4.0833722646102393 -11.777861305890923 3.7604790051076806
4.0452917281705316 -10.790455979772011 3.9428788537743715
4.0192500211736757 -10.353908055182503 4.3230062025632456
3.7454254920828718 -10.937108712299542 5.0817816515222196
3.6012588688057505 -10.918022599188056 5.624459386362207
3.3405959988904312 -11.190246741320221 6.2738784786516089
3.4302391446973015 -11.501454947672311 6.8140999673162828
3.4260268938359029 -11.727224684623986 7.6254464028475022
3.3016799190847563 -12.552458656631647 7.2424056567201802
3.2583804155930047 -13.146077729079192 7.3562875969473893
3.1242137610689391 -13.846039519744108 7.1629492359439428
3.0834198290625645 -14.498630571478099 7.2117027377448686
3.2777369217634882 -14.989245230705448 7.7722273351645219
3.3462905329611674 -15.565405914285819 8.0396668767032153
3.4728632196955527 -16.091058278601711 8.4785310381618242
3.5782583427265147 -16.66484036866246 8.7731759866737367
3.6811210770917095 -17.162091987243638 9.2710957155370242
3.8095675366887383 -17.800952600807083 9.412981360199959
3.9355725873476581 -18.463200660937638 9.4914268670366351
4.0824407756134571 -19.097343198441582 9.6485276470847747
4.1540581523562592 -19.743178560425278 9.7582529449981354
4.448606734754553 -20.402046411825129 9.8791069579974682
4.1127441469696384 -21.003671281249307 10.043393928113739
3.832469814694079 -21.576256943166271 10.220216379595087
3.6249969581746186 -22.202200945197159 10.369484088687205
3.3531381702174223 -22.798294794448619 10.538190605795238
2.7892412534179272 -23.119431491877833 10.822083552585505
2.362817687633191 -23.569199276353206 11.049987576554377
1.8787337098777974 -23.968560961499133 11.302851435065559
1.4041751776744689 -24.34773110175227 11.550929467782185
0.98217757499237401 -24.905150208280027 11.771879048204967
0.34769455062257176 -24.790528272102584 12.114238274247525
-0.21522814224897485 -24.776192575777738 12.447631272208568
-0.82071624021506895 -24.839556249885391 12.750537527474069
-1.4059004276114477 -24.775582583353021 13.08438520624801
-1.8009890918967055 -24.54491593655656 13.573156467532364
-2.2678584822455345 -24.182576727626376 13.988921070460712
-2.733936681027318 -24.20906603430598 14.442796717772966
-3.2539314695488626 -24.509662212571442 14.820396120504759
-3.7103356781196632 -24.694938396709272 15.263682937688802
-4.2301399684942762 -24.865821680182421 15.652671095559718
-4.8530101728645718 -24.634391199382904 15.928616217962983
-5.4060005784010956 -24.624840285112633 16.28344468835266
-6.0146308169001159 -24.510720453160438 16.567850935138654
-6.5593768589548027 -24.433790315392411 16.943581499096258
-7.098225362591422 -24.342146990756429 17.332759927119213
-7.644786823005874 -24.245944422334649 17.707222803662976
-8.1818979071917841 -24.145906192626821 18.093069520660119
-8.7663280999207007 -24.20302426157112 18.441157134512007
-9.2874405049751161 -24.146238210576303 18.824711169007756
-9.9630575082670365 -24.262409202997855 19.133525829439975
-10.197525275799261 -23.951416793457373 19.658616016984841
-10.525822207567328 -23.32967007481605 20.218351657201012
-10.838837601478165 -24.050041897792937 20.55381417085043
-11.148422988713261 -24.463628285338888 20.927792159529726
-11.432933198280283 -24.92539533604824 21.314844622091037
-11.824783168868038 -25.393025324218602 21.648474035841588
-11.876124439041963 -25.864896413398981 22.138954537122054
-12.016244751976954 -26.338214285210164 22.585885868883533
-12.144729866879176 -26.819577714068551 23.047399352743174
-12.039530752839585 -27.254490833198087 23.545691777659954
-12.160396150925088 -27.762754442641839 24.022195476679638
-11.978900221853408 -28.155569859998007 24.50481427272917
-11.891252843685345 -28.302295636545775 25.263996155990579
-11.613090742658899 -28.810981022257192 25.584069238320584
-11.205598712000695 -29.354325703655601 25.733937108600369
-10.898011558380224 -29.854672243814736 25.993681116864952
-10.447629261062966 -30.553366510771124 26.138939661434996
-10.528513104305324 -30.150707928726987 26.889658733290833
-10.606745484648604 -29.76951123884642 27.562207551869975
-10.476444646536414 -29.783561417125803 28.130155591224099
-9.9588484279119296 -30.67004948360853 28.074303260484673
-9.6929155488232475 -31.009372168473135 28.369075772730707
-9.2757226012902994 -31.670277349808636 28.472856105967253
-8.9570567298640427 -32.127480638258675 28.686085638455438
-8.8092307788468247 -32.233578129588068 29.084570247333431
