#spline3d 5 120 5 120
72.773927871461098 -93.283773487287945 83.011253914356828
72.956675620515853 -93.9415957153916 82.684402693824097
73.15418330366866 -94.556120120499486 82.44853331454155
73.374890475038413 -95.145793753847542 82.259732900283893
73.629081885045025 -95.740489036820193 82.036651523053493
73.919493483928576 -96.311768322106275 81.891643578256918
74.269208349002881 -96.886392452153117 81.732567570923393
74.704741921679513 -97.405358877509627 81.808212512363497
75.271569605929074 -97.739390067714751 82.050894686173223
75.824509196494589 -98.05728776069499 82.126681624005656
76.451559677944317 -98.339155483678937 82.347382672874076
76.959065316126811 -98.628532890064108 82.457162209089347
77.635027034113889 -98.984669439502781 82.701336454328583
77.370957244875925 -99.740468669274463 83.403882855720624
77.83812373817085 -99.817694899202536 82.234684688810162
78.173531231534696 -99.957812099578391 82.015784032367904
78.667876089869452 -100.07913352861311 81.375381057907163
78.953606787773978 -100.20642057700184 80.866479297547258
79.117379373029735 -100.56399719806585 80.246643218043388
79.511467935883275 -100.83615468436771 79.787210560295051
79.774136348689041 -101.38718332005432 79.439751814465623
79.99589322960459 -101.90810096298584 79.102063741588424
80.321545461689297 -102.38477076824591 78.747980613753001
80.660984423128298 -102.65302866200044 78.172832759357647
81.059432490502758 -102.86902646150291 77.795682018002836
81.58397574877651 -103.05978426232548 77.062335894345154
80.623187789091318 -102.73035439653189 76.658900363908444
80.520979787022725 -102.96238523960345 75.995479127317964
80.613467391512629 -103.56505572792935 75.638386119514877
80.814738306160166 -104.16236576720974 75.216289682407236
80.328143216897431 -104.30259634850655 74.605568501435059
79.596480909752586 -104.29307756883161 74.475254478914096
79.121433796333505 -104.40028093114508 74.109260400042089
78.34871793487244 -104.4028511940724 73.913035965134739
78.079942975807398 -104.63910896886321 73.295207493635786
78.164108627603127 -104.99127309006143 72.636633773301895
77.440819676193968 -105.23652112504617 72.33340554515992
77.117614470848508 -105.74334842827857 72.095640330713664
76.578598864224034 -106.14087784354099 71.930755257096806
76.196944242508579 -106.63984869098746 71.640735711734806
75.685749394449473 -107.08538835601644 71.623247724253744
75.334645721416692 -107.53147091705543 71.254668483914998
74.753727906356616 -108.27423931964235 71.212461094533509
74.648895603592365 -107.62604826822971 72.182306248990074
74.301635807377806 -107.9113579874132 72.631181342205039
74.147376097064509 -108.32244414532603 73.167065344341083
73.832917566516358 -108.87927737395178 73.525061442723512
73.564317974904426 -108.88606499031997 74.287739335016525
74.172669043265643 -108.27394899106426 74.738629442601336
74.129579360714743 -108.6388402431719 75.483094367052303
73.994844509201627 -109.19283180023206 75.880204645270169
74.14416733596515 -109.10808394028898 76.724647658187337
74.759602727830071 -109.12332555699183 76.954573957675748
75.296064844294818 -109.11000021165836 77.671123374653689
74.663283482378617 -109.15399600149938 78.237825600216368
74.64671529482294 -108.99989031661947 78.973078544869878
75.08148890450569 -109.64538849165156 79.37195921158785
75.259872603434232 -110.08149442791903 79.627281294825622
75.46356219155129 -110.77408774387854 80.240172447397569
74.922893281933042 -109.70148155762034 80.882171345223128
75.031864128708847 -110.60375057278752 81.399936582402162
75.128344663823697 -111.05267791815764 81.654579235133824
75.262248151172273 -111.63504088623908 82.091316753013302
75.350344051702862 -112.17555106710473 82.41507955828817
75.340872754238717 -112.74020237598 82.81844155994041
75.333201923316111 -113.29627729125554 83.167589423719249
75.309924253135136 -113.85268275859259 83.55635042486638
75.343762871327854 -114.40782352195698 83.925779182604145
75.433893101755544 -115.04255471316287 84.159627507666343
75.504770246610448 -115.65244344002754 84.404214086249311
75.590008771731561 -116.29125273285464 84.622647648618639
75.634688758146837 -116.91152930931213 84.838152802539881
75.681214724144183 -117.55622931469328 85.078771795866146
75.441048108048307 -118.15172062062184 85.31803204841556
75.095544663325782 -118.7052889079368 85.479686964523395
74.930729520214641 -119.34538499055942 85.640212550425403
74.739587112847985 -119.97170115558883 85.758121635978867
74.549010532008808 -120.60765624715688 85.874788886103374
74.311117034181962 -121.22188416995748 85.987652919365757
74.03073992331737 -121.82500958946632 86.0997461274778
73.640280397442339 -122.35993218742379 86.23668235352288
73.141045832463206 -122.80757814191736 86.326208629177501
72.604486121123244 -123.19732206819141 86.410233534864929
72.021110327753533 -123.52886524281143 86.492733967775706
71.412244485715775 -123.78478079149903 86.590284686634448
70.771159267363373 -123.98143747250126 86.699516308467622
70.119964607897856 -124.02219274445183 86.861748735504946
69.46612170716584 -124.06033223585408 87.007431670448298
68.816213072736204 -124.10280516104005 87.155475486954941
68.158727887466014 -124.13597561183218 87.304480732575001
67.517041446568996 -124.17544781636693 87.465787154256901
66.855605428613231 -124.2124523364682 87.628639723385135
66.235012387553112 -124.25820230127334 87.83003709015675
65.577018968869751 -124.31031202601577 88.040675945087671
65.059326521574249 -124.41929315485964 88.484240720137734
64.835766426375386 -124.59271067687506 89.145543545851339
64.174094868274153 -124.6364056878124 89.446592078483533
63.693639525621919 -124.89848989750226 89.820519771659704
63.175396000994226 -125.19272818773834 90.142283272600864
62.692714283780845 -125.51061990241423 90.474128159421497
62.191511537474831 -125.81261444414685 90.806731237423463
61.701405450028993 -126.1350454290715 91.127367638884607
61.225930532835484 -126.47511749340266 91.459990953992786
60.723747864408253 -126.79263587898963 91.764391266633496
60.27414482369079 -127.16605537042963 92.115496440557905
60.034912940563572 -127.66929494052154 92.515817058707512
59.873698610212102 -128.18281713542075 92.903807759897461
59.709141289842336 -128.72962958225517 93.267706704662984
59.623586614570577 -129.34040256123737 93.535732732049269
59.556519728147968 -129.95019009685538 93.805117246018938
59.52412437977739 -130.5813600411052 94.032039877542616
59.513850276456353 -131.20355602939441 94.281223037729177
59.528888448582151 -131.84784199009647 94.472973651914089
59.559835574211405 -132.50617871672779 94.600258125687375
59.608580603034426 -133.16785713394052 94.696914239527018
59.669916330275953 -133.8325875467595 94.762745362331316
59.743941404834118 -134.49647329240315 94.81668236518999
59.827522002163676 -135.16052098448574 94.859440218039595
59.921031443097206 -135.82246807824538 94.904502133160975
60.024275998857775 -136.48059918930812 94.96321704617003
