#spline3d 5 121 5 121
-0.91102963332850495 0.82844156709875549 0.16512237864762866
-0.45530826119521534 0.41394069042716097 0.080651508373522696
3.7686780472669279e-005 -5.9194437887547826e-005 -0.00036025916399553881
0.45520671552336028 -0.41385460894064419 -0.079918615746891755
0.91052556976690491 -0.82779135436964635 -0.15992867853969817
1.3660190376213068 -1.2417805674716071 -0.24244901366462143
1.819901570313939 -1.6548602344275869 -0.31242777922082554
2.280274903463742 -2.0716524243716798 -0.42366126541374921
2.7209800700464917 -2.4773723546094928 -0.42724063226024811
3.2096714961184403 -2.9096675394364424 -0.65257565962363284
3.609343141366296 -3.2937181295699354 -0.57935582031727839
3.9810643821647282 -3.6645761485959256 0.22411043452761586
4.2665525225399117 -3.9824572863786138 -0.38867472094431621
4.503769521812683 -4.1403535586808466 -0.99771382546166554
4.8044488524933175 -4.350460918068686 -1.428733961513929
5.0491906447352832 -4.4831541310000835 -2.0408990134737608
5.3488772636396407 -4.6914275636550213 -2.5278473513038584
5.6770271563319996 -5.2379233860366483 -2.7215823568067776
6.0859954893250316 -5.678656157122667 -2.9309444453016646
6.3094138768907966 -6.106095815570602 -3.2963363260992402
6.3643476118706994 -6.4481169821060718 -3.85244692067094
6.5417106444828628 -6.7995372128115346 -4.3272789458294749
6.5232577929653042 -7.3555092676639031 -4.6649950762986094
6.4633343907829479 -7.8290360278000604 -5.0166598279948964
6.5905468186269305 -8.3931568658444764 -5.375228311785845
6.4505890909362078 -8.8512199863719232 -5.738588150282605
5.8428739946951449 -9.0229175753039961 -6.077706459553303
5.4704201917324724 -9.3288523553414819 -6.4188944397599244
4.9878647810598977 -9.562634881110629 -6.7695523055836215
4.6080986131111406 -9.9061690339223034 -7.0928948677949357
4.1965469157568149 -10.238880347414328 -7.480330854933201
3.8290692995402278 -10.572744778672233 -7.7307804965795741
3.3850341008287552 -10.894175032345569 -8.2036471001730114
2.9899906801623959 -11.234663223754861 -8.5388083742639136
3.0145728359369843 -11.624167697403864 -7.7204042139236133
2.8760547564276711 -11.975436315277415 -7.3421555062905721
2.8327332914555212 -12.468120687673109 -6.8457429001918619
2.5773101942064693 -12.409684661190509 -6.2818292636440756
2.0597350728395654 -12.367640692549472 -5.7175547099628616
2.369635966838934 -12.460975586892433 -5.1926487919745838
2.8812659334502309 -12.657626718657259 -4.7309590188965052
3.1744121235883864 -12.742378307121617 -4.1916649597553377
2.9606125453783236 -12.312079292524325 -3.7259343352590402
2.724429096284847 -11.649308074607783 -3.2204748130484058
2.9082841331177902 -12.001241647737031 -2.7802420532792391
3.1784702515155261 -12.559609100218852 -2.3498516492134596
3.0745630398588806 -12.364474853818415 -1.6639286832916322
3.1035637603823045 -12.380027247433372 -1.0508647918403062
3.1043926105548802 -12.400414392547566 -0.43452918540004509
3.0955623034473203 -12.785180331029704 0.096885664294115798
3.0859427835702471 -13.020885040186117 0.67037489676778905
3.2171981793600324 -13.488181777978959 1.0828761246194973
3.3242426603004036 -13.90581663332787 1.5279546552729435
3.4416198153030426 -14.35164161480956 1.9535301323520922
3.405351854804878 -14.584366978518831 2.5364984434901015
3.3770433721655246 -14.810622717165389 3.1937583690272913
3.5639160887157075 -15.4892859944914 3.2149712378895869
3.7119157236188736 -16.071564198491146 3.3266954242306825
3.8386862770583945 -16.653166866337006 3.4764931326586019
4.047370250454053 -17.254984330996123 3.5437564358696885
4.0390361911033477 -17.831527493454765 3.7728077368594386
4.0219988505752475 -18.412815811668715 4.002109028992872
4.0306602427570786 -18.992709905451878 4.2108099927255918
4.0404200938163291 -19.576612345995557 4.4363314215974521
4.0013215768720745 -20.149330724514037 4.6478397145971613
4.0827995023260035 -20.744588991307324 4.8763218361910798
3.9835975621076281 -21.311902282007068 5.0851573314931624
3.5972196786916371 -21.810117808911453 5.255441976788453
3.3545487509244363 -22.337734106825987 5.4429963462991484
3.0593788590603492 -22.857626913314036 5.6256593629336979
2.7780654345611251 -23.37930301457288 5.8090662994788671
2.4778035191782593 -23.883284196260423 5.9852917831976349
2.2724226410557735 -24.473057245833324 6.1996317361122957
1.7267433767821398 -24.780194937198537 6.2838940456666252
1.1776177815264182 -25.096096396381402 6.3388820705948117
0.68937308240451678 -25.419841323335646 6.4656600880515231
0.1448722180442554 -25.755516088998711 6.5105693089236771
-0.40705813127188351 -26.119360847447201 6.5359472096259923
-0.6420861411533193 -26.11272937392642 7.2276886156320046
-0.98172107537649167 -26.201961406279146 7.7153027588295577
-1.2793248088773677 -26.291830630059287 8.2553061441240985
-1.5858445104527688 -26.365523737994089 8.796319326570611
-2.069380833172338 -26.35607993681645 9.1974464471229496
-2.5258130267892196 -26.33030568063143 9.6212879151467696
-2.9454567481344966 -26.367472952852523 10.075342863096903
-3.2823434579057018 -26.514666818630435 10.579220270546342
-3.5986772989283167 -26.658167597765697 11.108241453712051
-4.0780140787918668 -26.680644106589831 11.506352310775998
-4.5973855997561168 -26.628807840582773 11.845268398231489
-5.058752036492681 -26.715112167302699 12.284065982558319
-5.5855801731595891 -26.5756140971571 12.576847330554182
-6.1222243046567986 -26.319089444085048 12.79675432904404
-6.6467695921729986 -26.152986145771191 13.073092289882329
-7.1747758909746757 -25.954897289183023 13.327711167769433
-7.7191373180263474 -25.681824981044514 13.544516188689665
-8.1955289288808295 -25.770892960147354 13.956636673392367
-8.6730568834832038 -25.831388856036671 14.351276026223841
-9.1580834590064182 -25.867050142336591 14.730315180021829
-9.6382134714197445 -25.913627574525751 15.127137981102145
-10.1188930034339 -25.986171442819661 15.504167035385903
-10.60412984326064 -25.975349022475271 15.911475052201128
-11.077973393389422 -26.110592342942667 16.277009413879146
-11.562636378460391 -26.413049566901222 16.573467450427849
-11.983261929835427 -26.61362209069669 16.943151893345721
-12.570007880802962 -26.862735984895767 17.200769493989057
-12.850409335607608 -27.120992536994073 17.628182527994184
-12.928705221818364 -27.090375741679587 18.416271519187038
-13.087657487227819 -27.497209559452781 18.781187552417286
-13.091560392401888 -28.221012401840206 18.846193837429315
-13.179688183121762 -28.742632550635079 19.096229763057998
-13.213385769439217 -29.356809774064804 19.259057061280181
-13.302380064976612 -29.935041846642392 19.463131475662092
-13.350454504937483 -30.526062997057611 19.648710850603145
-13.190606578889168 -31.124516369108413 19.7753497120761
-13.110686189757088 -31.718371296191112 19.925033027887793
-13.007468845064558 -32.314210671084304 20.067801143597102
-12.908032862795174 -32.909368330661167 20.211850341718765
-12.80963116471791 -33.504694820630618 20.356084311206327
-12.709782308321465 -34.100052225642791 20.499856832778232
-12.610779380410662 -34.695241469513689 20.644154780520651
-12.513624438881948 -35.290054867340586 20.789601790223628
