#fname degree numKnot L1 L2 L3 L4 MSE traceH AIC AIC0 GCV GCV2 cv_avr cv_stdev cv_error ts_avr ts_stdev ts_error sigma0 sigma_opt
BG_0020_MCA_R_d5_cp120_lmd1d0.000_lmd2d0.000_lmd3d0.000_lmd4d0.000 5 120 0 0 0 0 5.9930818450774e-006 120 -1153.7209896383 2594.63664538536 -0.0416173119413971 0.00378339199467259 0.541365596356057 0.94056835001497 1.03583973776733 -0.190113590485729 2.98270361937505 3.0026285664662 1 6.14959864756426e-006 
BG_0020_MCA_R_d5_cp121_lmd1d0.000_lmd2d0.000_lmd3d0.000_lmd4d0.000 5 121 0 0 0 0 6.06293216342866e-006 121 -1143.79381153935 2600.63666913447 -0.0363992500310252 0.00382275228636305 0.523703156658239 0.948217040254715 1.05026243348617 0.484480266615225 3.74125234881212 3.75571290460347 1 6.21190787148008e-006 
BG_0020_MCA_R_d5_cp120_lmd1d0.000_lmd2d0.000_lmd3d0.000_lmd4d0.000 5 120 0 0 0 0.0001 6.14959864756426e-006 113.51749453498 -1183.96249625617 2555.74166581095 -1.5260997055037 0.00372278231849492 0.500618654986971 0.918391753959514 1.03380921792513 -0.325519852684886 2.58271674934856 2.62707814695437 1 6.14959864756426e-006 
BG_0020_MCA_R_d5_cp121_lmd1d0.000_lmd2d0.000_lmd3d0.000_lmd4d0.000 5 121 0 0 0 0.0001 6.21190787148008e-006 114.44543818191 -1174.96720756844 2561.30934887767 -0.253994569404165 0.00375698797492226 0.487256502761141 0.924000894023581 1.04496875192582 0.232245388823346 3.23490544193361 3.23582225281653 1 6.21190787148008e-006 
BG_0020_MCA_R_d5_cp120_lmd1d0.000_lmd2d0.000_lmd3d0.000_lmd4d0.000 5 120 0 0 0 0.0002 6.44325656156908e-006 110.2854922356 -1187.11870402937 2536.34975185836 0.0943882760024848 0.00375701738925018 0.478308068094263 0.902347934402226 1.03015934655719 -0.380483562851912 2.00949767538197 2.07967846838113 1 6.14959864756426e-006 
BG_0020_MCA_R_d5_cp121_lmd1d0.000_lmd2d0.000_lmd3d0.000_lmd4d0.000 5 121 0 0 0 0.0002 6.49278698650217e-006 111.166514286056 -1179.26722946139 2541.63590100144 0.133275584296919 0.00378595038690223 0.469489021436651 0.906161150890495 1.03777078482703 0.145490219939212 2.87991521299774 2.87993165942089 1 6.21190787148008e-006 
BG_0020_MCA_R_d5_cp120_lmd1d0.000_lmd2d0.000_lmd3d0.000_lmd4d0.001 5 120 0 0 0 0.0005 7.39876581240389e-006 104.064939176871 -1171.61367310199 2499.02675837913 0.0332608089880656 0.00391981954596355 0.449370284096531 0.869072987679559 1.01581748676193 -0.318310821977594 1.91288978409525 1.97062977184926 1 6.14959864756426e-006 
BG_0020_MCA_R_d5_cp121_lmd1d0.000_lmd2d0.000_lmd3d0.000_lmd4d0.001 5 121 0 0 0 0.0005 7.41514103733898e-006 104.86800512014 -1166.57453875867 2503.84515960632 0.0364563822487652 0.00393755738804264 0.446675498265289 0.870599059718545 1.01851941791338 -0.096135394223705 1.29018605297093 1.31444328213732 1 6.21190787148008e-006 
BG_0020_MCA_R_d5_cp120_lmd1d0.000_lmd2d0.000_lmd3d0.000_lmd4d0.001 5 120 0 0 0 0.001 8.72628490209665e-006 98.2430917558577 -1133.14866849072 2464.09612520954 0.0221858546787263 0.00415446130333532 0.435764279802216 0.835327696820176 0.994417555049284 -0.239849277120776 2.13317747625184 2.16945346234894 1 6.14959864756426e-006 
BG_0020_MCA_R_d5_cp121_lmd1d0.000_lmd2d0.000_lmd3d0.000_lmd4d0.001 5 121 0 0 0 0.001 8.70646473805103e-006 98.9861443543834 -1131.18692521842 2468.55443406184 0.0233083626319935 0.00416253433947128 0.435891361644266 0.835970103913567 0.994888342612171 -0.116018725319741 0.700230855533832 0.750929674967988 1 6.21190787148008e-006 
BG_0020_MCA_R_d5_cp120_lmd1d0.000_lmd2d0.000_lmd3d0.000_lmd4d0.002 5 120 0 0 0 0.002 1.06835546475177e-005 91.9588775736839 -1062.64010881412 2426.39150558822 0.0173308747956444 0.00448036212268271 0.425746010857534 0.798395992706469 0.969247531269595 -0.195471719975344 2.3368435019681 2.36301172378321 1 6.14959864756426e-006 
BG_0020_MCA_R_d5_cp121_lmd1d0.000_lmd2d0.000_lmd3d0.000_lmd4d0.002 5 121 0 0 0 0.002 1.0616283636486e-005 92.6458508858917 -1064.69744717293 2430.51332258932 0.0178499200909623 0.0044786381375758 0.426733641859194 0.799075546278876 0.969248067111296 -0.0869449772833109 0.971002458679889 1.00074529753846 1 6.21190787148008e-006 
BG_0020_MCA_R_d5_cp120_lmd1d0.000_lmd2d0.000_lmd3d0.000_lmd4d0.005 5 120 0 0 0 0.005 1.45619575450415e-005 83.5530174164605 -898.645506006878 2375.95766330186 0.0145223948974755 0.00505930898729364 0.41334209556248 0.748295136725731 0.935808321463663 -0.0511093615781696 1.32327715593069 1.33926678242756 1 6.14959864756426e-006 
BG_0020_MCA_R_d5_cp121_lmd1d0.000_lmd2d0.000_lmd3d0.000_lmd4d0.005 5 121 0 0 0 0.005 1.440490170164e-005 84.171634157892 -908.178091013036 2379.66931035146 0.0147502705507361 0.00504411953468525 0.413841940030886 0.749709754300342 0.936640160270973 -0.0061788846418749 0.693413808225314 0.711950355597996 1 6.21190787148008e-006 
BG_0020_MCA_R_d5_cp120_lmd1d0.000_lmd2d0.000_lmd3d0.000_lmd4d0.010 5 120 0 0 0 0.01 1.87512936536301e-005 77.3914224552793 -703.994386595448 2338.98951790905 0.0136543841455666 0.00560641997275715 0.40989832245964 0.708279384189979 0.906274587746367 0.0533884083231441 0.635100220542271 0.643212712696587 1 6.14959864756426e-006 
BG_0020_MCA_R_d5_cp121_lmd1d0.000_lmd2d0.000_lmd3d0.000_lmd4d0.010 5 121 0 0 0 0.01 1.85162906181421e-005 77.9619959672212 -720.404857151675 2342.41287907967 0.0137874254152482 0.00558330854609766 0.410107218758477 0.710023837103316 0.907508466336811 0.0764179514469039 0.630194372262677 0.635102509568968 1 6.21190787148008e-006 
BG_0020_MCA_R_d5_cp120_lmd1d0.000_lmd2d0.000_lmd3d0.000_lmd4d0.020 5 120 0 0 0 0.02 2.41253709511193e-005 71.5211953107119 -442.092898710627 2303.76998222793 0.0133135013564901 0.00622022237762291 0.40828046923379 0.66948566196421 0.877335209923575 -0.00251183117526052 0.992812762240829 1.00526488457606 1 6.14959864756426e-006 
BG_0020_MCA_R_d5_cp121_lmd1d0.000_lmd2d0.000_lmd3d0.000_lmd4d0.020 5 121 0 0 0 0.02 2.3809641879724e-005 72.0467435778063 -466.172269622335 2306.92316448261 0.0133944560639306 0.00619150615925267 0.40859510636001 0.671291110261052 0.87851070839399 0.0394143435962311 0.963338935028899 0.970274997568787 1 6.21190787148008e-006 
BG_0020_MCA_R_d5_cp120_lmd1d0.000_lmd2d0.000_lmd3d0.000_lmd4d0.050 5 120 0 0 0 0.05 3.33380142479196e-005 64.2935506409644 23.8913389322979 2260.40724650816 0.0133437835672678 0.00712035842419474 0.405100818509724 0.622398709208777 0.84409839578053 0.00970915356110085 0.754290400520056 0.768198096717247 1 6.14959864756426e-006 
BG_0020_MCA_R_d5_cp121_lmd1d0.000_lmd2d0.000_lmd3d0.000_lmd4d0.050 5 121 0 0 0 0.05 3.28649099973164e-005 64.7642160593588 -14.2401292933032 2263.23107816308 0.0133771524226747 0.00708174433759866 0.405571958243916 0.624264528025027 0.845157434291282 0.00763276625510131 0.795704376905217 0.809276442817947 1 6.21190787148008e-006 
BG_0020_MCA_R_d5_cp120_lmd1d0.000_lmd2d0.000_lmd3d0.000_lmd4d0.100 5 120 0 0 0 0.1 4.23092966935256e-005 59.2534105917831 489.656206703081 2230.16945644911 0.0136313698980398 0.00787738970401795 0.403424759134723 0.589243384836541 0.821123550075708 0.0182799685663104 0.475725770009221 0.495043865166573 1 6.14959864756426e-006 
BG_0020_MCA_R_d5_cp121_lmd1d0.000_lmd2d0.000_lmd3d0.000_lmd4d0.100 5 121 0 0 0 0.1 4.16689227157252e-005 59.6860125820238 437.165846028712 2232.7648506634 0.013636903311386 0.0078296127789334 0.403713931944528 0.59125593427969 0.822367948325158 0.0123007545804457 0.457099065132643 0.478922072012211 1 6.21190787148008e-006 
BG_0020_MCA_R_d5_cp120_lmd1d0.000_lmd2d0.000_lmd3d0.000_lmd4d0.200 5 120 0 0 0 0.2 5.32093258598107e-005 54.5814840220234 1064.26721453642 2202.14160304047 0.0140711631755582 0.00868941724778331 0.401173222472543 0.558871105032311 0.801219866919903 0.0274554759448539 0.473792997635644 0.490718217898553 1 6.14959864756426e-006 
BG_0020_MCA_R_d5_cp121_lmd1d0.000_lmd2d0.000_lmd3d0.000_lmd4d0.200 5 121 0 0 0 0.2 5.23756623154485e-005 54.978885287478 994.941345767746 2204.52572718759 0.014055569944948 0.00863309751912217 0.401602826136675 0.560806324756978 0.802263667073031 0.015787712436426 0.401618783072311 0.425135123394383 1 6.21190787148008e-006 
BG_0020_MCA_R_d5_cp120_lmd1d0.000_lmd2d0.000_lmd3d0.000_lmd4d0.500 5 120 0 0 0 0.5 7.18084021334291e-005 48.9501728540051 2058.78807065693 2168.36005971829 0.0149167084705988 0.00989917958072705 0.396148801893493 0.520873886713399 0.778922638719626 0.0541012931119205 0.988121142804015 0.99328193978491 1 6.14959864756426e-006 
BG_0020_MCA_R_d5_cp121_lmd1d0.000_lmd2d0.000_lmd3d0.000_lmd4d0.500 5 121 0 0 0 0.5 7.05430274373671e-005 49.3051892553697 1955.26422927142 2170.48972789908 0.0148666732321407 0.00982355508750767 0.396530206487978 0.523065618720402 0.780106966897062 0.0288345905177628 0.835812034297714 0.845314031013886 1 6.21190787148008e-006 
BG_0020_MCA_R_d5_cp120_lmd1d0.000_lmd2d0.000_lmd3d0.000_lmd4d1.000 5 120 0 0 0 1 9.2256664541687e-005 45.0789250083177 3166.10740740868 2145.13952505338 0.0159487198919642 0.0110731704046392 0.391221788172669 0.490683448395103 0.762831777308773 0.0191030327304089 1.32093376103453 1.32792871521855 1 6.14959864756426e-006 
BG_0020_MCA_R_d5_cp121_lmd1d0.000_lmd2d0.000_lmd3d0.000_lmd4d1.000 5 121 0 0 0 1 9.03361769986845e-005 45.4048042244744 3015.21199286047 2147.09414738456 0.015857557883034 0.0109694312504051 0.391824595912828 0.492997500688552 0.763861770691939 0.0151466175735241 1.2481575575946 1.25599311639299 1 6.21190787148008e-006 
BG_0020_MCA_R_d5_cp120_lmd1d0.000_lmd2d0.000_lmd3d0.000_lmd4d2.000 5 120 0 0 0 2 0.00012265451150737 41.5191279688473 4825.38968171067 2123.79107808453 0.0174778926112815 0.0126154915132451 0.384441320441365 0.459302018403289 0.74837622783885 -0.0306956900875488 1.27959146608982 1.29302749976953 1 6.14959864756426e-006 
BG_0020_MCA_R_d5_cp121_lmd1d0.000_lmd2d0.000_lmd3d0.000_lmd4d2.000 5 121 0 0 0 2 0.000119735629222846 41.8182011504387 4602.82985086006 2125.5845247541 0.0173408913450403 0.0124769802331437 0.38508987617668 0.46179346280983 0.749396993254913 -0.0360226449061652 1.29296327810175 1.30703059336263 1 6.21190787148008e-006 
BG_0020_MCA_R_d5_cp120_lmd1d0.000_lmd2d0.000_lmd3d0.000_lmd4d5.000 5 120 0 0 0 5 0.000182854562296864 37.2540097570443 8128.14907160204 2098.22083683098 0.0201439168468567 0.0151863504450314 0.376849621245239 0.416725822026535 0.729244714053938 -0.0240007643923941 1.03454512138703 1.0499546658632 1 6.14959864756426e-006 
BG_0020_MCA_R_d5_cp121_lmd1d0.000_lmd2d0.000_lmd3d0.000_lmd4d5.000 5 121 0 0 0 5 0.000178479607779287 37.5209422426812 7792.31495921855 2099.82094426026 0.0199715498849787 0.0150168176447564 0.377190112784973 0.419295430333519 0.730437324185485 -0.019424283766813 1.03214272831764 1.04681436698462 1 6.21190787148008e-006 
BG_0020_MCA_R_d5_cp120_lmd1d0.000_lmd2d0.000_lmd3d0.000_lmd4d10.000 5 120 0 0 0 10 0.00024173285400454 34.3332337513457 11365.8968858353 2080.71619941597 0.0223047758588107 0.0172941226384408 0.377334547265251 0.383546059676862 0.710397672676926 -0.0362549961599389 0.973780808543791 0.992427792293712 1 6.14959864756426e-006 
BG_0020_MCA_R_d5_cp121_lmd1d0.000_lmd2d0.000_lmd3d0.000_lmd4d10.000 5 121 0 0 0 10 0.000236596181982324 34.5781359124864 10955.5866922731 2082.18386591432 0.0221351415634042 0.0171231105111532 0.377221298280727 0.386113130098717 0.711882063580236 -0.0399618856193938 0.983063686099546 1.00225315565976 1 6.21190787148008e-006 
BG_0020_MCA_R_d5_cp120_lmd1d0.000_lmd2d0.000_lmd3d0.000_lmd4d20.000 5 120 0 0 0 20 0.000308294231723594 31.6529987043517 15029.8716420549 2064.65742000243 0.024362556175531 0.0193607370832845 0.377988107143753 0.35545454867088 0.69507124110939 -0.0346475611363448 0.897396729271282 0.917263188075981 1 6.14959864756426e-006 
BG_0020_MCA_R_d5_cp121_lmd1d0.000_lmd2d0.000_lmd3d0.000_lmd4d20.000 5 121 0 0 0 20 0.000302572851629808 31.8776702057331 14550.5236870069 2066.00350374149 0.0242020056440533 0.0191942312659123 0.378069284690404 0.357439507481535 0.696018768605565 -0.0393194730968755 0.896066538790676 0.916941684723463 1 6.21190787148008e-006 
BG_0020_MCA_R_d5_cp120_lmd1d0.000_lmd2d0.000_lmd3d0.000_lmd4d50.000 5 120 0 0 0 50 0.000411731480701314 28.4465558870159 20729.4882581457 2045.45393176307 0.027090976065918 0.0221438635928909 0.377581867767217 0.324778855051622 0.680252058661081 -0.0413773785547341 0.887937369843902 0.909441872476409 1 6.14959864756426e-006 
BG_0020_MCA_R_d5_cp121_lmd1d0.000_lmd2d0.000_lmd3d0.000_lmd4d50.000 5 121 0 0 0 50 0.000404446225594763 28.6470138779083 20107.0349272522 2046.65420272168 0.026913786149462 0.0219612105218213 0.377640648755079 0.326573531631179 0.681059149596015 -0.0467145808079641 0.862433286238988 0.885759560254338 1 6.21190787148008e-006 
BG_0020_MCA_R_d5_cp120_lmd1d0.000_lmd2d0.000_lmd3d0.000_lmd4d100.000 5 120 0 0 0 100 0.00051372663024953 26.2528392186722 26355.4502057203 2032.32631010385 0.0294986959249837 0.0245620805984861 0.374942282619834 0.305125981246444 0.673443258482719 -0.0464447718693211 0.816495306934007 0.841031815825372 1 6.14959864756426e-006 
BG_0020_MCA_R_d5_cp121_lmd1d0.000_lmd2d0.000_lmd3d0.000_lmd4d100.000 5 121 0 0 0 100 0.000504059506886693 26.4367179855697 25545.9653511342 2033.42629588329 0.0292816608764667 0.0243441502995452 0.375390863967539 0.306544160672338 0.673687514461795 -0.0507189443901117 0.810184886184019 0.835949564182262 1 6.21190787148008e-006 
BG_0020_MCA_R_d5_cp120_lmd1d0.000_lmd2d0.000_lmd3d0.000_lmd4d200.000 5 120 0 0 0 200 0.000651592826101718 24.2407758290495 33965.7462556068 2020.3008042727 0.032471651954371 0.0274859668147427 0.366876185502991 0.28907217047767 0.673599847069185 -0.0501744296655764 0.757729097617843 0.785074218772725 1 6.14959864756426e-006 
BG_0020_MCA_R_d5_cp121_lmd1d0.000_lmd2d0.000_lmd3d0.000_lmd4d200.000 5 121 0 0 0 200 0.000638060915747817 24.4094334568889 32868.1794157185 2021.30814919022 0.0321936510759769 0.0272135986474073 0.367846161908927 0.290326550580866 0.673263823725956 -0.0516823647248293 0.757106579244363 0.784869570099754 1 6.21190787148008e-006 
BG_0020_MCA_R_d5_cp120_lmd1d0.000_lmd2d0.000_lmd3d0.000_lmd4d500.000 5 120 0 0 0 500 0.000935359961926241 21.8345281134395 49640.271856124 2005.95979880522 0.0378818889993256 0.032682499100469 0.346348892446485 0.266934338193523 0.683247939688275 -0.0836749010599961 0.689960767002687 0.730149377228078 1 6.14959864756426e-006 
BG_0020_MCA_R_d5_cp121_lmd1d0.000_lmd2d0.000_lmd3d0.000_lmd4d500.000 5 121 0 0 0 500 0.000911510949208147 21.9849801819425 47820.5338961601 2006.85440255192 0.037457422104074 0.0322784171432653 0.348071098488904 0.268472345273823 0.682266678898723 -0.0769640281986186 0.675276889684178 0.71407964433086 1 6.21190787148008e-006 
BG_0020_MCA_R_d5_cp120_lmd1d0.000_lmd2d0.000_lmd3d0.000_lmd4d1000.000 5 120 0 0 0 1000 0.00129889792426122 20.1886442033621 69729.7419372359 1996.20809825195 0.0438517648025065 0.038315328017252 0.324487792866315 0.247108433209465 0.696141666221195 -0.215179450475687 0.683097709930474 0.777058895996744 1 6.14959864756426e-006 
BG_0020_MCA_R_d5_cp121_lmd1d0.000_lmd2d0.000_lmd3d0.000_lmd4d1000.000 5 121 0 0 0 1000 0.00126028462522966 20.3266536720223 66900.2182814461 1997.02302654224 0.0432591359881327 0.0377578110545267 0.32651763922444 0.248845304488557 0.694864496368462 -0.200779257898197 0.679576415462482 0.767177802422464 1 6.21190787148008e-006 
