#spline3d 5 120 5 120
-0.65010079150232136 1.0951957920718367 0.31572139290592832
-0.4614956366873002 0.52136624626406347 0.22343224345973126
-0.03874040745577198 -0.006744309059985929 0.019547805794614567
0.55013601799671308 -0.50607269676603284 -0.26832415034685053
0.97248290830433648 -1.0287611133689518 -0.46402459658880069
1.6127962027427822 -1.5399876451674612 -0.80709686215034915
2.046196382324037 -1.889876852750594 -0.77848864510152893
2.9416148394781847 -2.6048672770584429 -1.6074731924837558
2.7176986761303308 -2.3311921992860345 -0.1342964008110297
3.0901902531799803 -3.373379222753758 -1.3375337705324772
3.22552379448791 -3.7838776599359134 -1.3633470965259282
3.4688686000982076 -4.5162230012144784 -1.9486363788482082
3.6438573564025312 -5.0499135049789867 -2.2838224152746953
3.870462673698051 -5.6991276864914786 -2.7478603967065962
4.0328068602286686 -6.2630104813289833 -3.1819308123315548
4.340456396718757 -6.9645593909209191 -3.4360647374220452
4.5158464829611296 -7.5828379227956617 -3.8013675940544087
4.8451190008604081 -8.2628163386634164 -4.0656298415337861
5.0335453465414046 -8.9107601392872713 -4.4048058576094817
4.7891520985805167 -9.3666091986701154 -5.0956721391905093
4.7658202509567751 -9.9585772692944357 -5.5121912361703052
4.6884207491397953 -10.416792950389013 -6.2138954985304631
4.4805737285703477 -11.077456778831969 -6.4772370143836939
4.4299356645254742 -11.907415981916364 -6.7463249216006966
3.854198404903713 -12.040820013983266 -7.3563692575571649
3.5177066778342954 -12.341881496268206 -8.005880769105099
2.9228696574789099 -12.750773514881704 -8.2655566287251023
2.3256123921197318 -13.22293474066125 -8.5326864057419911
1.8375642031233641 -13.573534353730683 -8.878627052255796
1.1509292912438291 -14.090831769796397 -9.1210900316397794
0.71468339356391331 -14.470398242415035 -9.3768634605050973
0.76340437622006196 -13.941051761308364 -10.911980888522944
0.22068557706903363 -15.00202262817742 -10.011989071717055
0.17285310702687556 -15.281131928798203 -9.7552104495815808
-0.53130100345873899 -16.261210335108967 -9.4290365061264882
0.092183066542891601 -16.130810572565622 -8.7511241312304211
0.89163782359173216 -16.044070400136544 -8.3130724106340423
0.91779640712625077 -16.278574814772707 -7.6323062371821386
1.1177828282868776 -15.768960592829313 -6.7215161526747247
0.33699114596598773 -17.036231509154899 -6.2861940215990826
1.1430182964185693 -16.424390220840369 -5.8813177469029672
1.7509212088946486 -16.125014187630079 -5.5983414968581302
2.3279552446236749 -15.81574399659001 -5.2348420075311584
2.9415128150806535 -15.46169448113519 -4.9049014859705631
3.5513995970959455 -15.153091163366668 -4.5749125150486174
4.1647609029432395 -14.820016822141433 -4.2530815561094304
4.5187676675313311 -14.395775716555121 -3.6742926629129324
4.8326885178692844 -13.993064122644919 -3.1251837275575625
5.5050791926407197 -13.629546260261604 -2.7754811756073163
5.8846685873700277 -13.260039803727407 -2.3569323254587831
6.7104240957338295 -12.903308019902445 -2.0381793583947876
6.9283188786769969 -12.515833968778589 -1.5470987675282197
6.1941442461806417 -12.011480257471122 -0.93514653948067461
6.0779681920717401 -11.651231267508662 -0.31584495805195362
7.5722328027040229 -11.254066509090118 -0.51167219258501784
7.3407033614604043 -11.051167922339795 0.176140933629894
6.7137599150877838 -11.256512093821131 0.86825004981215448
6.4990556435919613 -11.067518346417646 1.5181715615337639
5.9765915511263383 -11.218501952772211 2.1532743633807665
5.8297833039597791 -11.653376691320791 2.8032739190825398
5.3654454735434767 -11.91164662372924 3.3540278774006427
4.7610169104971103 -12.257281295056709 3.7486600805067116
4.2939860334089186 -12.5794236478763 4.1862146225491603
3.6877955937053803 -12.864510612029708 4.7140162923582816
3.2272913054332499 -13.285056945660397 4.9176240182590147
2.5320966092995416 -13.430703094923922 5.7652865388029921
2.2474923829493552 -14.108532090694263 5.3950276151073213
2.0459899748177706 -14.740064617919961 4.9276774146510345
1.7103054810011014 -15.361033031613447 4.7029827161197852
1.4624250095212381 -16.02013206610782 4.2937222625098155
1.5823003324717673 -16.334401845873852 3.5511309983091106
1.6054557470837112 -16.89702091083819 2.9947492453068976
1.0915203332909846 -17.067985822640662 2.3398457982190113
0.83586632732600952 -17.449013452673292 1.7200490172955827
1.0767881210795787 -18.141562715407755 1.2952435514623537
1.0796828224650987 -18.662665396033685 0.75749207824887665
1.1417557148817028 -19.281050001199397 0.32232822730499006
1.3621179266668355 -19.820960338288 -0.30412484880950535
0.86102892939323072 -20.525263705665374 -0.35497397529083774
0.56868517842368715 -21.174065954772843 -0.7908774722372689
0.36761344917006589 -21.800470432040271 -0.067812061689004138
0.1361746022735863 -22.443328344057832 0.12042318197045461
-0.097517827729978329 -23.059180803745519 0.58355608944260584
-0.30361245770033451 -23.722256607153167 0.88504219852934407
-0.56534070476204046 -24.309225783131751 1.2981917322855798
-0.73931471969504392 -25.001360558684389 1.6241060976035937
-1.0086457232276917 -25.621979473144378 1.9866522149673227
-1.485850461033879 -25.730756981518965 2.6981492512248679
-2.0297727282197879 -26.173795058909199 3.0775754978637049
-1.9390127140686815 -25.988441382304082 4.0700067541371148
-2.3245454984102278 -26.071021269683495 4.6564045602480562
-3.2181036379307044 -25.725199879116886 4.7813412655993108
-3.7333208111197806 -25.704899447865767 5.260288269468548
-4.5399100244727864 -25.363460474256996 5.4266398615194955
-5.055428682992309 -25.465964330965591 5.976533821695444
-5.5730492511254583 -25.739954532093414 6.5363695490726883
-6.1553781628291651 -25.715624285041777 7.0121753913819518
-6.770723924079566 -25.395002924513754 7.4082578761127849
-7.3779411545653 -25.256732833797205 7.837885514594948
-7.9932980612366586 -24.993483869663621 8.2359187693556191
-8.3443952454930681 -25.202169710821323 9.0133126950355535
-8.9006157587417718 -25.073976553882403 9.4980473981034006
-9.5063362782554517 -24.556030191782177 9.76131144599292
-10.105672511792363 -24.395188762690356 10.163509751255692
-10.650301959284395 -23.826535411329662 10.494316971536939
-11.339504258778302 -23.858028688264692 10.850749188169639
-12.043969949597621 -23.88343031016343 11.166243641031027
-12.716090483999741 -23.863722651097547 11.513985799100936
-13.424400262045259 -23.867928391460342 11.827427493442146
-14.072993660750589 -23.881226414383939 12.217002579747264
-14.773279744605189 -23.848949452650572 12.557967565665855
-15.415401549887587 -23.89324922352915 12.937977344578456
-16.098100916420769 -23.959176722732064 13.332802320901664
-16.685038173713895 -24.116420405940659 13.739576797347002
-17.445123384631909 -24.044498372445833 14.102177368540001
-17.951289844497559 -24.35214063876796 14.548453388771229
-18.169902774833083 -25.025389322512861 15.046009521170287
-18.672942485052317 -25.321519157146284 15.48366767461329
-18.862914698536621 -26.040771790376454 15.991461830958006
-18.599294152259745 -27.370587318280741 16.600073919805254
