#spline3d 5 120 5 120
0.47814473903260696 0.4810059941368286 -0.38761009855774953
0.23986714578314711 0.24003356146795179 -0.19357644404737184
0.00018926937594469152 -0.00011099307507141732 5.2973612144905657e-005
-0.24022687708778942 -0.23982302547734363 0.19347946876409197
-0.47931771018317304 -0.4802782373401796 0.38716134293996574
-0.72127936757546707 -0.7191470639625851 0.5803045856899568
-0.95674154203916839 -0.96157572165532723 0.77475892160433402
-1.2062830872766073 -1.1963795676313229 0.96604233148951069
-1.4282928361240785 -1.4458079350037636 1.1646328349991508
-1.6945035885855664 -1.6727892652657039 1.3475644555131738
-1.9236332578908453 -1.9141203085119503 1.5603672974307621
-1.9863574435886346 -2.2665735425143176 1.7328069970642825
-2.0842881396723256 -2.5639253183180721 1.9918340407209425
-2.2096629268601116 -2.899842420846523 2.1588001683534928
-2.5031996969882715 -3.1933544348828602 1.9773892986561392
-2.7154037553571539 -3.5009365497785874 1.9616571674900793
-2.9598092306765711 -3.802234083639064 1.8756391907980241
-3.1974817945489145 -4.1117266152628513 1.8215051713630854
-3.4242192658947088 -4.403223539265543 1.7432746610084888
-3.6830042147073456 -4.7333871099815932 1.7016966289809929
-3.8791478602594522 -4.9913574069244069 1.5912069332009759
-4.1659567176908769 -5.3509994240515288 1.5958940193286382
-4.4215067305570752 -5.6843433442361846 1.4848104442926759
-4.1090125569560243 -5.3408949473382359 1.0146310059032326
-4.0260926484913577 -5.2669958972447759 0.73028103124622246
-3.9062556735735003 -5.1545394263130824 0.39963497105118428
-3.6302589313885059 -4.8380576884591013 -0.024545427969962078
-3.9045938817204933 -5.2440832335862284 -0.12242091459334258
-4.1225848389376551 -5.5357251743172293 -0.25553124122335213
-4.2969925513458822 -5.9096482680374862 -0.34017672227496976
-4.5547979468069197 -5.9712203567757465 -0.66461427436584153
-4.784273948208825 -6.0213821605684075 -0.97918973221792394
-5.0011989651851119 -6.1392800135142442 -1.2687997099714592
-5.3104242268995563 -6.1368012078751537 -1.5800503547311724
-5.3116065464745637 -6.4323291475938875 -1.876780943747598
-5.3605043473648202 -6.674096193889195 -2.1786987720807574
-5.4160157279313292 -6.9143995731871009 -2.4776806889157341
-5.4627948538776021 -7.1614593922156553 -2.7804462115074733
-5.5060872050438245 -7.4104431851381616 -3.0752697783633463
-5.5729168243240235 -7.6420220307378202 -3.3872783014576546
-5.5885949055374295 -7.9129485879737587 -3.6673022941540174
-5.5747933673473504 -8.2015471643530855 -3.933129878374201
-5.5825204935569746 -8.480091807479587 -4.2053872222716384
-5.5788995998252133 -8.7595768431986603 -4.4793096835345896
-5.580236364913981 -9.0360711031827243 -4.7564045509395969
-5.580323800589599 -9.3735136392514899 -4.9595726235563253
-5.5787427084192389 -9.6878756783978126 -5.190008009681411
-5.5828181761186766 -10.009504587126901 -5.4128364849838215
-5.5743636927319118 -10.330044896171717 -5.6348935210491184
-5.5887285923505585 -10.649056412441528 -5.8622825169095991
-5.5749863109878142 -10.970341152945688 -6.0829059053547008
-5.4990717790628558 -11.298857964678357 -6.2863014885397774
-5.4512721395564849 -11.61895127993489 -6.4997761081775627
-5.4044947992802257 -11.95529735965189 -6.7053616237735634
-5.3215791820845029 -12.253559096227205 -6.9241142415733359
-5.337952395511004 -12.63793725173222 -7.1117776261797054
-5.141672803230156 -12.854229745038763 -7.3705841238569674
-4.8770420263192058 -12.997024230971306 -7.6422397494723455
-4.6745483973991284 -13.200141086398792 -7.8984870602237933
-4.438210128483151 -13.370941340734012 -8.163711871960901
-4.2114544900770881 -13.551448011290248 -8.4268021375202977
-4.0032994803986721 -13.749490381241372 -8.6822004364971797
-3.7203602055703291 -13.870376337631859 -8.96737878114984
-3.6427707834858198 -14.219718507000072 -9.1700228488845994
-3.5765958177715502 -14.563073116789722 -9.3256603696052309
-3.4800821801392918 -14.88754139932996 -9.5328464226295662
-3.4048064573722674 -15.216545487995894 -9.7951605677402256
-3.3161530471230449 -15.574205422159626 -9.4680055881977037
-3.237212129464738 -15.853951928574432 -9.2906758245098704
-3.1509327039211215 -16.274678284121329 -9.1583742647012283
-3.0658475683928921 -16.52549874333852 -8.8877826395750628
-3.0104517124837402 -16.388235182451112 -8.4339471192590185
-2.9335595683838056 -16.435947058576133 -8.0715114408864075
-2.8887956025046218 -16.461584339131811 -7.7057993620780527
-2.769837901885281 -16.331491054461338 -7.2452742070595084
-2.8207608871272427 -16.657413046876254 -7.0170425481734453
-2.8959363768037849 -17.024836193592698 -6.8412252803718259
-2.9337509243969668 -17.327215838108515 -6.6155913383975982
-2.9989839176007176 -17.652982350793355 -6.4021234642541325
-3.0462446135075654 -17.973374599700687 -6.2075323273626664
-3.0961112580422316 -18.401735765497239 -6.0071907327015541
-3.2134001368859351 -18.15290037409039 -5.5668108773945804
-3.2601384273331853 -18.126805443035266 -5.2200922422600069
-3.4304777599271352 -17.974046114063739 -4.8502242410009142
-3.3709861352190935 -17.991014348607528 -4.4530797104269979
-3.2564490669757395 -18.184287557809803 -4.1282835620017932
-3.140523463192328 -18.173247635701461 -3.7011756084490242
-3.0747357380490392 -18.351823457366233 -3.3804596062035568
-3.2535389574902926 -18.815780092810392 -3.3377819223249374
-3.2800370961075291 -19.09823841410617 -3.1326513300764325
-3.460304672016778 -19.535224087779049 -3.0792652526223603
-3.3226078357080571 -19.709245902823014 -2.7138945658740536
-3.2157811850496398 -19.897888979574425 -2.3894910953185722
-3.1284991483441513 -20.110954323659961 -2.0800758748832875
-3.0183401218788437 -20.29438164424921 -1.7446600589048016
-2.931026271384118 -20.519944555581191 -1.4472621381938169
-2.8106248132064686 -20.663348030529519 -1.0787708741239901
-2.7481894929288346 -20.970262429278659 -0.84441125661273631
-2.7030668953790573 -21.321425794182272 -0.66148212093176162
-2.6445797780379112 -21.630584546584611 -0.43609337559009909
-2.5936108100169522 -21.965366478753577 -0.23416868395509002
-2.5239602505595382 -22.274189972904352 -0.01802254042994518
-2.5372254128627607 -22.654008018782488 0.17511130292091626
-2.2460799840782086 -22.798930541856336 0.44166721288063149
-2.0135494786328945 -22.97367485837103 0.68914654863534353
-1.7636047716615189 -23.174634722417565 0.93893790172431735
-1.5717121523817574 -23.301801690881991 1.2026978296909583
-1.1884236246957602 -23.617439342835059 1.4002177140467109
-1.3060404679312951 -23.466853837594073 1.8335684895133428
-1.4160203772965008 -23.4362055286561 2.1362095805959842
-1.5360586314665927 -23.168512451121341 2.6186432738011951
-1.5575692537885593 -23.369901670127124 2.8098320744977396
-1.4552919632676826 -23.90502114957367 2.8092939294262984
-1.4382821067363638 -24.192432463739365 2.952602548525169
-1.3769885737966083 -24.612670709374761 3.0185521864393929
-1.336068847994397 -24.97032483226166 3.1210056683440763
-1.2862141786892927 -25.35557523897009 3.2073598881943082
-1.2404102460241782 -25.728980748433194 3.3005745196286025
-1.1929615753939053 -26.106522507645082 3.391513882271612
-1.1426241768325411 -26.491033562836037 3.4786680946573654
