#spline3d 5 121 5 121
0.84451225152956189 -0.96897474304283526 0.28894999849679254
0.44748960715439329 -0.41675684024809445 0.14714618410451877
0.0088199860744667472 0.023573332480887416 0.00091208546688322867
-0.46863119188712904 0.36038413900877325 -0.14929564765679093
-0.90811694057316594 0.79899460985307147 -0.29550556599638028
-1.4023429073653422 1.0901510590718693 -0.44768405171886339
-1.7882183366325872 1.6737121802149186 -0.58748859694116717
-2.4524063028416196 1.5161622912366517 -0.76114684646949737
-3.0156036735504546 1.5516261431728391 -0.92073097901109591
-3.6290415348571656 1.5602714134857572 -1.0883978336939044
-4.2171143628124659 1.5682949626659692 -1.2523453671151161
-4.7443940187947931 1.1863292088440758 -1.3968426595871086
-5.3064173208591825 1.0390727924691419 -1.5538529410980586
-5.8491034134258104 0.74497182646436444 -1.7015622209172248
-6.4022713027706555 0.55480910680045037 -1.858208978666732
-6.950757324030004 0.27539866663144003 -2.0036318780259155
-7.498977278650572 0.09315156281044816 -2.1666706105013169
-8.054323485452489 -0.21880337197788793 -2.2958073238565886
-8.5846834508914984 -0.33640503930521526 -2.5104390129724532
-9.238299758490145 -0.70962193321189504 -2.3594313855878326
-9.6999038128545951 -0.50474074243407085 -2.8004932910638454
-10.231875766231745 -0.24585558694553147 -3.042637456765787
-10.650935180725222 -0.33676161287174927 -3.5295971287874819
-11.107165598728182 -0.29961048735177176 -3.9244925213404449
-11.513986911190559 -0.30003260641628504 -4.42568238564483
-12.151085174916339 -0.40303640464764717 -4.5374692193277113
-12.666186963861332 -0.45416974765044144 -4.8846610635739305
-13.261213065825219 -0.5389016294643002 -5.0309272871568922
-13.783492890898545 -0.59305298203256507 -5.4237897088570408
-14.401343636507935 -0.68528410315389687 -5.4323109621556513
-15.020543848174265 -0.73984174065994457 -5.4920233250534336
-15.612782581356853 -0.8510646664323207 -5.5175580498825338
-16.252992966890996 -0.8676106149767705 -5.6210622472562246
-16.813500383431229 -1.0449848585526142 -5.5684533712934785
-17.460400714838372 -1.2031242013832291 -5.5117741550692614
-17.929824531861012 -1.4209989469888245 -5.4307159574861723
-18.823255767514112 -1.4280996925817553 -5.4768777012792729
-18.507217072810626 -2.1666427033150999 -5.0734889456539634
-18.646460262536113 -2.6546507703718989 -4.8625688082258467
-18.583484618646779 -3.1919515506484624 -4.5191929105056206
-18.546685244527517 -3.8732410831059552 -4.3537727386298366
-18.973938023941123 -3.8996102150343872 -3.7390928708031894
-19.393739479766889 -4.2652831066905978 -3.4237491637512409
-19.624782040138307 -4.4156797716413987 -2.8462382250441012
-19.427778128868429 -4.2701991368659797 -2.201791524187759
-20.114880619981843 -4.4212342752120977 -1.7394331163453705
-20.248622044019537 -4.2204155463645279 -1.268664109325071
-20.761335511322258 -4.5502615749847592 -0.61944937895003316
-20.954248066755831 -3.942253374060515 -0.41896211470014078
-21.240193834477026 -3.3878069805506548 -0.27046827191997075
-21.494187574633855 -2.9232266823977442 -0.0087976253461444394
-21.74796462968067 -2.3290201604580818 0.1243079068902833
-22.032337757853476 -1.9146121127949887 0.42321683278953348
-22.239528742842239 -1.2036064912712643 0.4553661712621927
-22.620451153587023 -1.0685100647357277 1.0042761944426886
-22.88830100994031 -0.81648635735318575 1.455699536764032
-23.412810659159433 -0.66212858628929261 1.9350509657140713
-23.057337458374477 -0.13666503129764923 2.3590919656840668
-23.080639274414164 0.29417371059649161 2.7483517461583871
-22.796849389096735 0.67055598818249262 3.253054839787997
-23.38373022816392 1.2804150206168128 3.4356111486017795
-23.197356944809158 1.3743042277518023 4.1263520429939113
-23.272835452164525 1.5969731627463657 4.6752083479806039
-23.241949264300512 1.7322166707866897 5.2952272853185152
-23.248597175450225 1.9748235504183407 5.8538325427693572
-23.256773012247113 2.2722912666811599 6.3990050163148515
-23.25424442683487 2.548557794311765 6.9598248641705212
-23.107753782612132 3.0213522401007546 7.3388712099400619
-23.011646499314047 3.4396161888513106 7.8092760204710432
-22.873602107511083 3.8954877230848108 8.2075367308859661
-23.211997450645413 3.6291239876369881 8.9367212129785951
-23.292355015437725 3.6721856269363204 9.4876834229147864
-23.084240693059911 4.5846420692622276 9.7134755040341929
-23.117954511580876 4.6179758772457449 10.150457060819766
-22.887648080154932 5.777615884510082 10.417123212654662
-23.007421787566077 5.3253072774807153 10.88056094514768
-23.10444156829827 4.9244722311132483 11.30591626811343
-23.287846626913456 4.1797908668588839 11.688460095116653
-23.186566115144604 4.5728276550681448 12.227607980727344
-22.911939388463871 4.8284692401525353 12.803945483885052
-22.972407432132268 5.1617410474757968 13.268245731332414
-23.118256502910771 5.6435806196382572 13.693282706405364
-23.218226981802271 6.0472899968274509 14.125218397897353
-23.291095015981288 6.439719239414007 14.596955749085289
-23.209576446914856 6.5962770385137421 15.248408858081644
-23.279389962679772 6.998523792420011 15.688079992226195
-23.42613108958799 7.4760822208467168 16.09800836196575
-23.520281885299884 7.9473360655362892 16.430510508586877
-23.642659467828764 8.3342734733510397 16.985961399725028
-23.719851060248129 8.7808283130652498 17.262426086146213
-23.849813382939786 9.0886008406362393 18.039222775368014
-23.912670054085872 9.6698868690484883 17.977183402773964
-24.006047178765563 10.30617089966595 17.711950103595093
-24.044953208312212 10.863500352423481 17.638269594830422
-24.178017915297307 11.493305446697088 17.478455186354903
-24.177972485343368 12.059614906355959 17.315359805910948
-24.063771681228587 12.577971242824988 16.936227398880646
-24.009968369112812 13.147546793979135 16.722025277244004
-23.964742240411926 13.65343651036409 16.371757893977851
-23.811179117152783 14.265534771032026 16.179729576811397
-23.987428430124343 14.648324875814703 15.69119250729061
-24.070120902407467 15.120622153018418 15.298304209244616
-24.209144049255055 15.489827760719002 14.82285563596059
-24.228329826845624 16.150939415286626 14.643341225464807
-24.308898010229534 16.653004044793899 14.440605407884245
-24.342981990099901 17.283899510603227 14.08638682932845
-24.428711861118508 17.766644048989985 14.07366022585226
-24.440332178334518 18.456698718811694 13.441474555275494
-24.570197758881875 18.854828267823372 13.823947038085873
-24.661636282013692 19.165471318601416 14.471166678242787
-24.871698876585235 19.521707938081406 14.874958480035321
-24.66364100005206 19.925717938752896 15.37776382559867
-24.538126833721535 20.227015547068035 15.886424202378839
-24.450906660422532 20.69440472325449 16.295392410381304
-24.515359230237156 21.285601713508861 16.500120677122982
-24.473519299968039 21.841669126808675 16.81642042027395
-24.501498675577434 22.302332053193844 17.131728899092138
-24.480484939435886 23.091590868966808 17.282390027870846
-24.500714114800907 22.95444349025864 18.006480125384382
-24.473612971256365 22.696212411345044 18.739610076514651
-24.396712641286285 23.287381883190392 18.846439956435916
