#spline3d 5 120 5 120
-0.59807002357490158 1.1954711744650077 0.0036002699262170368
-0.29849954374582455 0.59441609913996241 -0.0030123374537116684
-6.4662664605296922e-006 -0.0013964178395372299 -0.0024410018887693094
0.29847897736907708 -0.59169408021308834 0.0076516513804013465
0.59377747741577536 -1.2010645801703768 -0.020107086083354014
0.89869305983127756 -1.7616834538561963 0.053094672537311427
1.1771724696570736 -2.446049373656999 -0.13757430199697368
1.5256861065305183 -2.8263864738894502 0.33837372161339913
1.8542854616815176 -3.2095783808922635 0.77667013334309465
2.2018714600119305 -3.6352617112790315 1.1541364130114888
2.5112310926821362 -4.0189261586846419 1.5795976158825107
2.8964551277526476 -4.4171471782558767 2.0448499440079835
3.1684804758259308 -4.9687641793689279 2.0852237820345829
3.7969818378212485 -5.4173632641066956 2.6334904164231565
3.6440711789648077 -5.9947376908268613 2.303007266655932
3.354482673780482 -6.4916917186888456 1.8330044861211308
3.2690558674427401 -7.0825557182889414 1.6012760235895318
3.0293905546577009 -7.6227982838937596 1.1851031441202686
2.7322451763406965 -7.5645319600502727 0.51586569155036011
2.4439143446738112 -7.7049138935921482 -0.12290926566935807
2.2040080796061878 -8.4189800140221855 -0.24175761909076751
1.9383602276831096 -8.9377758168825849 -0.5275108702666631
1.7110002286298944 -9.5159008556158131 -0.74772102025990761
1.4279662139203 -10.084759188243327 -1.0215939566010526
1.168296265390687 -10.638615254328142 -1.2144138560539168
1.2629968498511779 -11.250461700807726 -1.5511660671947078
1.2122030042075658 -11.95596885392875 -2.024531775798704
1.4261358669577711 -11.937603557543399 -0.94102004732441036
1.6310176641562331 -12.014355605248168 -0.45543041851683808
1.6873908484992717 -13.002017969464005 -0.20405749550997102
2.076380541360805 -13.051755145476253 0.21690549935814896
2.6649513385826493 -12.645640882819757 0.60294738697893657
3.1763561743190252 -12.568370817886336 0.98036540030875097
3.5620599106152859 -12.353736065569803 1.3956641525058835
4.3723353347998852 -12.107639287019358 1.7209773297286328
4.3334055144618411 -12.039406312201628 2.2426886271738433
3.5934068645583119 -12.578682214776153 2.9380570125370977
3.8474930517031214 -12.138433775284021 3.3817703163222719
4.1802473494213741 -11.497690452666745 3.6581920551969285
4.3492455785934832 -11.103767988569075 4.0698458672159328
4.7501768648138238 -10.465971698978077 4.3291436909793299
4.5523988332278638 -10.277951892178558 4.9749129713992115
4.9167384774972112 -9.8501808727622606 5.6779604179498468
3.8006137949761967 -9.8859708621629565 5.8502104216525703
4.2449617934698685 -10.068804980521001 6.5952975276305628
4.3148866299252093 -10.30817102524874 7.1241739046163302
4.6873997093485356 -10.368101544416904 7.8656767565445973
4.5705302328416257 -10.735487858699379 8.3262247809027485
3.9371258967729967 -11.302274371934532 8.3936545982874566
3.6369877163865532 -11.710834664458627 8.7044360224963242
3.1901422999642608 -12.224484037606997 8.8977661128040957
2.7673421029071883 -12.660500251506308 9.1331525473805399
2.348663362174277 -13.149342450152629 9.3570391120001126
2.3371815621689707 -13.769629596004446 9.6977614748305321
2.134957637319709 -14.324703189294645 9.9838921687821873
2.0126166783930106 -14.912585235123045 10.282419551993039
1.8735034414509202 -15.471617582970978 10.624562622174558
1.676446220687253 -16.097791831957984 10.772104857381237
1.4870896287634341 -16.706697549856003 10.958047788771625
1.302796583317763 -17.319203961758131 11.145205792650804
1.1076130958771473 -17.931648970793354 11.31850571904989
0.93095434122490373 -18.543812344467639 11.51534534559431
0.72324043344559075 -19.154320246456255 11.675239808417947
0.55820935259571947 -19.775047653477543 11.879460956787906
0.42959848519029159 -20.342426692540428 12.167995618989263
0.32968300073914464 -21.005591615642413 12.413334336934927
0.09608682129884627 -21.463382613452282 12.670594028376325
0.20294276142506917 -22.377192475749986 12.941446360587285
-0.43904866937686571 -22.336855571858685 13.172816353865336
-1.1347589296484746 -22.177513514083689 13.379283627359575
-1.7038546996414063 -22.21104752564964 13.608072695608554
-2.370236818043689 -22.094783474582201 13.815728890870414
-2.9625881444097626 -22.112777975268596 14.057377512331238
-3.6389495996767933 -21.932711276273903 14.220189995712808
-4.1680743077639546 -22.168462471422082 14.581686949946846
-4.6998487888085538 -22.319056084945508 14.943911879549388
-5.2439987815888225 -22.553392918039865 15.272679555996652
-5.7823180359454955 -22.679839845450484 15.635960304449526
-6.3250158117265274 -22.46216980341746 16.025193800330271
-6.8685013602434148 -22.438905894500877 16.392051656586091
-7.3948262352028493 -22.309636764067797 16.793779332838152
-7.9849281434295882 -22.254791908598179 17.099707142374694
-8.5592725646129004 -22.14633396612799 17.416621003562462
-9.1398187746717614 -22.087502373471018 17.741278814289625
-9.7232190176759019 -22.024290155107749 18.072073143250343
-10.246392270648283 -21.616111378324174 18.281112524469055
-10.783138099156844 -21.350459262827247 18.550736805118163
-11.321335615393924 -21.024385659525816 18.785420541644836
-11.884279943226746 -20.737855728100822 19.009559497391933
-12.237073525902048 -20.372368819323174 19.475979824593797
-12.682176735697654 -20.082232967568455 19.863528289102035
-13.07571450256115 -19.688961014324011 20.250419992447576
-13.503226382077358 -19.416068578374873 20.686143733474744
-14.025122217248175 -19.409735610953035 21.124483869301216
-14.41404129431413 -19.193236684565985 21.664113758887794
-15.048622630552682 -19.215489621434433 21.914195866076721
-15.667301681767311 -19.235639339907401 22.147886542461901
-16.287767665245418 -19.188805183759634 22.421902591017147
-16.866499442175314 -19.287891934786842 22.678863917303648
-17.572955589718504 -19.068091334472932 22.910888580226729
-17.99574149856296 -19.53517138157358 23.245895511293959
-18.226467302507995 -20.016986040292672 23.627078098610614
-18.721960785729106 -20.438910035843033 23.931986585148557
-19.024705886114749 -20.945072618596672 24.256025581252981
-18.561711167270563 -20.933525835549876 25.06572777925183
-18.35793405452662 -21.548726411076302 25.280299219802163
-18.001440008536886 -22.00445460193346 25.64461976658858
-17.71690429424002 -22.508845868755174 25.96537350457869
-17.415316720302037 -22.963091695605254 26.332361977629748
-17.072402453917295 -23.541622361406002 26.572938591053251
-16.875236681388085 -23.805361589903931 27.161902658747117
-16.884539286199541 -24.126602678737314 27.80692503427607
-16.412646636784622 -24.347782576272444 28.256081133751067
-16.004389459056043 -24.58913583151573 28.668158729146228
-15.417993332526885 -24.657878710405701 29.237987312528745
-15.49555281659636 -25.404213425290386 29.392382729392637
-15.523532748382843 -26.038400780719943 29.582508275897702
-15.466962011116067 -26.636312150795597 29.818779081736075
-15.548271421154332 -27.333769372494402 29.976601511420952
-15.899515933475755 -28.232460774132505 29.979308344317133
