#spline3d 5 121 5 121
0.32386061757241613 0.90451089863967471 -2.0978722147810416
-0.23615694020549674 0.6546794761194844 -0.24683942339242773
-0.079501236132439812 0.042292081265795436 0.16607178826999422
0.41373030354237139 -0.7506288160778708 -0.12083939311142032
0.74324537051633999 -1.4703589009106455 0.02215599882354739
0.57129210096946925 -1.9479995177008571 0.84152281331943801
0.51341617275472484 -2.5859238250953349 1.4194681621476417
1.4229832692230102 -2.9577264781364945 1.4959357155165478
2.0016949557675643 -3.4075016776484599 1.8043126312091977
2.6529542290390782 -3.8657674754965079 1.8107550879558549
3.2882236581893465 -4.174127335516455 2.7189777371053117
3.7538680301395146 -4.7452842347163191 2.1903739407536569
3.7002774241381946 -5.3101823499146423 1.4611958166840699
3.7680440207490165 -5.8910902245541807 1.0374274021481922
3.6376331737907872 -6.4301802544358049 0.29218164315151857
3.7730640066344208 -7.0506836550921861 -0.15446224227260116
4.4458654574724115 -7.6220037063430688 -0.25636644260496283
4.9458532903173262 -8.2995576800299293 -0.43194043937061694
5.3762961280003241 -8.8240094757530514 -0.64063500545187668
5.5884541333022302 -9.2046739299515519 -1.5893653305169888
5.5100149449332418 -9.4148671241732931 -2.219113843897039
4.8765450882601868 -9.171909059517942 -2.9958149002699148
4.846540297788831 -9.5106145467158125 -3.7386271721747564
4.5868048075335031 -9.6418522615642281 -4.5261273064243968
4.1802232309782941 -9.7886476778321825 -5.2015425100923656
3.8548600120067453 -9.8094598850828074 -5.9753183144564703
3.4783057947217051 -10.118180400533209 -6.6225771856074616
3.2003355280813519 -10.476160635075399 -7.3041359893637097
2.7369056351373096 -10.863730832792188 -7.8787232862352408
2.3581108406179099 -11.35275127409415 -8.3399866445459612
1.8211675886558842 -11.648167620352176 -9.0673055730467933
1.681316249509099 -12.41001574476098 -9.222029677039659
1.3897602475805275 -13.137461168465046 -9.7387075576443909
1.1364068137036822 -13.796118478024999 -10.008193526818321
1.5776050211607342 -14.470188262866598 -9.1134306345203377
1.6014920643434409 -14.763445571577163 -8.597563431545165
1.8450696480155115 -14.72852935404992 -7.6173196358032271
1.9308912729170891 -15.047978099114435 -6.9976626550327783
1.6727425545535308 -15.64561678599294 -6.1623370001954827
2.4509152568372832 -15.394822082174779 -5.6698635008212541
2.9613450042751066 -15.677673344747044 -4.957685658697697
3.5214820631967196 -15.141691531163245 -4.6174231479891477
4.0008495145411045 -14.518917830301724 -4.3299527695062849
4.5685819368149847 -14.107211470827622 -3.9384382375116158
5.1176168493304477 -13.496945035858628 -3.6580146486391012
5.0666346486910552 -12.7934968296773 -3.2882380621761684
5.2327554921459001 -11.778148213462989 -3.2319184014041213
5.4182144146582658 -11.619711650315079 -2.4512114799972866
5.7310429741757538 -11.522006790248716 -1.6225321404103157
5.8343260394139751 -11.378863929579042 -0.93095648983355428
6.3603379964988012 -11.053154876732208 -0.091747661303407779
5.9173451453290893 -11.379648187196619 0.56059793210189768
5.6393467060952762 -11.864395116479805 1.2619987014431235
5.1601313114533456 -11.818897151958792 1.8460769347663968
4.5127032173912305 -11.543828341843675 2.6684901093037419
4.5207031325664051 -12.689723224857088 2.7103861515240308
4.2387130613646411 -13.227490940487533 3.1691248767192954
3.9294498859525127 -13.55457034216257 3.9034791485891867
3.6236691792543936 -13.952386585003563 4.5350984835850499
3.3120148994201442 -14.337296750722064 5.2097411934052031
3.3018104862399587 -15.317791177891289 5.2120934344982155
3.1380284447395881 -15.992340936762016 5.5004864538726457
3.0648101534806824 -16.824656517657733 5.731739726541365
2.9088470965207645 -17.558486204450894 5.8341789816366125
2.8748510993273944 -18.386217508136504 6.3116894370606893
2.6282952048944779 -19.084403076370343 6.0305763674640458
2.3379187030868782 -19.765134701611828 5.5863053485135792
2.0944968852354786 -20.465090191482254 5.3347409514825603
1.8541920080680294 -21.155791461241169 4.8972158791675726
1.4400965534671955 -21.868607924446408 4.8884344235075821
1.1322721433452159 -22.618473792136175 4.6730284357122276
0.68693782684565718 -23.24959164370572 4.6200821978891033
0.51659835778293817 -24.163333220340117 4.3234769779892757
-0.24824942985549811 -24.450116813835557 4.5145198535800866
-1.0145479763875092 -24.746793601481748 4.6863723306499541
-1.7027580796708535 -25.071287818691069 4.8559520191116148
-2.4767327559596977 -25.475356252137761 4.9081627477494978
-3.1215039284477619 -25.507051634457728 5.4363096483574553
-3.8095153236757753 -25.650370615343423 5.8536718873475557
-4.4870552188355566 -25.786296849073285 6.2852127266239135
-5.1225284995781051 -25.550169398378134 6.7856335846845548
-5.7772886960063374 -25.484968488922938 7.2467991616662619
-6.4266122942103241 -25.349161764052671 7.7329240899656382
-7.0567708125872484 -25.209979949439301 8.1993346449550586
-7.7858338952778299 -25.213783854038187 8.6784654643983732
-8.1391971127124787 -24.635260118453232 9.1885844602715032
-8.4141368471975042 -24.083371753804848 9.7602712171756725
-8.9402066047757422 -23.686249373520308 10.214496416406179
-9.6992757135783023 -23.463308760383292 10.530477479840334
-10.325806915436903 -23.165389731331341 10.919716432480186
-11.007479900167294 -22.857917999812631 11.273849335675976
-11.57244814807842 -22.560227964304929 11.757010670210617
-12.098400173778183 -22.061012833690008 12.212612118319491
-12.810166759207954 -21.952565054928993 12.627821725392685
-13.424675408800406 -22.262157177363246 13.078477917990801
-14.290532649347528 -22.165210180804962 13.41094484413232
-14.743907877879494 -22.456480881339598 13.926466450743288
-14.869531452599283 -22.821534642796159 14.800225518448997
-14.829076986359425 -23.314661822978337 15.324450258639731
-14.507056869060136 -23.803325779994061 16.013744812098924
-14.519271413776277 -24.499642431945556 16.415081221443234
-14.345114766541409 -25.198417549232321 16.81684564171238
-14.342498238230917 -25.837911581107758 17.353075626998244
-14.084004559452691 -26.584790053699717 17.590394558385899
-13.827608783942066 -27.32626429473169 17.801529295766812
-13.583390926483217 -28.057892075845256 18.058464941385761
-13.355270788939693 -28.80263954423274 18.289158904810254
-13.059244194006352 -29.528726013917396 18.521836350871595
-12.915795707149655 -30.28691371045765 18.779992278731541
-12.821121352191479 -31.047662627382316 19.05373001698436
-12.66154273923129 -31.804482525350771 19.310060662089274
-12.582305392412852 -32.561989523666426 19.586956585891883
-12.364268757938797 -33.323588634239798 19.828560389725638
-12.43540382014154 -34.074496365611502 20.144517300767745
-12.504866447349215 -34.821708243949686 20.458976673350165
-12.543034441939456 -35.572466461856671 20.766185496836844
-12.606895361162895 -36.32100884129197 21.079309782415226
-12.653774893659302 -37.070864009413896 21.388579663020167
-12.712205580952073 -37.819814489855972 21.700579407774939
-12.761453051803155 -38.569509264377146 22.010266650918886
-12.796370859801868 -39.320338312767035 22.316395016136767
