#spline3d 5 121 5 121
-1.2236738377416647 0.1987199780799806 -0.6576762355643897
-0.6003885364965007 0.15706941574618008 -0.30618964596004089
0.0045219725311168076 0.02307849779594387 0.0090481153148792813
0.58930500272318032 -0.21376945431276506 0.28393298179350507
1.183845525262565 -0.39820001341930505 0.58340227381991561
1.7669255538445063 -0.64508514443639942 0.85343989323234515
2.3504577650147684 -0.86822025236381539 1.1466218718719048
2.9295794523040617 -1.1431728393855085 1.3978630997245676
3.4842613784477683 -1.4641991388790365 1.6576532233617447
4.0465228801233444 -1.8253948090180105 1.8165164152361477
4.5307995960258154 -2.3462198766189655 1.8885382841364793
5.0118312970189791 -2.7826498843310774 1.781227396563611
5.405857478908775 -3.4130718176321326 1.614550429137622
5.8689955236382021 -3.6919277347328996 1.2659262099261757
6.3083209759553807 -3.6968841177008507 0.5738148616614086
6.501503778130802 -3.2321382993397259 0.12584285710492318
6.7756841075012408 -3.1645544526092686 -0.59398557676351038
7.0226435824245543 -3.1549043119484756 -1.1930697599651887
7.2222133390912617 -3.8083388153787623 -1.6696940590409375
7.6010753539714884 -4.1466264794521139 -2.023971095231563
7.9537830120839033 -4.7360411653692429 -2.3349300142421066
8.4423685253713732 -5.1082166961299222 -2.5679150206941048
8.8519764667981171 -5.6571582831447014 -2.8117692889934847
9.2566588075559846 -6.1253463111518718 -3.0323427151380438
9.3305449080261429 -6.8390410926472978 -3.3408991629934177
9.0290087743808893 -7.3546196959599399 -3.6321715098157354
8.7090357413101884 -7.9473709117910678 -3.8818398119670667
8.334343271451937 -8.4110225847468492 -4.1750620874859914
8.0625759147828884 -9.0656399500316311 -4.3755336126705044
7.826136545874415 -9.552777720947212 -4.7277542524930221
7.6549680309339072 -10.279000320527066 -4.9400769738376988
7.5940476891363042 -10.595199236694953 -5.5560486309203778
7.3167233984661131 -11.05494350468185 -6.0541008538487313
7.3455737084598711 -10.585158361970356 -6.9944832935686092
6.5429376170540223 -11.32870165876909 -6.9630438130478094
6.2978167984451261 -11.563578366435323 -6.5988783669721869
5.8275377349636477 -12.124720160305408 -6.1087957274099933
5.9151393524480271 -12.191024924681349 -5.452473890809963
5.9098231390002693 -12.220456228322846 -4.7464276594899699
5.7818380119446964 -11.996172435674049 -4.0818136940532783
5.427894078342117 -11.671639189256267 -3.5673214669628899
5.1538702720556842 -11.424090293641861 -2.9955260137981456
5.5786408041406252 -10.800559438343225 -2.4926881808888055
5.4663326749283092 -10.992851607420416 -1.7592149447186041
5.5431262697919177 -11.096186392438767 -1.1248714984614852
5.0761102909476721 -11.771934568844117 -0.49840727661903111
5.575047552529572 -10.589986668148494 -0.28949313130475202
5.7798441428494103 -10.236720433264942 -0.33799698112713755
6.0954130098389649 -9.5026572382404044 -0.18369237157572865
6.5720241203035616 -9.0400156827004601 0.0092855271220329012
6.8130142491260788 -8.558747724768633 0.39257151508816202
7.3125029455552975 -8.5195236745222349 1.082397489788002
6.9916203641090613 -8.2915469115577007 1.7270659581797623
7.0125316409115142 -8.3929681852095985 2.3832007760824934
6.2151420789118532 -8.2118197505061961 3.0427778287236307
7.0178444703362475 -8.8787868914042054 3.3894181635494816
7.1689106548004924 -9.1108247780021756 3.8120184934487806
7.9394550808291857 -9.7126848920390501 4.0908138627852608
7.4826076952069709 -9.5155392935848848 4.8494843469620754
7.2037578446360113 -9.6305342996989101 5.4985044966190948
6.8668911598444096 -9.9954876584272441 5.9273698613738803
7.204415352167941 -10.877885417194296 5.8764512539586189
7.2325713467761243 -11.422911916857256 5.9990308539850927
7.4949883291105817 -12.15766802292897 5.9565544877585186
7.5172102705742265 -12.788479804829823 6.2084341044273987
7.6009143241455961 -13.442183648748339 6.4099067543064496
7.5119179149552835 -14.019644152898147 6.8247178610890327
7.4350218203578908 -14.572595795462782 7.1918678341565396
7.2876230259465204 -15.122370857566581 7.6099038220220461
7.1544358796378678 -15.692034316285438 7.9523700032874958
7.0286874761779421 -16.332828906612551 8.2093405533503212
6.9293215502367103 -16.99150971402624 8.3602353639325688
6.8373512390343665 -17.675082473803016 8.4420850945099666
6.7484073906571407 -18.354653670780717 8.4743411744937855
6.6514012019179196 -19.038266379263995 8.4777984504489119
6.5388157092778165 -19.717470818342811 8.4714644088675826
6.4039550091112893 -20.392563152427186 8.4662962983299295
6.2320300269232796 -21.061405795271682 8.4861573126276078
6.0175994318780592 -21.712095629588212 8.544249628317873
5.7425611650341555 -22.336215975026583 8.6692134507542544
5.4114619503265926 -22.908545715631547 8.8639556566484057
5.0299518730125197 -23.425139661652633 9.1207245039512266
4.6091468613027278 -23.878384147901869 9.4252650884378131
4.1570728752122719 -24.272796674610962 9.7677336410751483
3.6802366762883842 -24.604890444992794 10.137966500118344
3.1847676307537696 -24.885690988605869 10.526867790956823
2.6722457887150615 -25.107984945376284 10.931851492865178
2.1481696097674927 -25.282447450557612 11.341713764566425
1.6131501156175767 -25.411528801578992 11.759116909321591
1.068233301645068 -25.484807894764465 12.173590916021663
0.51913159841368917 -25.527296358718445 12.586277774419571
-0.04052254263919524 -25.509593734495532 12.9937361104356
-0.59844008073158017 -25.461675578234125 13.385328898446353
-1.1673066633686442 -25.363686339790618 13.776868091407019
-1.7280108375252476 -25.215636242900587 14.130154661338457
-2.3004610536095433 -25.044524921750863 14.49718611416062
-2.8552465316390374 -24.793519010143193 14.79379739158137
-3.4257164025819633 -24.547879784919871 15.126393151148198
-3.961219928885142 -24.201114775445397 15.347767526352166
-4.5235308124076337 -23.87124868693196 15.633288296934017
-5.0284226388478697 -23.485657267343043 15.81171759180944
-5.5883312963144078 -23.100081255728576 16.099173706035685
-6.060102910211417 -22.806497979753143 16.367192237436097
-6.6222220714265516 -22.500574002987584 16.849190623001022
-6.8712533048797679 -22.722141898391435 17.470626444642242
-7.049311828119647 -22.882914974385233 18.068333501732663
-7.203206494517655 -22.920180463536209 18.845210432097424
-7.4182435612989384 -22.42152331639921 19.291870237387421
-7.6981947957734826 -22.039018927058859 19.770704114173462
-8.2047829492383624 -21.785922698818315 20.247112826419105
-8.7223100221266545 -21.766178984072923 20.648843441820286
-9.3375764226656432 -21.699633385541603 21.023714238563201
-9.8994971248710772 -21.532362394766789 21.311737543634578
-10.544513953250457 -21.354778878864821 21.629218926653824
-11.094130423437765 -21.365858790003145 21.955568098429335
-11.665615454792313 -21.623128222982452 22.370767235746907
-12.142819731591864 -21.848836037172241 22.726157252223537
-12.586083064473019 -22.290878823864837 23.133431141865309
-13.050890530430117 -22.544516822383606 23.489426070557766
-13.374578497552903 -23.184432057753906 23.891941919937331
-13.621920676694572 -24.106540720735211 24.346809504297653
