#spline3d 5 120 5 120
-0.21893384312465775 0.031487730849962689 0.060960896339818944
-0.10950806219078087 0.015687552497207897 0.030360794060948351
-1.0447895853664407e-005 -1.4416301526294905e-005 -3.0326997143055853e-005
0.10952698025991209 -0.015660994764745417 -0.030306115826839654
0.21906942459789686 -0.031298466251114668 -0.060568477176611735
0.32860151733355836 -0.046949395006662176 -0.090861314562868153
0.43813127051288525 -0.06259932688280577 -0.12116311349956511
0.54766407169069709 -0.078249983797450254 -0.15145352659322192
0.65720437558082689 -0.093894004360680544 -0.18172026877957401
0.76673901906481612 -0.10954140464370306 -0.21200568118707316
0.87626700812376734 -0.12519472027469691 -0.24231205135699879
0.98580530033270364 -0.14083992951268984 -0.27258569008430494
1.0953436889149601 -0.15648380296392167 -0.30285938875949242
1.2048718556134437 -0.17213315844946844 -0.33316604886261048
1.3144060328124332 -0.18779002181824364 -0.36345005059199137
1.4239464353422739 -0.20343948112652546 -0.393717015612781
1.533480902300816 -0.21903376627783527 -0.42401689084249461
1.6430072265499376 -0.23472653310063088 -0.45431134352317315
1.7525287666602081 -0.25060134306596732 -0.48459178626548621
1.8621087185136826 -0.26571591824236029 -0.5148807670153468
1.9716354762126835 -0.28114897281132306 -0.54516874432179929
2.0809967302886228 -0.29937625686725755 -0.57541726593107778
2.1908391749422518 -0.31207558522875234 -0.60578370483951671
2.3015126492584721 -0.31098714137864192 -0.63637035657226049
2.4121630864756853 -0.30924197532676123 -0.6669819474475579
2.5226848156920063 -0.31005270491816334 -0.69752745101570857
2.6332519504416378 -0.31015536952084044 -0.72809266544803408
2.743825008196743 -0.30996008686873178 -0.75868780492476517
2.8543917196233886 -0.30999237518239642 -0.78925423222833035
2.9649594309949192 -0.31002399746017134 -0.81982011041671676
3.075525364331213 -0.31000843347095197 -0.85040274395378601
3.1860986599243701 -0.31000464578537573 -0.88095740197842021
3.2966617511217349 -0.31001225124998222 -0.91154142012487449
3.4072267957646916 -0.31001376937883529 -0.94211808499238225
3.517815625627839 -0.30999200938678523 -0.97264283463235968
3.6283661719422096 -0.31001060103591577 -1.0032644761267868
3.7388623011162263 -0.31008929833549892 -1.0339708592036374
3.8496061354572393 -0.30988498952773902 -1.0641528629757735
3.9602617615908238 -0.30982440066565703 -1.0946235883049675
4.0699527829711606 -0.31078371005092109 -1.1270092022577136
4.1813231210831923 -0.30973245132830879 -1.1555433672621764
4.2947384438497522 -0.30690429992383089 -1.1807944075849179
4.3958462294229212 -0.31772103977726929 -1.2321390562783647
4.485271909913239 -0.33931121344827403 -1.3036488482856825
4.5770542316942144 -0.35804902305566894 -1.369635271262226
4.6701389256376915 -0.37581637899004072 -1.4338421274585302
4.7623677947088385 -0.39442490688692455 -1.4996466676533653
4.8545804302227813 -0.41299564403307354 -1.5653602446613326
4.9469788355029403 -0.43140290346902171 -1.6307659604699096
5.0392983882724867 -0.44985892188237236 -1.6962972435562946
5.1316260803526692 -0.468339807215296 -1.7618336373953154
5.2240896260144831 -0.48681504399015407 -1.827269355050595
5.3162087193139218 -0.50524899319695404 -1.8929599958293324
5.4082299020494933 -0.52369058384413991 -1.958636798061741
5.5020630329919937 -0.54237279897186108 -2.0231653805352514
5.5934985801003396 -0.56070222622699217 -2.0896565248825474
5.6800943844250886 -0.57834803702057058 -2.1584079212365861
5.784826254767947 -0.59861890723616806 -2.2148762209455901
5.8863164653199096 -0.61832506070941839 -2.278473091090842
5.8889357508536255 -0.62275397225291884 -2.4020088225366614
5.8873299802872356 -0.61929773733662408 -2.5169074972763021
6.0079777766879028 -0.61965734660069993 -2.5476630246971963
6.1334856009304621 -0.62027996647667372 -2.5711619691960124
6.2345906266471367 -0.6200022826011744 -2.6114982607970698
6.3426968425181389 -0.61994554700744842 -2.6476549326938739
6.4541039167895367 -0.62002820902742606 -2.6813690973740725
6.5627794895934288 -0.6200142470276947 -2.716890731835031
6.6716451092968772 -0.62000135761256492 -2.7523266843235881
6.7810155935080623 -0.62000230969574988 -2.7874200573918402
6.8902046910170904 -0.62001264266182388 -2.8226184632703752
6.9993353894427699 -0.62002541711426085 -2.8578820134307739
7.108517408799564 -0.6199598714186324 -2.8930944229368638
7.2177008886962364 -0.61999088364793453 -2.9283035660392733
7.3268940115249688 -0.62022932844593737 -2.9635259256472093
7.4360510955706509 -0.61980055564455439 -2.9987408083612666
7.5451617353516376 -0.6192725542552987 -3.0339496737134519
7.6545294523355594 -0.62219393127044942 -3.0692113040470477
7.7636945221262605 -0.61945512765585398 -3.1044328076360173
7.8715890461591584 -0.60099167362495953 -3.1392497711277709
7.9792173253643286 -0.58103667013643834 -3.1739594203865078
8.0870976839054478 -0.5638015552092287 -3.2087596332430293
8.1949574472392186 -0.54601629919364936 -3.243537471964038
8.3027641831919787 -0.52783161131337697 -3.2783241118034741
8.4105886779549053 -0.50987957018138896 -3.3131173860966365
8.5184273734832097 -0.49194969312157882 -3.3478883431603181
8.6262532895338762 -0.47396881993116652 -3.3826744411679477
8.7340750454364073 -0.45598510342589427 -3.4174701665902054
8.841907699664425 -0.43797919877955166 -3.4522534461871111
8.9497445215390083 -0.42009777580525731 -3.4870232884947754
9.0575630390094819 -0.40219355518894023 -3.5217826475593959
9.1653701177239491 -0.38369317644375367 -3.5566645720888594
9.2732776881326533 -0.36617010684262391 -3.5913977268754529
9.3811051088073274 -0.35008510769366197 -3.6258074835979777
9.4885166497585391 -0.3269968402784037 -3.6614541154364439
9.5970675911550885 -0.30803021296140037 -3.6966520525361837
9.7065921248064591 -0.32868783152040176 -3.7244585248597115
9.8147963479107609 -0.36309480598718263 -3.7492040982917079
9.9229797788558898 -0.38877921768005907 -3.7756447247037812
10.0314017706629 -0.41479938545593675 -3.8020874227243504
10.139763374594812 -0.44250811655522998 -3.8281746264968142
10.248092262320018 -0.46965751313044318 -3.8543649942973333
10.35644195589447 -0.49657295611835012 -3.8806183509481498
10.464792880268748 -0.52369952517855545 -3.9068221260719471
10.57314017568263 -0.55080812473682739 -3.9330225849090228
10.68148783191236 -0.57787836482331911 -3.9592369823894615
10.78983699597844 -0.60495664556150319 -3.9854512417808894
10.898182290847899 -0.63205074027864272 -4.0116659521717555
11.006520288495468 -0.65915903372471729 -4.0378929981553231
11.114867831062565 -0.68624338217335168 -4.0641060701401956
11.223216212955835 -0.71332308325368365 -4.0903209302067953
11.33156418958176 -0.74040973751361272 -4.1165299902557972
11.439913349895606 -0.76749566516090173 -4.1427349043479609
11.548260564470409 -0.79458010598018469 -4.1689494584078535
11.656607010835144 -0.8216643999626706 -4.195167319726286
11.764955721515697 -0.84874965795080026 -4.2213748205517962
11.87330446625891 -0.87583456617944377 -4.2475825478121401
11.981653444574869 -0.90291936553263352 -4.2737894220826069
12.090000735049893 -0.93000416590168 -4.3000032697035842
12.198342131422034 -0.95708857273583958 -4.3262418831777776
12.306673744427627 -0.98417227586844547 -4.3525216575076158
