#spline3d 5 120 5 120
-0.45877794411933681 -0.14086971178980184 0.013987460430761444
-0.22937217619898573 -0.070563891386632854 0.006078933015236771
2.6339462501424842e-006 -2.5126909204040109e-005 -0.00020357791038677159
0.22936663863850484 0.070614032933223256 -0.0056839344656770159
0.45875336063121053 0.14116129345392472 -0.011386099132005794
0.68813877564804127 0.21171010706364857 -0.017121303013356039
0.91749597870278021 0.28235411584580483 -0.022814063724707134
1.1468953883042428 0.35286599436443034 -0.028443538042661313
1.3762666783970348 0.42345991367344898 -0.034189597254247771
1.6056310942033847 0.49407937751739911 -0.039894829007110395
1.8350266007757368 0.56460443419559569 -0.045517725998544908
2.0643997118188873 0.6351942998536444 -0.051252256695027629
2.2937650375931447 0.70580427873242579 -0.056982110220909647
2.5231576301267111 0.77635891490469089 -0.062566718356307727
2.7525342381004414 0.84687443558802455 -0.068403252761441602
2.9818887722305409 0.91770260572938256 -0.073802728202388521
3.2113268318874701 0.98762387528281415 -0.080356001870522276
3.4405640215660198 1.0597695854598572 -0.083639207554133274
3.670298216147525 1.1268344680298572 -0.095029506884623763
3.8988190203299804 1.2041951639836763 -0.089627931154386387
4.1298239659341753 1.2661684594416001 -0.1096056245579853
4.3615301712195809 1.3033826697531707 -0.16881572173171966
4.5925100488059112 1.3536841587573403 -0.20711758078186712
4.8239466307649801 1.3983687854368059 -0.25423260457438518
5.0551367157922611 1.4451649150260928 -0.2982454609503451
5.2864067989147649 1.4912354112497463 -0.34334315904671464
5.5177123884075545 1.5376054867884525 -0.38785031069975107
5.7489161203103372 1.5836561852932978 -0.43285670129297138
5.9803232601302225 1.6303702345121898 -0.47710565845378022
6.2113023318101783 1.6755971350256287 -0.52313169970960915
6.4429698454359485 1.7238147179419232 -0.56551164692427203
6.6741962570632527 1.7674663226833325 -0.61346256515259312
6.9031724370674263 1.8132698987819393 -0.65787692480977678
7.1455408714509501 1.8788755037755853 -0.68359107513432216
7.3371481659155773 1.821986168468267 -0.83797695178128984
7.536692857448636 1.7913100013474654 -0.9635487581108666
7.737976666819196 1.759933367255559 -1.0907339979749702
7.9366764000178787 1.7247801701077203 -1.2213638487534781
8.1369606961194751 1.6925320105521473 -1.349304826229857
8.3366359059557986 1.658830616283854 -1.4784078627786488
8.5359783557007205 1.6254195022817388 -1.6079640486328741
8.7373295395651063 1.5930328506410103 -1.7343126545496914
8.9326820804616816 1.557122456584493 -1.8701669436434527
9.1429285648512497 1.5299122135715297 -1.9829232963509751
9.3564133002929388 1.5049030357811577 -2.0901720342806245
9.5663658839614154 1.4775833966996905 -2.2031489694050022
9.7783613328968642 1.4516273768043744 -2.3128648241355343
9.9894005205059866 1.4249905414482433 -2.4240943056293967
10.200884296184416 1.3987194246252255 -2.5345983900137097
10.412033855399418 1.3721218474864352 -2.6457196635095173
10.62367320833088 1.3460538414905803 -2.7558570778179856
10.834464731060677 1.3190027918562592 -2.8677124177063309
11.046358359154654 1.2932736230655417 -2.9773853648443023
11.258141676911988 1.2677070834833555 -3.0869940435646948
11.46414431146796 1.2330654430707335 -3.2094125163286189
11.698137870346406 1.2411163103892815 -3.2717289858888523
11.925855869204655 1.2403050223842984 -3.3467131144273909
12.154023071254297 1.2395276367887449 -3.4211957279068259
12.382803799890516 1.2404029711998463 -3.4942024485565191
12.611021055120185 1.2397723529191074 -3.5682791707013104
12.840026570310251 1.2393666773935947 -3.6413776529847968
13.066502507110215 1.2440025301252478 -3.7178063759292086
13.301455915858806 1.2255734011256736 -3.7811329273956802
13.511757954013149 1.2830938181571243 -3.8873448042617964
13.720817183053896 1.3405177704780591 -3.9890710558920577
13.932000088988064 1.3887926117903513 -4.0933756767381153
14.145048708035098 1.4445637625834116 -4.1919477333800117
14.349929622703387 1.4947396580563672 -4.2875113417995685
14.570038496205667 1.5498748235222304 -4.4471254022495801
14.786752514922025 1.6048640396549634 -4.2905000125144621
14.992983885543902 1.6541505075716763 -4.1917725559077299
15.20563163412565 1.7120413929930245 -4.0949496207857088
15.416831786095447 1.7570714502232969 -3.990284810192315
15.626093866341343 1.8164636117186359 -3.8888543285495767
15.835972931149117 1.8843016748058197 -3.7780946735334529
16.071207875008533 1.7986486151345495 -3.7373252215104862
16.29710939810175 1.7647123158247309 -3.6732033462365519
16.525927566968573 1.7166571999997982 -3.615368897745205
16.754013076820705 1.6709894066471822 -3.5564679555338548
16.982201670074247 1.6257110191576296 -3.4973942282966783
17.210446507245095 1.5798307652079293 -3.4387067806343659
17.438646040783592 1.5342741744473638 -3.3797250684688827
17.66678755546809 1.488785407690302 -3.3208207505036293
17.89520120796875 1.4423921500877728 -3.2621574597592304
18.122831141389529 1.399316277366246 -3.2024421630824103
18.352416249974777 1.3460904655685475 -3.1459386289774023
18.577611212852368 1.3198720289841301 -3.0808019404489757
18.811200276255683 1.2316316647886261 -3.0360407454640015
19.033782305712471 1.2577959213979 -2.952139075981826
19.234962613434849 1.3610338437308105 -2.8468107286368087
19.447306925424201 1.4134563469178445 -2.7565634686043623
19.654976581635147 1.4905488092238668 -2.6587451842323606
19.864343647993607 1.5573345764917303 -2.5641849878622462
20.073174762114011 1.6279816934886069 -2.4683607120665365
20.282157576842824 1.6973221126009328 -2.3730130547243253
20.491078741400603 1.7670557000908043 -2.277440306237124
20.700050488908193 1.8366926335524794 -2.1820229005665217
20.908987820232156 1.9063262344623402 -2.0864974871133564
21.117940614608919 1.9759909744565565 -1.9910346348726904
21.326875163080182 2.0456414873124094 -1.895521089399729
21.535840731151008 2.1152802778609621 -1.8000687250728329
21.744779916439569 2.1849471774789455 -1.7045670103626023
21.953738785748296 2.2544882695459973 -1.6090620102489117
22.16260734402956 2.3247046742738466 -1.513710763996865
22.371804524414614 2.3922463294120884 -1.417518444557522
22.580028819861326 2.468180453864445 -1.324357638267184
22.79087891205431 2.5218778063484617 -1.2227212552678699
23.001940565739226 2.5716964569182106 -1.119610307466419
23.212575295250073 2.6263648902761281 -1.0183554391611374
23.423486124377934 2.6780521189571131 -0.91594428508622705
23.634277597370005 2.7312024275091682 -0.81414384925822891
23.845106883959104 2.7837356305964351 -0.71205694861699709
24.055921758822812 2.8365010442391294 -0.61007856957788542
24.266726646427539 2.8891813801271393 -0.50802888853512485
24.477567300804676 2.9418949138883934 -0.40607246430922472
24.688336458341901 2.994604992047007 -0.30396606294416384
24.899231018368408 3.0472910036795122 -0.20210627837243739
25.109958720752267 3.1000050900221945 -0.099916443541435612
25.320837685861449 3.1526996704124013 0.0019711447968592255
25.532131011838601 3.2053469980047282 0.10302757424159559
