#spline3d 5 120 5 120
0.24690612609057661 -0.0025165828027825673 0.23755295523603578
0.12322841756292865 -0.0002206568685131304 0.11934546023176547
-5.9325471806348607e-005 0.00024283385971359458 0.00013990721614312213
-0.12307688133351449 -0.00030435412786236702 -0.11967209909598844
-0.24695637919328287 0.00053157965479525525 -0.23817102115716965
-0.36910998866757255 -0.0011710093506841065 -0.35918231845392162
-0.49528410046279014 0.0029632589493318721 -0.47446699273680853
-0.61087224414973784 -0.0082266354920954316 -0.60456620894497848
-0.7571475548033384 0.024883229460342281 -0.69255777030840537
-0.89433462006883502 0.045112810745968845 -0.79286040427595694
-1.0344339076465738 0.069273324804582939 -0.88929354960439011
-1.1734819221332065 0.092203616688994322 -0.98708628006394772
-1.3130080748209731 0.11551638036599723 -1.0842761895096766
-1.4522667613348983 0.13872442130768833 -1.1817963502038316
-1.5916742356254814 0.16193858569803082 -1.2791428578732738
-1.731020212807965 0.18519639693735754 -1.3765398827938575
-1.8703208992630329 0.20836921743323553 -1.4740473752483196
-2.0098809278716221 0.23166951001268879 -1.571120083160831
-2.1487826081362544 0.25478256247192438 -1.6692326284642414
-2.2890308291099397 0.27818947944082384 -1.7652564363542598
-2.4267235637230096 0.30113224300182778 -1.8652083059865554
-2.5687635189201852 0.32479310279440549 -1.9585138295982067
-2.7125172778906959 0.34877762951015751 -2.0491739032601042
-2.8546774733439864 0.37242630646366537 -2.1423048383022096
-2.9978473182668091 0.39636638534409185 -2.2338400531381999
-3.1404772346636185 0.42000031022008377 -2.326287032224021
-3.2833040299019771 0.44403825202011615 -2.4182863444947675
-3.4262217254121468 0.46744532439868985 -2.5104023392381434
-3.5687262540457816 0.49193525056820081 -2.602694323887389
-3.7121124803748007 0.51450385655623432 -2.6944563251893094
-3.8538410281766651 0.54051426144416437 -2.7872824066164736
-3.9985801616258883 0.56034079873744558 -2.8781489652134611
-4.1379156738601441 0.5912731214715885 -2.9725330252076971
-4.286776543569963 0.60256450149840446 -3.0607279872070534
-4.4205594897876175 0.64504021755130037 -3.1587301762275048
-4.5474535966697074 0.7014921832594192 -3.2610843366214612
-4.6804353178282296 0.74541699550099172 -3.3595777482338214
-4.8095589297314252 0.79739614604787157 -3.4604897053715238
-4.9408698670836699 0.84463682118674155 -3.5600911187191038
-5.0710521601867846 0.89456011250892253 -3.6602767468781945
-5.2018724486698735 0.94297079340121315 -3.7601637934950505
-5.3322492021990895 0.99220886019402643 -3.8602819464116691
-5.4628279365528885 1.0410572433266951 -3.9604005869324816
-5.5934986444566857 1.0900185836986909 -4.0601138153397827
-5.7238252332229376 1.1391347089746315 -4.1606668995742888
-5.8546959155576905 1.1877146905039506 -4.2599067292652073
-5.9848236830506565 1.2373415510592607 -4.3611733499598664
-6.116213324966445 1.2851315487756387 -4.4588654132171301
-6.2451444580711701 1.3361909795799065 -4.5632391907970922
-6.3786368529592457 1.3813358820593107 -4.6554588009128395
-6.5037331365700606 1.4372911734382914 -4.7696527986765114
-6.6447731924160527 1.4734788498951346 -4.8436976400298102
-6.7551700486565389 1.5451784541098843 -4.9903005100925064
-6.9222058114737681 1.5586560397312537 -5.0171966403365742
-7.1039256386703453 1.5426058514371248 -4.9865993188934814
-7.2639412171614017 1.5594091959510623 -5.0129909687229661
-7.4545097396201125 1.5271992010845143 -4.9754018017159254
-7.5808837150196196 1.6306676689813306 -5.0799123034396398
-7.7269987038918995 1.6900968660409474 -5.1336885041571971
-7.8647045564989684 1.7629512866500496 -5.2086476205962278
-8.0091293320248784 1.8358034600104953 -5.2726018453294534
-8.1444969899064699 1.899181426189503 -5.3446221381478134
-8.2941833534252414 1.9826418526211824 -5.4077466829901031
-8.4221682766250403 2.0329290861170946 -5.4829969449087468
-8.5759523389466352 2.1256787173232623 -5.5429333873895636
-8.7317752127147461 2.2099060125721577 -5.6102761956191847
-8.656239504939224 1.9834178517559213 -5.7597586451860234
-8.6895642176544428 1.9033669458130071 -5.8636655697461393
-8.678074713485465 1.769760878898714 -5.9904318654851574
-8.680361099326392 1.6440157565590336 -6.1059756794690125
-8.6620747158892542 1.4833301079958185 -6.2318508144956226
-8.8239005822813841 1.7182335727262994 -6.3147944822333031
-8.8928314157534416 1.7504543636909848 -6.4185482548372583
-9.0090707911875736 1.8853604784814497 -6.5121140083248017
-9.1007431495910271 1.9687471996180388 -6.6100453242200778
-9.2055332155542775 2.0718693500203704 -6.7093904740649171
-9.302332051593396 2.1920669013276952 -6.7933316685893459
-9.4087867657240167 2.1988073970333137 -6.943764332523533
-9.5099538704309783 2.2428256408762319 -7.0697814293772376
-9.6139203169413836 2.2734905706147823 -7.2056581088111145
-9.7163977102037062 2.3093253649994874 -7.337041638407948
-9.8195630809084165 2.3430118880106829 -7.4710046746847292
-9.9228743713444718 2.3775662019849562 -7.6025283756771662
-10.02429809112688 2.4119758619210478 -7.7383862774486163
-10.133071666071734 2.4458114243698748 -7.8628691226215812
-10.215755433329008 2.4816878113223977 -8.0221612167942524
-10.393549330311838 2.5111598289421173 -8.0641697402476726
-10.538575280201796 2.542334814265836 -8.142935321198463
-10.695968641640114 2.5728621695160951 -8.2090451708165553
-10.848263635082981 2.6039715613462771 -8.2799175602891513
-11.00287623823306 2.6341468274165489 -8.3487000105710436
-11.156409035330544 2.6660288016250879 -8.4185348595259608
-11.310256670827824 2.6945727089125153 -8.48796208472824
-11.464448593880824 2.7302873699725372 -8.5572314379359078
-11.617525806560607 2.7489098186158976 -8.6273047559410507
-11.773059141945211 2.8122766126038359 -8.6951147135837807
-11.923228696755825 2.7490073692045116 -8.7698689535067462
-12.074090014995397 2.7170794253559043 -8.8418455377972798
-12.22419335211165 2.6800802450741896 -8.9158403924735836
-12.376317808156532 2.6383123103568171 -8.9869856581575238
-12.524249241798923 2.6087458095922464 -9.0629391005540256
-12.680144544174144 2.5559985453172986 -9.1303461969093451
-12.821000092978887 2.5466765785866565 -9.2138548512958369
-12.990394149595017 2.4547494584710261 -9.2659639583279301
-13.108277269278032 2.5163325958065395 -9.3780628469334744
-13.216049272235693 2.5849257641117886 -9.4984142922051156
-13.341027725964608 2.6374438149606361 -9.6014366362842996
-13.447004521841928 2.6927621875503642 -9.7247605130920203
-13.575153992481264 2.7615325371113237 -9.8228526094515463
-13.682200060236553 2.8089949594904282 -9.9488576639132482
-13.735513260583755 2.7793165072155999 -10.122713084249273
-13.820754760167286 2.7958804281591565 -10.266828221054547
-13.888451812053388 2.7867338731207609 -10.427678730638883
-13.965671241631453 2.7918050054010273 -10.579275103849065
-14.037651137677743 2.7889549743820159 -10.736020397379683
-14.112651207876636 2.7906184144338977 -10.889808144372772
-14.185720599275147 2.7895447056820593 -11.045438958226326
-14.260274700859789 2.790408530581753 -11.19970804340328
-14.333682121086369 2.7895273824928113 -11.355113116109202
-14.404918435428499 2.785461139298377 -11.512628946797463
