#spline3d 5 121 5 121
-0.23667813717509056 -0.039482717236533696 0.076371466609740951
-0.11834154826692334 -0.019736460525554698 0.038180930817925493
-6.5070531011910878e-007 1.5992149160886907e-006 -1.1002867208500435e-006
0.11834290942888209 0.019732209506702663 -0.038179175074994014
0.23668762369481589 0.039455093652229101 -0.076358010092922451
0.35503113744256104 0.059178201563609124 -0.11454010796091406
0.47337700418356865 0.078901254786738539 -0.15271350411875639
0.59172417237344099 0.098632531368095216 -0.19088230903731837
0.71006937127644876 0.11835624208670968 -0.22906332746910102
0.82840215760094338 0.13807233166906235 -0.26726113011749347
0.94676028392449041 0.15780657570306195 -0.30541200596013968
1.0651307374359003 0.17754749199738448 -0.34355835284527103
1.1833798943938449 0.1972154986314239 -0.3818954596433044
1.3017396035829745 0.21695714354091214 -0.41998546326749941
1.4205458549894032 0.2369319614814088 -0.45746075680584286
1.538145035383067 0.25619438831773284 -0.49715172557555698
1.65509987105366 0.27530253385617703 -0.53672013446242761
1.7806414897059855 0.29891069828522698 -0.56334887109643028
1.8902061258006722 0.31299788276025226 -0.62028524231154236
1.9675679617069626 0.31067091169258032 -0.72381936318227269
2.0455087897926738 0.30910326325624116 -0.82406510731060256
2.1288641773589188 0.31018454526963485 -0.9170902398107611
2.2100982848535144 0.31014260988446607 -1.0135454495234146
2.2909892861936205 0.30991005824379264 -1.110217342445238
2.3725889048757884 0.30993630285204826 -1.205882774014652
2.4533950483910263 0.31015816118632461 -1.302698347398259
2.5347628261459882 0.31011158083193024 -1.3988415102568208
2.6183548097817595 0.30905916387916404 -1.4916424293205235
2.6947479936316912 0.31123445220852264 -1.5944077750897645
2.7747301438800398 0.31198894143170142 -1.6933232608946214
2.8878422362904335 0.29754037374277392 -1.7447375821409867
3.0114271234227208 0.27774737881604961 -1.7780991804483219
3.126535959650341 0.26187877902017653 -1.8238163117161661
3.2431845946008746 0.24538692765082198 -1.867816078301513
3.3607552766926676 0.22843126565113292 -1.9102609367861849
3.477782434207247 0.21172855633184326 -1.9534821809647074
3.5947902605061546 0.19504111318203701 -1.9967730147527236
3.7119112649295456 0.17829827653253311 -2.0398882383894832
3.8290114673976601 0.16156627910156707 -2.0830190470130203
3.9460923466261399 0.14483759748226088 -2.1261777755557594
4.0631630516317374 0.12811755771919164 -2.1693948476225136
4.1802462776193288 0.11141106863360785 -2.212587528622465
4.2972930125892495 0.094623099325660584 -2.2557888428636597
4.4144025753535985 0.077920910212185931 -2.29891026480376
4.5317745448423281 0.061514714236545372 -2.3416447452665574
4.6482082257572008 0.044026634279525648 -2.3857998019042803
4.7652332109466222 0.027257286689698703 -2.4290137018438176
4.8852285715230863 0.013856375145506656 -2.4677939895266912
4.9976629592633728 -0.0083485513063269734 -2.518147771008894
5.0967948347674428 -0.045523449073315951 -2.5881624378419148
5.1979978188917455 -0.080151334839421787 -2.6547911817087773
5.3006416722619498 -0.11328432440685911 -2.7193735796486358
5.4023651630924228 -0.14739815091491679 -2.7853459512587055
5.5041482390092282 -0.18146471809309142 -2.8512068420458592
5.606094980557959 -0.21536422219205514 -2.9168248147903371
5.7079609615768039 -0.24930007083010841 -2.9825801244979417
5.809842511278168 -0.28328601415197552 -3.0482964174543055
5.9116937254670789 -0.31726258247053535 -3.1140392210143446
6.013561646827589 -0.35119607132742792 -3.1797895304050838
6.1155497202199864 -0.38512497512532851 -3.2454273136390581
6.2172358680869699 -0.41918142113532519 -3.311294579163826
6.3190075055905224 -0.45316753964528861 -3.3769922492049349
6.4220308128615731 -0.48659548419775933 -3.442099248226429
6.5223889239949306 -0.52138722318842956 -3.5089391761014102
6.6218657064690571 -0.55620157953033311 -3.5756050794899474
6.7339598362229731 -0.58519562966651806 -3.6350219402261978
6.8303854490368607 -0.62358181252981915 -3.7069343749560417
6.8610271153391764 -0.68997725634787854 -3.813607931880179
6.8843504960682296 -0.75716778552379949 -3.9206560230265053
6.9201468512368081 -0.81970690589811068 -4.0222295737600451
6.9528571983886414 -0.88372271469751629 -4.1254053729042059
6.9836108664028611 -0.9483301704099999 -4.2295725876983195
7.0150827425286462 -1.0128823681636365 -4.3338666788877305
7.050937700751958 -1.0756435895498007 -4.4343724885494291
7.0811160379310527 -1.1396505367081349 -4.5379436961748034
7.0974138021553417 -1.2107978754177811 -4.6562099504695267
7.173941806947095 -1.2617923220599438 -4.7290726796351539
7.3107402623401594 -1.2842806081973617 -4.7422381382331595
7.4296832960185535 -1.3133149456382678 -4.769792661873649
7.5455667517241514 -1.3446739729283876 -4.8016149571462856
7.6652419040680488 -1.3737864589749382 -4.8298864712619434
7.7844075749302188 -1.4032696269266176 -4.8582299487520073
7.9039330125114819 -1.4343226007504817 -4.8861891810979134
8.0220188724477914 -1.4625418663331611 -4.9165519064278156
8.1379308453182553 -1.4887628919029292 -4.9481673091934733
8.2662557358266469 -1.5323610137710257 -4.9636241959465446
8.3829812786560769 -1.5528977677492615 -5.0037518828045222
8.4358044699981196 -1.4949646176800946 -5.1128895630891487
8.4785737583072898 -1.432387018645997 -5.2215554299793929
8.5361329432425848 -1.3865948153737899 -5.3189002726352879
8.5895982682618932 -1.3359791567347881 -5.4196485859495027
8.633079269591267 -1.2679650214464888 -5.5259205854590201
8.6996050831177705 -1.2359997793523332 -5.6244316037371238
8.7991979539732803 -1.2666341239752714 -5.7036695044378183
8.8967554928961547 -1.2975055116630749 -5.7806959271274261
8.9886241253631542 -1.3164337094683103 -5.8620047291878432
9.0834057305804787 -1.340508825840274 -5.9419226663730758
9.1780926027716507 -1.3647653374823574 -6.0215977215646044
9.2723169641371683 -1.3880590269945383 -6.1015990449265214
9.3666894440242352 -1.4116221541101219 -6.1815375790122209
9.4610937672446145 -1.4353067418127201 -6.2614453498934708
9.555506401050998 -1.4588815513555415 -6.341325320116594
9.6498776602200351 -1.4824471950564209 -6.421262014455726
9.7442142102948388 -1.50606442496936 -6.501234920920087
9.8386031439013486 -1.5296663902700478 -6.581145020013814
9.9330418513201089 -1.5532522085558846 -6.6610011956635837
10.02741169599854 -1.576847831741971 -6.7409367359912036
10.121725090192118 -1.6004433909664004 -6.8209385998929175
10.216128306655067 -1.624044998770676 -6.9008325862089404
10.310563204949496 -1.6476450225496702 -6.9806897248784505
10.40495332473712 -1.671226450029295 -7.0606051969338912
10.499268575571158 -1.6948205150110449 -7.1406052894246343
10.593646785226417 -1.7184334711140452 -7.2205255077888983
10.688079671553437 -1.7420178571413214 -7.3003896231022036
10.782495251146898 -1.7656104822261638 -7.3802717326154363
10.876814164379757 -1.7892232490746423 -7.4602619862591713
10.971171439716406 -1.8128087376232438 -7.5402150114511732
11.065599045987282 -1.8363937669162831 -7.6200851697503698
11.160014859395192 -1.859992129032253 -7.6999653116547604
11.254367652537875 -1.8836209889515345 -7.7799108255806892
11.348601718976866 -1.907297152354726 -7.8599824924325787
