#fname degree numKnot L1 L2 L3 L4 MSE traceH AIC AIC0 GCV GCV2 cv_avr cv_stdev cv_error ts_avr ts_stdev ts_error sigma0 sigma_opt
BH_0022_MCA_L_d5_cp120_lmd1d0.000_lmd2d0.000_lmd3d0.000_lmd4d0.000 5 120 0 0 0 0 0.000114840052610063 120 -647.557225887853 3697.42286121155 0.0321490353430793 0.0137781580041765 0.892045377092027 1.78858157411445 1.79051797712033 1.04165409944966 8.47897966171121 8.52518950096422 1 0.0001454386346618 
BH_0022_MCA_L_d5_cp121_lmd1d0.000_lmd2d0.000_lmd3d0.000_lmd4d0.000 5 121 0 0 0 0 0.000120342462753944 121 -601.883746058024 3703.42583251302 0.0334680139168429 0.014138039291841 0.879896035793284 1.81781521202941 1.82031678519482 -0.0770461235375823 8.64878478444022 8.65190309920146 1 0.000169498496040398 
BH_0022_MCA_L_d5_cp120_lmd1d0.000_lmd2d0.000_lmd3d0.000_lmd4d0.000 5 120 0 0 0 0.0001 0.000117065988171656 115.002319979936 -669.278616188672 3667.43798309637 0.029963325853027 0.0137474632758465 0.827526639649982 1.69817111226802 1.70458814844641 0.873488433757297 8.01884627249134 8.0509502940385 1 0.0001454386346618 
BH_0022_MCA_L_d5_cp121_lmd1d0.000_lmd2d0.000_lmd3d0.000_lmd4d0.000 5 121 0 0 0 0.0001 0.000122267993719373 115.960022041102 -625.989124446479 3673.18700454636 0.0310797648541359 0.0140813194015835 0.825521633436557 1.73226701218484 1.73872976787942 -0.298422944039295 8.8128085241694 8.82447668779505 1 0.000169498496040398 
BH_0022_MCA_L_d5_cp120_lmd1d0.000_lmd2d0.000_lmd3d0.000_lmd4d0.000 5 120 0 0 0 0.0002 0.000119743832768118 112.567349690869 -673.94585227208 3652.82960739805 0.0292098181669518 0.0138246022101079 0.802748584434048 1.67391584098736 1.68278539119865 0.762288169479379 7.95856134905614 7.98168069706908 1 0.0001454386346618 
BH_0022_MCA_L_d5_cp121_lmd1d0.000_lmd2d0.000_lmd3d0.000_lmd4d0.000 5 121 0 0 0 0.0002 0.000124511549340536 113.494666167986 -633.633585435964 3658.3960808277 0.0302009668007881 0.0141277861246656 0.805205177154733 1.70491848994504 1.71338196776057 -0.0433103278447722 7.88352227426667 7.88602174542373 1 0.000169498496040398 
BH_0022_MCA_L_d5_cp120_lmd1d0.000_lmd2d0.000_lmd3d0.000_lmd4d0.001 5 120 0 0 0 0.0005 0.000129733844504195 107.413568349594 -667.776564380695 3621.91231395673 0.0282451380765096 0.0142182946651255 0.760917451731661 1.62105319076087 1.63516708167095 0.549482556433034 8.7810387913239 8.78988525390235 1 0.0001454386346618 
BH_0022_MCA_L_d5_cp121_lmd1d0.000_lmd2d0.000_lmd3d0.000_lmd4d0.001 5 121 0 0 0 0.0005 0.00013310419643215 108.281733079109 -637.536136179031 3627.12312232387 0.0289560016560113 0.014430760161288 0.768710548643847 1.64654085686074 1.65944994679636 0.294201820046486 6.84324574656621 6.84465685287412 1 0.000169498496040398 
BH_0022_MCA_L_d5_cp120_lmd1d0.000_lmd2d0.000_lmd3d0.000_lmd4d0.001 5 120 0 0 0 0.001 0.0001454386346618 102.132171939707 -641.154530996369 3590.2324160841 0.0278775329811465 0.0148727273789717 0.732405511051855 1.56322670051051 1.58198396095908 0.585549609881714 7.60769156564485 7.61985248324516 1 0.0001454386346618 
BH_0022_MCA_L_d5_cp121_lmd1d0.000_lmd2d0.000_lmd3d0.000_lmd4d0.001 5 121 0 0 0 0.001 0.000147070478464073 102.94566729108 -625.057786272769 3595.11426938799 0.0283294533223381 0.0149837694656726 0.739556556444914 1.58527727057672 1.60270922604714 0.107646437360787 6.75926472490159 6.75943216252367 1 0.000169498496040398 
BH_0022_MCA_L_d5_cp120_lmd1d0.000_lmd2d0.000_lmd3d0.000_lmd4d0.002 5 120 0 0 0 0.002 0.000169879124485798 96.0902815335158 -586.660628639045 3553.99427151146 0.0279595545640571 0.0158551046822519 0.712323798653566 1.48991966124189 1.51294900791492 -0.099227936385232 6.75452766065899 6.75931869692191 1 0.0001454386346618 
BH_0022_MCA_L_d5_cp121_lmd1d0.000_lmd2d0.000_lmd3d0.000_lmd4d0.002 5 121 0 0 0 0.002 0.000169498496040398 96.8459882219233 -590.203135299937 3558.52830610254 0.0281820267614263 0.015864339640165 0.71714143767576 1.50895767728737 1.53088104692934 0.0219054269624752 5.9645663502286 5.96605609655096 1 0.000169498496040398 
BH_0022_MCA_L_d5_cp120_lmd1d0.000_lmd2d0.000_lmd3d0.000_lmd4d0.005 5 120 0 0 0 0.005 0.000216763031957734 87.6819704570041 -463.034947058778 3503.56972236242 0.0287063904356477 0.017576907577541 0.695979296717303 1.37007170958752 1.39825391755646 -0.428311516085812 4.54162856502665 4.57896305579389 1 0.0001454386346618 
BH_0022_MCA_L_d5_cp121_lmd1d0.000_lmd2d0.000_lmd3d0.000_lmd4d0.005 5 121 0 0 0 0.005 0.000213813311634416 88.361802422344 -499.927053922867 3507.64712130549 0.028721911299169 0.0174831814263577 0.698748805265366 1.38578076945846 1.41310523409645 -0.273624401241495 6.15782119501894 6.17273618793402 1 0.000169498496040398 
BH_0022_MCA_L_d5_cp120_lmd1d0.000_lmd2d0.000_lmd3d0.000_lmd4d0.010 5 120 0 0 0 0.01 0.000265649263561246 81.3846254505092 -319.309027490907 3465.81205088852 0.0297496721952163 0.019191081867705 0.684431656558605 1.26513457127243 1.29813991751733 -0.622572675798423 4.58002995715136 4.64560444627401 1 0.0001454386346618 
BH_0022_MCA_L_d5_cp121_lmd1d0.000_lmd2d0.000_lmd3d0.000_lmd4d0.010 5 121 0 0 0 0.01 0.000260782263665615 82.0094485206618 -388.404250225344 3469.55836112949 0.0296638371783639 0.0190404087248882 0.686791209831714 1.2790011414252 1.31113638951975 -0.384414241501105 4.72686450116877 4.75756833567108 1 0.000169498496040398 
BH_0022_MCA_L_d5_cp120_lmd1d0.000_lmd2d0.000_lmd3d0.000_lmd4d0.020 5 120 0 0 0 0.02 0.000331677519408218 75.3206486019917 -110.536171865873 3429.46384505557 0.0313162319002631 0.0211640317157629 0.668806375060646 1.15377282732587 1.19378696033405 -0.574030131315966 4.23382164062683 4.29616758918774 1 0.0001454386346618 
BH_0022_MCA_L_d5_cp121_lmd1d0.000_lmd2d0.000_lmd3d0.000_lmd4d0.020 5 121 0 0 0 0.02 0.00032456824090644 75.8937243925183 -221.884829003999 3432.89846078834 0.0311493225644023 0.020961836525253 0.671258241949807 1.16619861070307 1.20517958822881 -0.531588797465369 4.67581853490424 4.72599085362472 1 0.000169498496040398 
BH_0022_MCA_L_d5_cp120_lmd1d0.000_lmd2d0.000_lmd3d0.000_lmd4d0.050 5 120 0 0 0 0.05 0.000458819224548723 67.79298495495 316.363064242441 3384.3665196941 0.0343615937585143 0.0244952642272735 0.64076188283588 1.00710134408266 1.06120961306245 -0.0949310573477506 4.20361243822911 4.21104911290986 1 0.0001454386346618 
BH_0022_MCA_L_d5_cp121_lmd1d0.000_lmd2d0.000_lmd3d0.000_lmd4d0.050 5 121 0 0 0 0.05 0.000447791880878899 68.3036405876831 125.149039855036 3387.42449872491 0.0341013517521317 0.0242253099843567 0.643096858130753 1.01817553319245 1.07099829073122 -0.119323582470312 4.84617157173086 4.85394218974488 1 0.000169498496040398 
BH_0022_MCA_L_d5_cp120_lmd1d0.000_lmd2d0.000_lmd3d0.000_lmd4d0.100 5 120 0 0 0 0.1 0.00059496369184267 62.5133478802964 790.176870684526 3352.76221525851 0.0373705258006445 0.0275853028233137 0.621439692199367 0.89914417041889 0.966268159266671 0.0205545262000773 3.98244775552785 3.98472404932098 1 0.0001454386346618 
BH_0022_MCA_L_d5_cp121_lmd1d0.000_lmd2d0.000_lmd3d0.000_lmd4d0.100 5 121 0 0 0 0.1 0.000580355258953733 62.9811875282475 515.543875050031 3355.56136459246 0.0370564473591819 0.0272712606988654 0.623207054761216 0.909524501430041 0.975295378720582 0.0203833390559962 4.16175195109938 4.16393576590328 1 0.000169498496040398 
BH_0022_MCA_L_d5_cp120_lmd1d0.000_lmd2d0.000_lmd3d0.000_lmd4d0.200 5 120 0 0 0 0.2 0.00077008031037646 57.602792288088 1410.90510574811 3323.39344467927 0.0408102264457377 0.0310639718671352 0.603845124700157 0.797950058749168 0.880170245155907 0.0185563586241969 3.22916036482199 3.23205112256583 1 0.0001454386346618 
BH_0022_MCA_L_d5_cp121_lmd1d0.000_lmd2d0.000_lmd3d0.000_lmd4d0.200 5 121 0 0 0 0.2 0.000751622082549184 58.0313048812737 1031.4782390651 3325.95455279536 0.0404598150434181 0.0307167097919612 0.605579878962362 0.807352216041347 0.887979292638993 0.0419377034926378 3.42425729522676 3.4261307044682 1 0.000169498496040398 
BH_0022_MCA_L_d5_cp120_lmd1d0.000_lmd2d0.000_lmd3d0.000_lmd4d0.500 5 120 0 0 0 0.5 0.00107477692704263 51.6682782352641 2506.60796106543 3287.95089653533 0.0459830370030658 0.0362525024336916 0.574684042555097 0.679563910440002 0.788857800718852 -0.0657525018542228 3.32159272666506 3.32893503342146 1 0.0001454386346618 
BH_0022_MCA_L_d5_cp121_lmd1d0.000_lmd2d0.000_lmd3d0.000_lmd4d0.500 5 121 0 0 0 0.5 0.00104927662405879 52.0498585231084 1943.87793025288 3290.22660809878 0.0455697591823481 0.0358478662397853 0.577066999039919 0.687656745311482 0.794643140035457 -0.102425937269975 3.25474898546051 3.26493093078101 1 0.000169498496040398 
BH_0022_MCA_L_d5_cp120_lmd1d0.000_lmd2d0.000_lmd3d0.000_lmd4d1.000 5 120 0 0 0 1 0.00139532353006501 47.5816153700503 3672.24743520976 3263.60401450968 0.0507763733360198 0.0409634908711372 0.546186424350761 0.600200834622251 0.737818148949615 0.00624020524224403 3.24542664041231 3.24884440687402 1 0.0001454386346618 
BH_0022_MCA_L_d5_cp121_lmd1d0.000_lmd2d0.000_lmd3d0.000_lmd4d1.000 5 121 0 0 0 1 0.00136078437491715 47.9312718465095 2911.58928941121 3265.68330222465 0.0502767465680192 0.0404820643643653 0.548799960905022 0.607641050295071 0.742378657576878 -0.0270140167165994 3.24293025107268 3.24804664046296 1 0.000169498496040398 
BH_0022_MCA_L_d5_cp120_lmd1d0.000_lmd2d0.000_lmd3d0.000_lmd4d2.000 5 120 0 0 0 2 0.00183961546072785 43.8203351918334 5299.29399258429 3241.27625108293 0.0566922599297515 0.0466786539353794 0.520741317519833 0.523949710402921 0.693644565251588 0.0601657399568418 2.70461693628524 2.70628687928765 1 0.0001454386346618 
BH_0022_MCA_L_d5_cp121_lmd1d0.000_lmd2d0.000_lmd3d0.000_lmd4d2.000 5 121 0 0 0 2 0.00179262325565074 44.1408024548302 4264.62856578577 3243.17367887017 0.056095493504692 0.0461083838184941 0.522872490840436 0.53097534887298 0.697582525216546 0.0709999586635661 2.71723219481722 2.71853716866933 1 0.000169498496040398 
BH_0022_MCA_L_d5_cp120_lmd1d0.000_lmd2d0.000_lmd3d0.000_lmd4d5.000 5 120 0 0 0 5 0.00265908648663451 39.3109182591034 8314.85649671914 3214.66226384054 0.0659748393719052 0.0556149908659672 0.491070166876483 0.434371062798329 0.65050163038221 0.141781927435633 2.23740779545023 2.23744816882033 1 0.0001454386346618 
BH_0022_MCA_L_d5_cp121_lmd1d0.000_lmd2d0.000_lmd3d0.000_lmd4d5.000 5 121 0 0 0 5 0.0025945632726488 39.5964261758121 6792.23812881357 3216.34046880524 0.0653019989692716 0.0549674373610915 0.493131173192363 0.440140324149977 0.65284448437467 0.110967538564703 2.27885210802852 2.27928179140751 1 0.000169498496040398 
BH_0022_MCA_L_d5_cp120_lmd1d0.000_lmd2d0.000_lmd3d0.000_lmd4d10.000 5 120 0 0 0 10 0.00344753367231785 36.2215386329058 11223.7506177626 3196.55174756363 0.0735077164988091 0.0629373456030272 0.466706916753921 0.374390251505914 0.631530192471774 0.223508827604948 1.93221443192768 1.93342068678083 1 0.0001454386346618 
BH_0022_MCA_L_d5_cp121_lmd1d0.000_lmd2d0.000_lmd3d0.000_lmd4d10.000 5 121 0 0 0 10 0.00337112652543517 36.4830984421942 9247.58693730257 3198.07984656004 0.0728210575728365 0.0622683321176435 0.46905532128206 0.379620679724632 0.632764534170223 0.175053020673665 2.14640578842192 2.14649738748463 1 0.000169498496040398 
BH_0022_MCA_L_d5_cp120_lmd1d0.000_lmd2d0.000_lmd3d0.000_lmd4d20.000 5 120 0 0 0 20 0.00437467927966289 33.385829636787 14649.1409843362 3180.03815221488 0.0812025499791955 0.0705000680579559 0.439014412400177 0.320946974934861 0.624983472528665 0.46401951399882 2.06290414063976 2.08588799343454 1 0.0001454386346618 
BH_0022_MCA_L_d5_cp121_lmd1d0.000_lmd2d0.000_lmd3d0.000_lmd4d20.000 5 121 0 0 0 20 0.004286015324201 33.625465448393 12145.1569797434 3181.42808854857 0.0805070360160035 0.0698150032489699 0.441535810353975 0.325291615560453 0.625071209429771 0.428614470596595 2.00845539676933 2.02697704092623 1 0.000169498496040398 
BH_0022_MCA_L_d5_cp120_lmd1d0.000_lmd2d0.000_lmd3d0.000_lmd4d50.000 5 120 0 0 0 50 0.00582882181751238 29.9925340092669 20027.8759714969 3160.4636154202 0.0916115054747252 0.080836521276197 0.403596752422835 0.269000424829228 0.631823282417667 0.446144107722371 1.51804779523874 1.5456727155554 1 0.0001454386346618 
BH_0022_MCA_L_d5_cp121_lmd1d0.000_lmd2d0.000_lmd3d0.000_lmd4d50.000 5 121 0 0 0 50 0.00572283188089986 30.2060543400451 16702.1498051667 3161.6875028391 0.0909041559123197 0.0801317413059878 0.405761282984753 0.271869506977272 0.63109605207161 0.435261108154216 1.51612330398771 1.54176884164601 1 0.000169498496040398 
BH_0022_MCA_L_d5_cp120_lmd1d0.000_lmd2d0.000_lmd3d0.000_lmd4d100.000 5 120 0 0 0 100 0.00711423063097024 27.6704767176732 24786.545906924 3147.2253924299 0.0996672308988505 0.0889013481348317 0.381003338266954 0.241465440069879 0.641473853613826 0.3814000807116 1.35930813069575 1.37799659742973 1 0.0001454386346618 
BH_0022_MCA_L_d5_cp121_lmd1d0.000_lmd2d0.000_lmd3d0.000_lmd4d100.000 5 121 0 0 0 100 0.00699291244899154 27.8662021684451 20734.4209709378 3148.33423331627 0.0989408970390055 0.0881737613752778 0.382934127879548 0.243531868145233 0.640468374470095 0.400687956115115 1.42108592916365 1.44212974990191 1 0.000169498496040398 
BH_0022_MCA_L_d5_cp120_lmd1d0.000_lmd2d0.000_lmd3d0.000_lmd4d200.000 5 120 0 0 0 200 0.00863522351811142 25.5403878668974 30421.0692072619 3135.2661954843 0.108291496893933 0.0975392171497946 0.358600113506731 0.222609296195143 0.655643249082379 0.366748401102789 1.41222600472613 1.42797942669585 1 0.0001454386346618 
BH_0022_MCA_L_d5_cp121_lmd1d0.000_lmd2d0.000_lmd3d0.000_lmd4d200.000 5 121 0 0 0 200 0.00848744380346751 25.719830817878 25482.9238185973 3136.26305214428 0.107485740938252 0.0967347330716154 0.360647194420084 0.223978851876831 0.654185781966668 0.366413930028369 1.42330868020247 1.43889164548982 1 0.000169498496040398 
BH_0022_MCA_L_d5_cp120_lmd1d0.000_lmd2d0.000_lmd3d0.000_lmd4d500.000 5 120 0 0 0 500 0.0113429465136451 22.9927544249929 40459.3047490538 3121.44256525046 0.12210002489908 0.111239767477861 0.326009945514352 0.204975340232948 0.680871934697593 0.237214919171287 1.37199490054651 1.37444267474876 1 0.0001454386346618 
BH_0022_MCA_L_d5_cp121_lmd1d0.000_lmd2d0.000_lmd3d0.000_lmd4d500.000 5 121 0 0 0 500 0.0111281602876935 23.1527478753074 33880.4980422348 3122.28654139034 0.121061841799168 0.110215641924934 0.328275903727274 0.206064110228044 0.679041048597852 0.202093348340638 1.43368297981766 1.43444892107063 1 0.000169498496040398 
BH_0022_MCA_L_d5_cp120_lmd1d0.000_lmd2d0.000_lmd3d0.000_lmd4d1000.000 5 120 0 0 0 1000 0.0142230381901712 21.2501770142411 51142.3593614724 3112.54235029128 0.135224518430012 0.124145787118784 0.299946208975953 0.192290478143805 0.702191043635818 0.161378376877391 1.15464971013413 1.15466611650028 1 0.0001454386346618 
BH_0022_MCA_L_d5_cp121_lmd1d0.000_lmd2d0.000_lmd3d0.000_lmd4d1000.000 5 121 0 0 0 1000 0.0139363510137535 21.3968642042225 42816.4904528256 3113.2676623559 0.133978550108864 0.122923002445971 0.302200495571947 0.193457982119827 0.700344804240469 0.169105219537489 1.17070601599485 1.17078831956793 1 0.000169498496040398 
