#spline3d 5 120 5 120
0.26556185490506234 -0.13253242873582138 0.064108558611163852
0.13275444418865481 -0.066302755516778958 0.032088280733231951
-7.0495397122761963e-006 -9.9470122764120526e-006 8.5923164076408378e-006
-0.1327367076117156 0.066330640015112935 -0.032103994080291319
-0.26544500259089537 0.1327106371796313 -0.064223444749489281
-0.39817111947183065 0.19906327953592978 -0.096325686033225069
-0.53089109921152899 0.26542568899965319 -0.12843299126640054
-0.66361185949626122 0.33178622297704236 -0.16054158270162125
-0.79633143905835002 0.39814429856583056 -0.192659776759182
-0.92905062892462764 0.46450555577260227 -0.2247699250450792
-1.0617732826322899 0.53086689897904249 -0.25687377588784222
-1.1944923016318143 0.59723259580014376 -0.28898288584560761
-1.3272188578250108 0.66356496813870369 -0.32109400870418131
-1.459926845613885 0.7299654399250739 -0.35320228088542976
-1.5926529478460858 0.79636641251044782 -0.38529932212642853
-1.7253991366082353 0.86250762744510256 -0.41747886115860333
-1.8580789392233272 0.92894440543395074 -0.44953895144221739
-1.9906943609648322 0.99640250783665252 -0.48134831059750421
-2.1238666046739136 1.0604809448025987 -0.51418823215224052
-2.2562559315247532 1.1249989662895217 -0.54665012930937606
-2.3872649566067219 1.2075498786176684 -0.57407655232997856
-2.525657244107939 1.247474806330108 -0.61485759652823746
-2.6679732585221507 1.2213156016154254 -0.6735544681850425
-2.808284538269914 1.2000387661951695 -0.73027738783092444
-2.9484297695362529 1.1887419655944371 -0.78447513134823543
-3.0890937371164693 1.1728248740453637 -0.84000562748936936
-3.2295972580793726 1.1563557499870554 -0.89560342675976223
-3.3700442513073421 1.1411411668032478 -0.95089224077611445
-3.5105511174182094 1.125548833426069 -1.0062763919359656
-3.6510400904312501 1.1098648051614286 -1.0616969130358631
-3.7915262465519501 1.0942679128254988 -1.1170856840915455
-3.9320237531120394 1.078672161585976 -1.1724599132287459
-4.0725088550282189 1.0630684123608378 -1.2278631148638439
-4.2130025475530655 1.0474221278919096 -1.2832501455737719
-4.3534985894796794 1.0318044240913375 -1.338636534730506
-4.4939777953417588 1.0163704367543545 -1.3940251960580397
-4.634469826174425 1.0005596835770656 -1.4494134402776817
-4.7749967817025247 0.98433298388264667 -1.5048636281157473
-4.915456517630143 0.9707518661435931 -1.5601134336524085
-5.0557757848136848 0.95500599272224684 -1.6154397319889922
-5.196803170083041 0.92817223102840496 -1.6717798868223028
-5.3370275825147182 0.93992965294021102 -1.7252907145319891
-5.474353993407127 0.98869209872875286 -1.7753028558822828
-5.6116204429540586 1.0293914357625107 -1.8258136200575734
-5.749372428588849 1.0662540313438091 -1.8767625974096289
-5.8869768361835053 1.1061064309574198 -1.9274630618939979
-6.0245264822605851 1.145790351595015 -1.9781376358050669
-6.1621367159924745 1.1848225932922036 -2.0288772236789216
-6.2997272095090704 1.2241502484297258 -2.0796086979162407
-6.4373057244332745 1.2635673248667305 -2.1303307897716546
-6.5749046391870838 1.3028355247125913 -2.1810606662228045
-6.712520171446724 1.3418391030637535 -2.2317611673704763
-6.8500132974055612 1.3818894005197471 -2.2825354225503758
-6.9876609664344365 1.4212806656103032 -2.3332812186882821
-7.1255618743070279 1.4573569242675206 -2.3837719330525142
-7.2624444326994668 1.5012398370735758 -2.4347281623983257
-7.3997097053980871 1.5485882740568984 -2.4861532861668665
-7.5425426073830169 1.5424540056115825 -2.5340346821395525
-7.6861707974927276 1.5063437522180148 -2.5791394268579513
-7.8284864373482108 1.4845313413952523 -2.6252230082757579
-7.9711665817295687 1.46218333982357 -2.6714174936778181
-8.1139181805876817 1.437636145148262 -2.7174111290131369
-8.2567032248733003 1.4137426576458865 -2.7633281253906268
-8.399350455942864 1.3901627581541538 -2.8094435967558495
-8.5417153648865565 1.3665304227524657 -2.8558457497819716
-8.6851430860417622 1.342290863007652 -2.9010379133278237
-8.8283819558288616 1.3182433272552017 -2.9465888540373348
-8.9669194742920126 1.2969156425967228 -2.9972560425057395
-9.1133644874466082 1.2707366388839536 -3.0385206727749901
-9.2724045482352615 1.2376599969322273 -3.0675923341362181
-9.3524838814125157 1.2511745386537489 -3.1843784491885714
-9.3886719802595735 1.2884224451124657 -3.3426419764387925
-9.4451001032633197 1.3137892168263305 -3.4785693886721152
-9.5013682282244982 1.3395092897676018 -3.615669503771537
-9.5541809622507099 1.3671971600983646 -3.7562938655950355
-9.6082006185367295 1.3941921272950191 -3.8955671363787903
-9.662440837053893 1.4210067755753499 -4.0345576608534586
-9.7154781721272503 1.4484051355709338 -4.1746253772920401
-9.7707149714832617 1.4749122402686838 -4.3130609826474702
-9.8277120048442264 1.5006753143790419 -4.450022773641706
-9.8681767841812267 1.5329868332340717 -4.5992044033492485
-9.9356313142701147 1.5549127102800862 -4.7295277274893319
-10.06921963421178 1.550725801891025 -4.8109710425400882
-10.196851606066605 1.5488245108214089 -4.8965309076053787
-10.31617934876386 1.5502277553218897 -4.9883160533348025
-10.439116154595469 1.5501925778692436 -5.0774779928291958
-10.562777007520824 1.5498796792593341 -5.1660613976690239
-10.685481164136158 1.5500021367636927 -5.2552949234658053
-10.808077268601018 1.5500245049466819 -5.3447866083923232
-10.930398530550892 1.5499905877365867 -5.4346522766237682
-11.055621480686517 1.5499984694537574 -5.5209671269199001
-11.176931882306512 1.5500015038030652 -5.6121112749585782
-11.284794888873733 1.5500024130203454 -5.7193015924105204
-11.392590205963273 1.5499966872697575 -5.8263780878879059
-11.502332874091204 1.5499919948264567 -5.9311607651904792
-11.611614440134266 1.550026994464911 -6.0366227468115028
-11.720454839581716 1.5499935223802102 -6.1424587437699065
-11.829230523769528 1.5498881423985886 -6.2481086449366385
-11.939249412474448 1.5501896685044361 -6.3532490029588251
-12.048866751790689 1.5503030300007128 -6.458849077355608
-12.152269295506839 1.5484653384725664 -6.5666536744873687
-12.269170154186012 1.5513236885664494 -6.6678158325446573
-12.3930005901789 1.555322060111539 -6.7708542344909661
-12.415771517544179 1.5265454614649341 -6.9136094398208785
-12.395113468895598 1.4849955476302896 -7.0681322078699136
-12.398667947221634 1.4508506933027745 -7.2141759254372548
-12.401761729465473 1.4165199364448608 -7.3608877975645006
-12.398806831693037 1.380999332461555 -7.5097382029272888
-12.399925111354385 1.3454806756232347 -7.657155514305841
-12.404991977421146 1.3097055461538933 -7.8023238013018039
-12.390056619221218 1.2771485183791904 -7.9554209727297147
-12.395000810920568 1.2400697745733447 -8.1053587127062343
-12.498660531870462 1.1875772329716834 -8.2085262009704607
-12.614237017131934 1.1346123062029914 -8.3000907830017763
-12.711806459635444 1.0841073155267573 -8.4017708469538874
-12.813724173799404 1.0327912625637399 -8.5018066304302629
-12.917706290530697 0.98129374823377991 -8.6004904434080451
-13.020547008262232 0.92997652434215738 -8.6996652753121282
-13.120915399788494 0.87881391970228573 -8.8003465434847321
-13.217276184361623 0.82782136649408322 -8.9036398850522147
