#spline3d 5 121 5 121
-0.26222429158710486 -0.17477898416148954 0.11281334710865311
-0.13111057498018219 -0.08739585062762098 0.056398282534549482
5.9615483660843676e-007 -2.3332995922035293e-006 -2.7680282330123517e-006
0.13111030505541063 0.087397819403999849 -0.056394409234367913
0.26221961441322428 0.17480085813385743 -0.11278129883391294
0.39332957192391144 0.26220353304361599 -0.16916739452486124
0.52443873919184802 0.3496078003423766 -0.22555510460890132
0.65554709070613715 0.43701298185436188 -0.28194549927012019
0.7866578221907321 0.52441361748395565 -0.33833384854029186
0.91777204501947518 0.61180684851985634 -0.39471651998203511
1.0488838403700411 0.69920173514999606 -0.45110021608343853
1.1799787527247396 0.78662664512619551 -0.50750531407232879
1.3110694324684218 0.87406899300792296 -0.56392302145629103
1.4421989539211753 0.96144896906216337 -0.62029620823206355
1.5733800775758873 1.0487214526172755 -0.67659181762150411
1.7045200734219761 1.1360278260484582 -0.7329108838378412
1.8354250505057663 1.2237539183813049 -0.78952851968364746
1.9662775013491678 1.3117115052529578 -0.84630806813652648
2.097665962542965 1.3987923181072299 -0.90246526380991654
2.2297209479167837 1.484434996019993 -0.95760824010819534
2.3611033961332337 1.5707221701798524 -1.0132185379684504
2.4893384731455064 1.6627364415406134 -1.0728832203371825
2.6174702818209798 1.7570661135006889 -1.1341497225541668
2.755697773708452 1.8347816402266186 -1.1836227398729371
2.9115184448027032 1.8781213506679555 -1.2087953808540322
3.080347831558321 1.8906184165143227 -1.2122481919299024
3.2501014041242122 1.8976346592687112 -1.2118824862129418
3.4172022450514152 1.9097069445217099 -1.2150928720458949
3.5829380290907396 1.9254196197600453 -1.2208623380838328
3.749164668650216 1.9406739474056149 -1.2263008548275467
3.9161026442723719 1.9542799962949784 -1.2305786522041924
4.0830386671706771 1.9676755324755262 -1.234710125327837
4.2497741485469671 1.9814625549141733 -1.2391164074033316
4.4164236341306822 1.995484643968845 -1.2436859871710992
4.5831215226762438 2.0094428485254063 -1.2482094598975411
4.7498635146246864 2.0233033435364565 -1.2526688998857913
4.9165619172050343 2.0372545785014968 -1.2572099158591996
5.0832352863143608 2.051242687859729 -1.2617760730374574
5.2500025221280344 2.0649938763404596 -1.2661280604552594
5.4169017087341729 2.0784580861120983 -1.2702278324405274
5.583695521616554 2.0922485522193739 -1.2746185560949725
5.7499032297968711 2.1074609746114548 -1.2802645552565346
5.9159961017104497 2.1227016763685409 -1.285940923213029
6.0835262936539918 2.1342973028139323 -1.2883992031627889
6.2527030754295154 2.1423360038859647 -1.287706174437818
6.4195207969668884 2.1571595364843308 -1.2929885693131695
6.5752227404090728 2.1990604964153504 -1.3221863472785673
6.7191593351818328 2.2666481659983022 -1.3741194036737057
6.858179657246005 2.3433362339341457 -1.4341372151086536
6.9981774316597436 2.4167545471759815 -1.4912816597157585
7.1401347848577332 2.4860301450300124 -1.5447560758680834
7.2821681345938769 2.555532245955765 -1.5984235221366889
7.423685444448898 2.6262391371842262 -1.6531627214463269
7.5649467677036553 2.6974091537603977 -1.7083225223625667
7.7062976295262775 2.768309362066788 -1.7632429286703277
7.8477863907032628 2.8389346302949297 -1.8178932781113388
7.9892726648998371 2.9096155247582924 -1.8725590454984924
8.1307329013897114 2.9803314160778265 -1.9273201691176198
8.2721879154398845 3.0509717619294672 -1.98214194223471
8.4136378932032354 3.1216090279595559 -2.0369339927260457
8.5550489823678166 3.1925312630022882 -2.0916095540244219
8.6964268215764537 3.2638397301162509 -2.1461876709819014
8.8379527961550419 3.3344304367824025 -2.2010088123179807
8.9796560269407681 3.4035434908277877 -2.2562546736153681
9.1211678424068534 3.473012268847365 -2.3113243385035216
9.2619856068212023 3.546741681621973 -2.3650948676129748
9.4025013353332056 3.6250394429261776 -2.4177001607725006
9.545565425269734 3.6906675922228267 -2.474391958633408
9.6930140224964223 3.7244471631753053 -2.5403618380573043
9.8434352904407323 3.7275763683121577 -2.6146455935703834
9.9940489207781624 3.7200899056175767 -2.6914017296720476
10.143830048132795 3.717624738954457 -2.7666400521312289
10.293349320240047 3.7190462034042198 -2.840876911231986
10.443015447611453 3.7205397032211951 -2.9151570031468541
10.592853023917549 3.720559705226687 -2.9898407923816039
10.742697051818377 3.7199858128715628 -3.0646541428944185
10.892479287707618 3.7198191989767055 -3.1393429056414246
11.042233811652432 3.7199310239322165 -3.2139807846406723
11.191987503865477 3.7200397179744509 -3.2886611127111367
11.341756902535225 3.7200403328655236 -3.3633739621912526
11.491552766146986 3.719998404094746 -3.4380231354610165
11.641374867831386 3.7199868128924911 -3.5125403953141143
11.791155107109036 3.7199952052871814 -3.5871443521804922
11.940825002109579 3.7200029762974176 -3.6621520909430907
12.090489876624465 3.7200029351078729 -3.737305036469901
12.240413287919825 3.719999872613736 -3.8116475001821297
12.39070556734972 3.7199990648796706 -3.8844268809929559
12.540471716303804 3.719999691313975 -3.9584378844946282
12.688830252731645 3.7200002462158817 -4.0377989960496716
12.837499632637703 3.7200002375580823 -4.1180031606679792
12.991011476263246 3.7200000159573463 -4.1829840860535006
13.153502917715919 3.7199999578932408 -4.2134335891158408
13.321581321369507 3.7200000044287203 -4.2186294793393353
13.490282871086819 3.7200000448892538 -4.219280060379444
13.657685354391477 3.7200000438206851 -4.2249418770229816
13.824358316746785 3.7200000274697453 -4.2342471579593965
13.991365218718006 3.7200000234670174 -4.2424544356903695
14.158658211870859 3.7200000269207996 -4.2493706191609482
14.325969941920256 3.7200000298087406 -4.2560799084110501
14.493184645470945 3.720000029703407 -4.263170670208777
14.660348100409196 3.7200000285156838 -4.2705214419858262
14.827536723703606 3.7200000282364427 -4.2777896209400685
14.994746443604335 3.7200000284922941 -4.2849594803780011
15.161957297742608 3.7200000286981814 -4.2921141211443894
15.329161049372743 3.7200000286887782 -4.2992983434665941
15.496361005978002 3.7200000286025889 -4.3065041342200532
15.66356292585845 3.7200000285831232 -4.3137014991318221
15.83076648004322 3.7200000286020227 -4.3208892454584786
15.99797003530821 3.7200000286166723 -4.3280773383941504
16.165172966300599 3.7200000286158419 -4.3352701364863879
16.332375656501384 3.7200000286095936 -4.3424637615284691
16.499578629790793 3.7200000286082671 -4.3496535504611291
16.66678168806278 3.7200000286096633 -4.3568434186945533
16.83398459962995 3.7200000286106962 -4.3640366979335266
17.001187452666986 3.720000028610623 -4.3712306247974864
17.168390436825469 3.7200000286101647 -4.3784211522333258
17.33559354982134 3.7200000286100443 -4.3856088877543415
17.502796580170415 3.7200000286101895 -4.3927987280286125
17.66999926510584 3.7200000286103325 -4.3999966092294009
17.837201360628043 3.7200000286102619 -4.4072080073861475
18.004402620696609 3.7200000286097161 -4.4144384473683971
