#spline3d 5 121 5 121
-0.57554721666919972 0.51034964824494511 -0.1247717131720468
-0.28758367180363931 0.25547212084765519 -0.062032786657872437
3.8593702087882353e-005 6.3507748975658525e-005 8.4023793392111617e-005
0.28751459608639479 -0.25559147135624749 0.061858722447140184
0.57503406125659351 -0.51117686811593266 0.12369217428087959
0.86263748233613735 -0.7666902018612437 0.18553188043747895
1.1499551973999058 -1.0224576630416347 0.24735274308108651
1.438102123966811 -1.277494517392241 0.30914682817865935
1.7239901330192688 -1.5344996640597321 0.37128679710284435
2.0152941798280541 -1.7867911648615922 0.43234228452454454
2.2953655503262462 -2.0489106014558054 0.49572382522128378
2.5942472194358799 -2.2944069667777658 0.55516034699180949
2.87675122506307 -2.5549872045695201 0.61818788506473954
3.0799993252930689 -2.8836955465456207 0.69777213991057285
3.3200252117096065 -3.1806357653159094 0.76933720310613285
3.5459916484738843 -3.489696740418033 0.84484059280154244
3.7763435774006799 -3.7951921203609977 0.91693248369459446
4.0062778073300125 -4.1004117826180071 0.99489587723866901
4.2345015739513627 -4.4084765032010393 1.0616774201010961
4.4658033826205852 -4.711633607751418 1.1451651749584828
4.6953389800749772 -5.0179404729209827 1.2218501761591916
4.9089281536381257 -5.3488315471595582 1.1924546563938274
5.1197619742400597 -5.672643674553461 1.2022594599251899
5.3524972418224417 -5.9919506524416084 1.1994298354045119
5.5307744371771861 -6.3287812056883981 1.1999995866799635
5.8198790901489357 -6.6279932505480179 1.2017924839225107
5.9391295774886643 -6.9862764493211813 1.1920417732292845
5.8764240876414719 -7.4057913371633646 1.2265937283265844
5.8612935120650409 -7.7677793173954148 1.121900351084649
5.7959227250420282 -8.1482632862153519 1.0250225187397382
5.7551974711037275 -8.5223208881030068 0.94071003596547498
5.7116236331861785 -8.9003844243724117 0.84543808494922135
5.6513110855686088 -9.2726501284381584 0.75723257806643185
5.6269937272351855 -9.6535737833585991 0.6641894110360419
5.5669856318687465 -10.029744934303002 0.57382245900802564
5.345635706194142 -10.354714574907243 0.49425233057070234
5.1954364444442485 -10.701899357936613 0.41209771292122738
5.0178750121701157 -11.038641266946174 0.32687478007220083
4.8504477530582619 -11.383517793866888 0.25030739421663206
4.6783193099113198 -11.719718776948222 0.16036579035370827
4.5088085913406344 -12.056745307128848 0.076102105475825771
4.3435585240823942 -12.44067383097414 0.048593935864492316
4.1421154039483588 -12.5903395360864 -0.29559569571993605
3.9508772809942898 -12.786100691971985 -0.56494266651444613
3.7634587234735748 -12.985598815080259 -0.83718641640268254
3.5565306114360644 -13.162758283634609 -1.1329640789147648
3.3996810321135178 -13.388119961762323 -1.3776482340465928
3.1328574381602912 -13.50736967340268 -1.7246428468087993
3.0620073333444471 -13.835900123733357 -1.8990742712259245
3.1216570790598284 -14.258997842164003 -1.9505181564209497
3.0907375071238921 -14.605864750298178 -2.0810804997116006
3.1018366795856758 -14.993600474072382 -2.1840050206785202
3.1020131295715845 -15.368904034778799 -2.281009160931438
3.0997617098269274 -15.720432192798079 -2.3833743456969163
3.07984612169547 -16.177731694240343 -2.5890764345253832
3.2204681114049465 -16.334732397208512 -2.1790058646282242
3.381118692848561 -16.708693106239998 -1.9611672914237295
3.4348176077476875 -16.746512945232475 -1.600272615366753
3.3977074033072485 -16.498879846325636 -1.2068343540418336
3.4126632763475633 -16.419282450902642 -0.85307162159834748
3.4169312367532094 -16.315043724244418 -0.48224255744654088
3.3873858753327579 -16.068906571817696 -0.10760047763286534
3.4594173739559042 -16.22222536668324 0.25847868975420724
3.5773129467394589 -16.431127418726213 0.57937110493027633
3.6329438449802471 -16.599660704125235 0.92069199987648354
3.7279907578237275 -16.798710505425625 1.2681073247046175
4.0018280137304396 -16.629976241953358 1.5776368876231193
4.2067768655789575 -16.578128148566236 1.88285672538525
4.4313178932764963 -16.496078205590372 2.1923580317286446
4.669943254532158 -16.482048034857922 2.5451527006887216
4.8283693073619327 -16.10117120958191 2.6682640784862275
5.0051120975195662 -15.807792671020428 2.8425363552441034
5.1791593258438446 -15.50598083245225 3.0140169073544181
5.3536883568950815 -15.197282576568275 3.1798835759166937
5.5316792054692261 -14.895103277711524 3.3511688050423012
5.681553215701129 -14.583595455235372 3.5122090670101644
5.9502998251093295 -14.303029450535648 3.7078249705102122
5.8298379672345542 -13.916264084064068 3.7937439276561586
5.7645227132351993 -13.541632732554422 3.8872920844156864
5.7142065899687742 -13.173237321319199 3.9952906093398499
5.6393862976380893 -12.815931241950429 4.1024806869698311
5.610442303569509 -12.370104738605891 4.1315274415037493
5.4329343419429899 -12.252139364920287 4.5152310558489059
5.2833010281983723 -12.112908663411588 4.8394737832811767
5.1341480505674744 -11.949958890830704 5.1553536699098093
4.9848099729193969 -11.793304538954631 5.4945480806422422
4.8160885792350303 -11.688897299771559 5.7918596087178802
4.7249727242603656 -11.384928338010079 6.1888552429153325
4.4077271144522872 -11.628465211084389 6.3467391253398437
4.1122175489387018 -11.870228136288294 6.4839583761629465
3.8304335361180692 -12.044094413537044 6.6597683259727498
3.541948651918791 -12.271160596344592 6.8141393038292577
3.2392956810983211 -12.463977006266424 6.9690169994874092
2.9831536321739631 -12.684345730648015 7.1466371595765779
2.6381777634931622 -12.872257727860612 7.2744335691699336
2.3915268609004818 -13.09463275274075 7.4620938065667977
2.4211806841749497 -13.385818643739922 7.7890612826979364
2.30821374161463 -13.636302709655405 8.0488378712904858
2.2760961942795084 -13.914728079357593 8.324180096424568
2.1579041340630378 -14.155323805095925 8.6249209549678483
2.189140577150591 -14.471274295974597 8.8541214303425946
2.2721728006159672 -14.809241080981101 9.0403881365948529
2.3084838958762832 -15.122436879017163 9.2673828486202225
2.3717343301038776 -15.457363306095807 9.4660732677710229
2.4199726123817489 -15.768398763889286 9.6590192531564316
2.4811951896582478 -16.103736629196863 9.985401145095576
2.523802008938643 -16.472584404218413 9.7275689832140095
2.5659812195955012 -16.80989568089338 9.5552726509346009
2.6105597876408941 -17.163454042683941 9.4036468398109179
2.6535372694936896 -17.509861942565902 9.2227995809303565
2.699150111575181 -17.86013762076692 9.0613872838029454
2.7328862222203605 -18.204287096531619 8.8848896675370153
2.8118185575063932 -18.565884219483131 8.7362417431974073
2.7462479765199048 -18.879292457764478 8.5067079978999462
2.6867705133234705 -19.19255572181682 8.2826649692500975
2.6409573461607678 -19.511755405447392 8.0649053408861615
2.5840879045685168 -19.826591695266274 7.8416291947255861
2.5334306115385443 -20.143794653272899 7.6215617536535047
2.4795905214523781 -20.459858215854247 7.3998873212778538
2.4273618855115595 -20.77633090762798 7.1787887846180176
2.3785986449976235 -21.093663731280799 6.9589140969460459
