#spline3d 5 120 5 120
-0.32258483429350709 -0.12952391494802998 0.12522312446169648
-0.16138484793319338 -0.064625023173386503 0.062515300090859247
-2.0905488427223228e-005 3.1345597552919234e-005 -2.1415142219881631e-005
0.16142558509659236 0.064563757924668633 -0.06247382150038143
0.32283464307142457 0.1291431269101472 -0.12497545336879223
0.48426660385875414 0.19369573847804997 -0.18744129146282013
0.6456636017135422 0.25829691965020624 -0.24995628117514068
0.80712309761920109 0.32281190757291889 -0.31239081864730728
0.96854038707740042 0.38736460579433796 -0.37486412255097351
1.1297069951125736 0.45234570866301821 -0.43774221129542157
1.2921728651330269 0.51531756082041791 -0.49869173221670376
1.4510103533485594 0.58368239718186465 -0.56484400906246113
1.6160006247235905 0.64330981705189139 -0.62254362362914861
1.7909822608790416 0.68726996131613405 -0.66509743316358227
1.9615917610459508 0.73789903313096172 -0.71408645746490929
2.1334022277711924 0.78676389084512621 -0.76138159054359245
2.3051648866270078 0.83566795100310787 -0.80868905200723007
2.4767514327802052 0.88484572653915594 -0.85629516250957538
2.6484561182153592 0.93376510986999439 -0.90372820005471954
2.8201308957048981 0.98313174941610026 -0.951095157390216
2.9917567082383161 1.0314362311492198 -0.99887181539396452
3.1635059256161973 1.0816519398217537 -1.0458099262445399
3.3352009900602972 1.1305024391856968 -1.0933805715316549
3.5062573305015898 1.1733891533592034 -1.1437221303582095
3.6802104488957941 1.2480728758973993 -1.1791716789398716
3.8464440822008612 1.2315346976988621 -1.2574920600828328
4.0104048175498139 1.1985192699888003 -1.3431330073229062
4.1763326833167582 1.1851829823412532 -1.4196875517042244
4.341352301988878 1.1616948430780072 -1.5009826662688226
4.5066643252753096 1.1417638093074121 -1.5805841393855649
4.6719136232491794 1.1210461773973133 -1.6605875363533378
4.8371613667673055 1.100321882411641 -1.7405794630164524
5.0024279361648363 1.0797219365908248 -1.820505602061989
5.1676703543555167 1.0590514578075312 -1.9004726882540299
5.3328946155584465 1.038331037277253 -1.9806007682301565
5.4983287323600019 1.0178750558365153 -2.0599210943245247
5.6631525304041155 0.9968423930607464 -2.1411762988939387
5.8288706092583862 0.97640576468810591 -2.2203231882028844
5.994933321842618 0.95715887112071008 -2.295535213231485
6.1544992086952064 0.92975223191391498 -2.3984123617096142
6.3380492717874706 0.92752728600681456 -2.4158485902653459
6.5256934776309912 0.93162669915015206 -2.4120053484928414
6.7082869839573505 0.92935258016122502 -2.4295964243392594
6.8934448177011056 0.93011915573875126 -2.4367813316467331
7.0778507211441237 0.93013254499386222 -2.4470479575182726
7.2621655018500872 0.92969959751999254 -2.4574934372341444
7.4467260322871223 0.93028894004118901 -2.4666009404250735
7.6320134170536864 0.93075690335013417 -2.4760902275069836
7.8125945588784766 0.92498382564622994 -2.4926327714675156
8.0081351716055256 0.94611005496517198 -2.4784442980879211
8.1711906368397251 0.8941219255528855 -2.5477069552521079
8.3131890433759992 0.81474075574814231 -2.647863860917802
8.4688549160777864 0.75741509875707491 -2.7230064328244672
8.6188375156472627 0.68980640736507859 -2.8098480055969608
8.7704651118086581 0.62557029765881422 -2.8928279305121047
8.9218697332948977 0.56069955536710447 -2.9765632258427157
9.0731650632621808 0.49572390753389911 -3.0603994220985098
9.2246339603685623 0.43092747176443547 -3.1439321514668959
9.3759719102641554 0.36595230811651208 -3.22767387555347
9.5273595658102721 0.30117617789595286 -3.3114248219983469
9.6785855716208662 0.23650555349817418 -3.3953615674956676
9.8305939599393284 0.17016069244556298 -3.4776817634888157
9.9801087681539791 0.1100594947686433 -3.5659402186109617
10.135124266285226 0.035097271916168925 -3.6398704389370571
10.283325712451735 -0.019149518964274897 -3.7346123308319461
10.412931718967268 -0.026969165961363444 -3.8720229459802717
10.549917860600395 -0.053927038262752421 -3.9915382708639582
10.685122797004491 -0.076032445178390112 -4.1157407678272984
10.820273470161608 -0.09817894108470171 -4.2398140056584612
10.955785810394083 -0.12105598459034725 -4.3631849750621079
11.091035028035481 -0.14347490984276992 -4.487072964284252
11.226438688063821 -0.16609018581572596 -4.6106469837708195
11.361720748490731 -0.1885649792117931 -4.7345359168358607
11.497249502510694 -0.21129903502556413 -4.8578709539824132
11.632314472616086 -0.23369532612635843 -4.9818004093261896
11.767377572743815 -0.25568173005197792 -5.1073519765213575
11.905935740383615 -0.28180311066284813 -5.2214214048576002
12.029615056133531 -0.29298355712544294 -5.3738804696711533
12.19335128836274 -0.34043606609945165 -5.4389933072617227
12.373353989883814 -0.40632032913275057 -5.4526907890791341
12.541520085102331 -0.46053046015722449 -5.4982567318190032
12.712951555686844 -0.51599798586745382 -5.5379013409768119
12.887080545553239 -0.57808898993497426 -5.56513433262832
13.058974791464228 -0.63451138534942864 -5.6045093426433761
13.206283525367503 -0.64888284730730372 -5.7256955293222793
13.361369431723029 -0.67700823899635443 -5.8199179057863981
13.515272230470439 -0.7028037396030854 -5.9187832325034506
13.668639404485619 -0.72792578314321454 -6.0190761879962018
13.822601837060361 -0.75383562444916485 -6.117529506085317
13.976289065151391 -0.7793487870612047 -6.2169450453650148
14.129981302129778 -0.80506678589812519 -6.3165957545006073
14.283915382850275 -0.83035220955436162 -6.4133898323976064
14.43686652981868 -0.85703389141097486 -6.5200769251063297
14.5927489549575 -0.8803457437507094 -6.6027120619251658
14.742604704126251 -0.90895144105385983 -6.7238742389532673
14.89891735798323 -0.93650313810055641 -6.8348909782328002
15.073174986456532 -0.92882608892774721 -6.6989178081384981
15.236459014817427 -0.92984689923082597 -6.6250124927771585
15.403441245067986 -0.93002128337752155 -6.5501833534544733
15.569672834274243 -0.93028511481085596 -6.4639098668700212
15.736190444137453 -0.93061261321259892 -6.3852408830132035
15.902002409333408 -0.92485958720772132 -6.315268967025764
16.068336967623996 -0.94678161642627778 -6.1925407802831138
16.238526839809907 -0.89498039764686577 -6.2105026072391549
16.406749733931392 -0.81682665041043312 -6.2802493677684588
16.575535105131515 -0.76131136199149996 -6.3060963799037895
16.744262826306024 -0.69542719099576522 -6.3518964763167061
16.912944131795538 -0.63262083938776414 -6.3919041117300051
17.081650303946571 -0.56945987956843014 -6.4325297197473992
17.250358464850532 -0.50606703122847085 -6.473562606097568
17.419066860490798 -0.44286877411043007 -6.5142640838595609
17.587764031506651 -0.37957164404184135 -6.5551203734216523
17.756478952435117 -0.3163202684282026 -6.5959088826962775
17.925190929284149 -0.25306861390431201 -6.6367113278149494
18.093872838008121 -0.1897860402400825 -6.6775977659124592
18.262593164998709 -0.12653485200300305 -6.7183692617988617
18.431301436888866 -0.063270054701892522 -6.7591712868113341
18.599979094482887 2.5600690079595218e-005 -6.8000515598352855
18.768736980293426 0.063223492767692471 -6.8407514076815126
18.93767786950059 0.12621710714349754 -6.8810107847566258
