#spline3d 5 121 5 121
0.31536110204388673 -0.15789717665184058 0.1222607118756098
0.15769922857068625 -0.078930971736575942 0.061109545132763177
9.9999112838271397e-006 1.1260184282574405e-005 -1.0214934613718765e-005
-0.15772311434193087 0.078903697277235063 -0.061085384663660841
-0.3154839261116506 0.15775724686397993 -0.12213408598774252
-0.47323681256351829 0.23662450027459289 -0.18319293667425934
-0.63095871317486585 0.31552702238844743 -0.24427399913055786
-0.7887310786463082 0.39436972678025956 -0.30532368391057801
-0.94646835610152502 0.47325255245211406 -0.36637292046834535
-1.1041998507699746 0.55214815829951525 -0.42749208976136066
-1.2619780006166634 0.63097612667573155 -0.48844775698920623
-1.4196925818502828 0.70989954103189756 -0.54968149410201073
-1.5774580353289982 0.78873163297139337 -0.61047140864149907
-1.7351964739142038 0.86764674039292822 -0.67200387653708404
-1.8929608143654357 0.9464395029260334 -0.73221361022470033
-2.0506450878225331 1.0255012699708925 -0.79484772956565308
-2.2085396640988662 1.103981264357246 -0.85303952651253745
-2.3659964246392073 1.1835923331458915 -0.91928670701380188
-2.524280643105838 1.2611702941922229 -0.97110844864120938
-2.6809861025036983 1.3422171798213329 -1.0483203853396394
-2.8409332379547463 1.4177063580217089 -1.0823784675198249
-2.9936164180910527 1.500801011859884 -1.1835816560216577
-3.1633608389361321 1.5796080505904535 -1.2113297085115138
-3.3074157556902133 1.614613818791492 -1.0382517675192293
-3.4610488490176565 1.6727544976389657 -0.98187274890466292
-3.6109845045231124 1.7191260713431802 -0.86226014835718301
-3.7625850138746975 1.7714099106987751 -0.77707175699841835
-3.9131488368607328 1.820942712965115 -0.6725513544293813
-4.0646456004031961 1.8713688578770296 -0.57965521902244244
-4.2149718100477847 1.9222415286197687 -0.47861882113354814
-4.3672463387423459 1.9713317383996554 -0.38501298628458741
-4.5158773759278832 2.0236131675736098 -0.28305622509782496
-4.6714682355059027 2.0724516809372977 -0.18897667391693901
-4.813689192510318 2.1180422723318748 -0.10043291887998389
-4.9816430576455284 2.2035126590161989 0.064762073816026569
-5.1040938468501134 2.0808860339697173 -0.17234188052679211
-5.2283639577613465 2.0431132774241623 -0.24581188320860836
-5.3563639489360435 1.9679896399681092 -0.39057985188073979
-5.4820832963020836 1.9117263840565397 -0.50060955535652407
-5.6071842069398601 1.8432790495046327 -0.63106036294092271
-5.7367186779796784 1.7862576680348661 -0.74506225236286616
-5.8562430003868569 1.7142451776774412 -0.87804059814472113
-5.9943527563241092 1.6649639038616924 -0.98420462048902047
-6.1018513276002526 1.5827877536745094 -1.1274138164162992
-6.2474944151170773 1.5301075651379659 -1.2406568619479121
-6.4571991994287492 1.6071960009828969 -1.1942142001718268
-6.6263098378887326 1.6136131196958079 -1.2331283726372815
-6.8182734061933257 1.6570505107726707 -1.2276813000959839
-6.9976484040536739 1.6806538470286239 -1.2461492178159435
-7.1839635962117816 1.7155224194117427 -1.2506657952445008
-7.3664077022390115 1.7431223977045978 -1.2646408526850765
-7.5510489376708918 1.7766210648637368 -1.2704400404133223
-7.7344823865588488 1.8039684545282084 -1.2852531288575508
-7.9181701352846412 1.8379356345455724 -1.289915062766976
-8.1039066732545066 1.8704130417806157 -1.2973847672907692
-8.278366772917586 1.8550653673371453 -1.3783795717053038
-8.4573240004778629 1.8624747365480376 -1.4242576802198661
-8.6343068269280927 1.8586275496546505 -1.4873236508620014
-8.8123356053884976 1.860900643776781 -1.5415120632133139
-8.9895744571951806 1.8591735607437156 -1.6006992731487302
-9.1677506472929515 1.861070149173506 -1.6564875330006008
-9.3444311745969451 1.8582131430252509 -1.7155381045773859
-9.5237982714134493 1.8633321628376356 -1.7700694811394067
-9.6980237440330814 1.8533138303135124 -1.8326942602300913
-9.8824708354005217 1.8740786688744027 -1.8788479230900825
-10.046661239345442 1.8304103571644514 -1.9599340931395346
-10.208600462774919 1.7857105246139542 -2.0410870554514564
-10.373871213365012 1.7476777427396368 -2.1188936355142172
-10.537211409845009 1.7055423747068181 -2.198775458878695
-10.700965246164765 1.6639736706071937 -2.2784274890441489
-10.865617617624698 1.6250182806516158 -2.3566289703738015
-11.028707397052598 1.5822512344763688 -2.4368985917231836
-11.190728011066829 1.5344068645890385 -2.5199930044398005
-11.375895197339286 1.5572800373147437 -2.5649957493965139
-11.55000102802126 1.5465241612284226 -2.6279484960691315
-11.729218687112857 1.5516702703678211 -2.6827370820960201
-11.906261152147094 1.5492884930356963 -2.7409307225381969
-12.08376886173072 1.5500987229342933 -2.7984564061891422
-12.262240711168545 1.5504822605012307 -2.8543289465152673
-12.43794114613601 1.5487373142542886 -2.9148521712326843
-12.619417579275337 1.552638837471338 -2.9656259262080344
-12.789517136031133 1.5447219842880873 -3.0358809771885293
-12.981792789906546 1.5605684768736885 -3.0672848244791839
-13.132548650976027 1.5301879751949208 -3.1746764343352494
-13.278187060230525 1.4957842053315697 -3.2883324423123397
-13.432162479295982 1.4693112217438578 -3.388918056272832
-13.57982415785386 1.4369499313375771 -3.4996888553768128
-13.731850797906594 1.4083323448650249 -3.6033132273360096
-13.880445773330489 1.3773563133901212 -3.7126381589622519
-14.03263804550941 1.3480539358081776 -3.8159070441642009
-14.179833629464097 1.3172088364250136 -3.9276312481172799
-14.335042778153744 1.2882508801805714 -4.0258686177954548
-14.477437037556633 1.2566438762399375 -4.1453201021844128
-14.636415751063268 1.2281373102508539 -4.2387122019813672
-14.819746574450489 1.2056396024625722 -4.2840975534288503
-14.987784621378022 1.1795984754362088 -4.3583555289102245
-15.16437183796794 1.1554534261255847 -4.4167788002808717
-15.336287957155642 1.1303463678612278 -4.4838380474180388
-15.510723375683016 1.1056445867183609 -4.546108260980481
-15.683897942144991 1.0809550422523624 -4.6110347196674963
-15.857505899067974 1.0557983368055455 -4.6745184600712903
-16.031379780433262 1.0317937276582174 -4.7387271542502187
-16.204098584311776 1.0053387313950084 -4.8027628833373068
-16.379531795378384 0.98423327899504653 -4.866329028435243
-16.548915387660198 0.95057762503462895 -4.9316305214743554
-16.732453635248191 0.94893753891856758 -4.9916326829303612
-16.880218685744257 0.85730923230180744 -5.0684581745031609
-17.034336452483011 0.78232825717884968 -5.1430740339473768
-17.186935906759366 0.70787777703483257 -5.2149050144629197
-17.341666546532448 0.6269912177633653 -5.2937575598927689
-17.491608384693876 0.55800494937887768 -5.3585179539350936
-17.650881529248977 0.46656286720405116 -5.4520852126897061
-17.793636737130633 0.42165555523687714 -5.4832031981745208
-17.962789780234527 0.27206466254535305 -5.6590735755440003
-18.103074824618155 0.3708550466575829 -5.4818725621085829
-18.215759295896493 0.43300207739327823 -5.3644673132537362
-18.351156564324388 0.4910396941005199 -5.2473783618528946
-18.471087422470355 0.5593345705648346 -5.1192363236518483
-18.602372273190397 0.61740182689762446 -5.0030186469695668
-18.723776334381625 0.68626858303804883 -4.8743967789225415
-18.826791720148776 0.77540631068740851 -4.7225356429682392
