#spline3d 5 121 5 121
0.24444017722624814 1.4362552556371284 -1.1930147277871319
-0.062597464206123027 0.66218387986369664 -0.36080886395969303
-0.057699277970390421 -0.017061711809931622 0.073289281368900644
0.20069529155156643 -0.62238742701296834 0.18595996473042753
0.3530346132730382 -1.3058639838268833 0.46297610377740833
0.65830168781549336 -1.8925917144834901 0.51463358782495217
0.96617586561167834 -2.574937572010906 0.61870084735887165
1.403572426278672 -3.0664406537315636 0.47997078326452691
1.9265501626855359 -3.5305184462194434 0.26732806262584724
2.5023433555236911 -3.8145838375744643 -0.014798116387522616
3.1149524840513445 -4.0735457275525109 -0.1613983864429597
3.8722739040391274 -4.2794161018205861 -0.20953241318021634
4.2908184369743596 -4.4411032303625122 0.37013067356577062
5.0373942449270031 -4.6583780214900781 0.55802184603974136
5.644459628437791 -4.8809996641719131 0.36611924409922575
6.0832383382747741 -5.0327851607598557 -0.27410661526494318
6.668078015458879 -5.3658565491296244 -0.48252147752578584
7.1225209851147451 -5.7473439431407582 -0.89539891964019913
7.4912949259312454 -6.2461997121589894 -1.2051469855543124
7.6132022470451961 -6.7683349162119733 -1.7185172540106171
7.5516851745443532 -7.230614494843949 -2.2136885475029295
7.3147242724635122 -7.6354484706990489 -2.7791908040469853
6.8651816582362208 -7.8462671718631753 -3.2735988938103722
6.4568570095185267 -8.1087045572309329 -3.7824748365535243
6.0275295726086204 -8.3853608329567635 -4.2709079518807203
5.6580300395040473 -8.7809177334396988 -4.7058009932385207
5.2376164957985196 -9.2438768507206994 -5.07237431053764
4.8040156257648912 -9.7442997919066627 -5.2396495584258078
4.329292721584685 -10.277423361806736 -5.3644835533308468
3.8646319321556524 -10.781373732768561 -5.3179947433519095
3.3782062527640511 -11.304693190741043 -5.2789163384490401
2.9182961215280834 -11.796817945710014 -5.1225576143209128
2.4529707542675032 -12.295336294040638 -4.8966017436314671
2.0359211588003672 -12.74583455635249 -4.641327856701051
1.6765994920863181 -13.170856544536393 -3.9830522380074131
2.0716076852128888 -12.848074713283873 -3.2925162332416593
2.4268614803264708 -12.521836442867627 -2.8860517597815738
2.4369704105742231 -12.328684322221749 -2.0856190954160265
2.2849227969720411 -12.327121819258647 -1.4485997634021495
2.0384300820554726 -12.513114921388176 -0.80052200773713333
2.2890285333862685 -12.537920849418288 0.021128834316952123
1.9827596921181523 -13.246206898356149 0.25970169841871926
1.9478729447421741 -13.845747963507852 0.58477837741022831
1.8114505654526361 -14.550075093333424 0.79771051539889726
2.13787600516042 -14.860308715289046 1.4465182395986147
2.3106800135490504 -15.233222424332219 1.9829133183179495
2.550553268481047 -15.505921498860754 2.6015345318523537
2.3721749070754514 -16.121371719758127 3.0598417271941973
2.0575397223776264 -16.651183473273822 3.303568358593842
1.6259973547159434 -17.211365625868918 3.4893944435223543
1.1868345504907789 -17.717026318001381 3.6208474328701454
0.691042413279781 -18.213265327153621 3.7744095381369891
0.22404466689254579 -18.68133971859957 3.9524691067623317
-0.25820209420897161 -19.163219027082494 4.1975715734844723
-0.5899451316330534 -19.599611510732139 4.6227491032438168
-0.64173607576884228 -20.026250659565978 5.2666067887039789
-0.33889531255543665 -20.142971255287581 5.8686007522272288
-0.30943974272820113 -20.745637869801698 6.4491617396093899
-0.49068072276064972 -21.341694965362681 6.6072718216221489
-0.88813544210984008 -21.982497497637905 6.6596785072928206
-1.3143592278633003 -22.510747607170273 6.6498497926481601
-1.8632550188577022 -22.961733083148832 6.6983169970163345
-2.5304082169484476 -23.205504424952622 6.8605892426479498
-3.1677375687204963 -23.190972616148148 7.149587924067653
-3.795329565450515 -23.099293967562595 7.4701874762230771
-4.3930701435108315 -22.991925753824745 7.7991304642945432
-5.0227137280158782 -22.932963816789783 8.1345804200614484
-5.6451034513220497 -22.977239930321016 8.4290686834962205
-6.2961306033347206 -23.102230126504487 8.6998011282614023
-6.9349219316894892 -23.23620304684756 8.9155082729283599
-7.6165008535239158 -23.362378237103794 9.1090868534588374
-8.2911220417239164 -23.38007307334134 9.2255797958602486
-9.0098863155478064 -23.275399693633574 9.3177360272627272
-9.6205229255145905 -22.958819192021377 9.3043358894898898
-10.245812274906905 -22.605141762576437 9.3713897583410191
-10.794383747083067 -22.203563190456133 9.4556869801383545
-11.36704992925007 -21.909715617460733 9.8554713074725253
-11.757499198396166 -21.820412099190218 10.413876600998375
-12.14330472514542 -21.854488928977116 11.014578925376373
-12.509481895309184 -21.952993741036263 11.604667707472849
-13.014927765998427 -22.096781759097457 12.07622552336813
-13.596346655534646 -22.262978413108105 12.444471446971725
-14.222019081888616 -22.44100484523727 12.702705926639398
-14.840936816616335 -22.61458495614367 12.986844688450065
-15.447084820796338 -22.806795632468511 13.287374543457931
-16.000878402025787 -23.019636896170901 13.657592446810442
-16.509958984870831 -23.320259961803742 14.054778530086841
-16.891963709274112 -23.734823567016694 14.470700250296384
-17.151323207799194 -24.270489064620815 14.86467701180614
-17.295191064893253 -24.854413272058888 15.219938144061071
-17.370414703565771 -25.483492577963247 15.532097925467649
-17.37686605521511 -26.131804360672316 15.798972381497606
-17.331679761790561 -26.798750219594663 16.01877322421841
-17.239485059490463 -27.469088314539732 16.203351975356863
-17.115302912403166 -28.142203785706553 16.360961780589314
-16.967404606442226 -28.812901455901017 16.503362829473218
-16.808138471982534 -29.48245224460463 16.640841674762555
-16.64475624263784 -30.149484054133627 16.784150093612531
-16.482196464076946 -30.814239643346177 16.939556465274844
-16.314147497782649 -31.474418202384253 17.107464275110505
-16.13952964297577 -32.128816747540014 17.291372672627666
-15.952537869317391 -32.774008843024419 17.494015251662958
-15.751889738444449 -33.408800475971375 17.716633334050542
-15.530030712360107 -34.02614194483504 17.966251895814047
-15.288466314736414 -34.626306461219549 18.238378356242343
-15.033218842760121 -35.21649940066969 18.518935816877914
-14.783160010335399 -35.818339600094248 18.779647792636851
-14.55667383469491 -36.450687938931502 18.987803229909165
-14.354970974542939 -37.102342575601625 19.148962717651308
-14.204743937583558 -37.78924183582172 19.219443734548616
-14.071853355498348 -38.472301910710371 19.263319459998399
-13.978706263895369 -39.172930233575379 19.240378234528674
-13.889942295132863 -39.86385618228924 19.212903545974726
-13.826605188051534 -40.56319558161799 19.143287314270918
-13.766987513008063 -41.255468066054235 19.06984091414834
-13.723061611433055 -41.950896354376766 18.969976214667149
-13.684745592098141 -42.641750297409416 18.86351071849521
-13.657236292596529 -43.333083697822936 18.739149721171714
-13.636382863437152 -44.020354717063768 18.605200792955028
-13.629816581919428 -44.706543827821335 18.45075850502608
-13.64251804089281 -45.390681054969718 18.269483643454123
