#spline3d 5 121 5 121
0.32539952483847412 -0.14778062872194531 -0.057155642643817069
0.16268015409465444 -0.073924012281982449 -0.028602236525136385
-4.9736843395579308e-006 -8.5048284438337551e-006 -6.3022609255034758e-006
-0.16267022084453622 0.073940499679964244 0.028616112427030126
-0.32532987230940985 0.14789750670236551 0.057249662562435362
-0.48799856215119713 0.22183900613847224 0.085871870975066225
-0.65068828327547334 0.29574057006137677 0.1144776917589011
-0.81335535686141813 0.36968533587921398 0.14310068773441345
-0.97601699816646326 0.44363996178738185 0.17172884834056273
-1.1386855099583102 0.51758085725518033 0.20035403032484536
-1.3013496343943201 0.59153190809898992 0.22897788657450249
-1.4640131410117292 0.66548329004610185 0.25760183569852402
-1.6266959302420221 0.73939829061866147 0.28621406069217442
-1.7893713534884421 0.81332803964816525 0.3148361632247661
-1.952035972720823 0.88727167801676721 0.34345696917993618
-2.1147014205559236 0.96121449747902488 0.37207868546688805
-2.2773440990406648 1.0352543137464685 0.40073684877908228
-2.4400672027720258 1.1090229688417577 0.42929746637498828
-2.6027403117623145 1.1828503186347117 0.45787466592110321
-2.7651508713480588 1.2577721249915945 0.486872492533166
-2.9282302254731754 1.3306348918365183 0.51508117388241659
-3.0915483947855935 1.4016039292595714 0.54256538702405988
-3.2510299228392379 1.4857286261473734 0.5751086029957081
-3.4163969956765596 1.5562999746869743 0.60238023681272546
-3.5995312178309411 1.5555013078166686 0.60225103093116128
-3.7821377876042885 1.5466113158940911 0.59878051964847057
-3.9608324493588354 1.5506789873644331 0.59943804705574355
-4.1437606446740398 1.549826284620806 0.60104252293485061
-4.3274582194722298 1.5485148246808162 0.60113113676130159
-4.4966478885934551 1.5551845080145152 0.59493736284009158
-4.6817405305492032 1.5483700843769519 0.60172390883299776
-4.9181442974033489 1.5256361969160313 0.62315719356209887
-4.9614938165295159 1.6162082805273135 0.53639122992163313
-4.8476813057775141 1.7649918489627425 0.39299595729301706
-4.7955362886311574 1.8779665282987703 0.27887575470872017
-4.736909172843518 2.000806215276111 0.16422706415303268
-4.6273943236808988 2.1537108482335769 0.035654538686511639
-4.7262074135469456 2.1800440629496385 -0.062487784053808719
-4.9360446636205069 2.1298156742277636 -0.13265976961682244
-5.0911381454679212 2.1127789389090541 -0.21073034210752148
-5.2465914449872333 2.0969050613154612 -0.29059759069905022
-5.4115660361885647 2.0748300895459879 -0.36856437962349781
-5.5740124097561186 2.0541274106496763 -0.44665026371805211
-5.7349139292553613 2.0345029961229968 -0.52513103084011836
-5.8970746932198583 2.0141426572177115 -0.60343761747701441
-6.0590279533092231 1.9939161369644156 -0.68179390432000175
-6.2207632277584057 1.9734299890363194 -0.76004554393927115
-6.3826951936993419 1.9533734115860084 -0.83838538913926397
-6.5448666699481377 1.9343344986279616 -0.91703376653885016
-6.7060190707672902 1.9110814723618679 -0.99462844178078325
-6.8678318924886819 1.890777716356318 -1.0728893929115506
-7.0329278255370618 1.8839623045266036 -1.1546253157756237
-7.1894801259807979 1.8401249872201115 -1.2270917305039151
-7.3320775427544573 1.7380351845319071 -1.2846556789961765
-7.4776889557632753 1.6488051343486863 -1.345449076444496
-7.6244426091610906 1.5642917063489024 -1.4074970067712953
-7.7703106033594072 1.4760146444720943 -1.4685596511482837
-7.9162348263264137 1.387995360253018 -1.5296840621940548
-8.0623134596510173 1.3006308468589303 -1.5909835179627285
-8.208339744801167 1.213037411720068 -1.6522228852595946
-8.3543495396510359 1.1253648529864457 -1.7134381970895494
-8.5003765985943254 1.0377760998465844 -1.774676785836292
-8.6463969503068991 0.95016627888404059 -1.8359141915390873
-8.792421805836943 0.86254982091854882 -1.8971373868315078
-8.9384248200739407 0.77492666072501903 -1.9583953553844382
-9.0844520269400437 0.68731837499714399 -2.0196217294132168
-9.2304817645420059 0.59968856802415182 -2.0808211081308579
-9.3764867983690241 0.51212115727550356 -2.1421330642146557
-9.5225015125025294 0.42451788147805702 -2.2033844370937468
-9.668598552741452 0.33668532247574517 -2.2642475213332136
-9.8145559408534684 0.2493048299786188 -2.3258609451685897
-9.9602469590996563 0.16263789209628995 -2.3886586208031102
-10.107369822417416 0.071709347353851885 -2.444352929411882
-10.252680736632001 -0.013528628166414152 -2.5096779861525786
-10.392330510087687 -0.081963081122126608 -2.6029269611095627
-10.531891074932428 -0.15020665804760922 -2.6964308838708817
-10.672412972322897 -0.22129297395614536 -2.7852346724663382
-10.812620933088398 -0.29145700605020924 -2.8755841104076225
-10.952722961912434 -0.36129506858756771 -2.9664550584280422
-11.09298347856587 -0.43149814563080485 -3.0567054199533912
-11.233138351587108 -0.50159264929433389 -3.1471871787630969
-11.373147432600042 -0.57157864374821943 -3.2378864556469376
-11.513907427490688 -0.64196000433784517 -3.327577518268289
-11.65384475255015 -0.711943517341455 -3.4184103448440739
-11.792089843521111 -0.78106281738184247 -3.5113427039446412
-11.936243551590161 -0.85310718781751083 -3.5964384132443565
-12.079658043768205 -0.92484513468682739 -3.6832992259680184
-12.185808827547721 -0.9779283267809723 -3.8189661668787362
-12.281301596971492 -1.0256522858592829 -3.9679232883628788
-12.385634228334617 -1.0778125013445583 -4.1054895663383304
-12.488365742673958 -1.1291744795479302 -4.2451828840566241
-12.590196752805944 -1.1801633254689765 -4.3860131302266101
-12.692564787247786 -1.2312767168703271 -4.5261905589485698
-12.794970584267825 -1.2823177840994946 -4.6663188255855568
-12.897124966633877 -1.3338471745252858 -4.8066076246618223
-12.999402850846227 -1.3851974176179631 -4.9468568357994132
-13.102141271784584 -1.4337986883591571 -5.0872347969650971
-13.20359711187316 -1.488536878978723 -5.2272195386011227
-13.305337596818747 -1.5461732334991702 -5.3671973923299348
-13.414759225664662 -1.5571754354879501 -5.5101065686530255
-13.525920252820814 -1.5478453897289211 -5.6551563781918421
-13.638531067614366 -1.5493846967256475 -5.7954731183889203
-13.750801599484051 -1.5517196738825692 -5.9353977847851045
-13.849783582690156 -1.5469298847599833 -6.0956369783490922
-13.974563350576849 -1.5509624345986712 -6.222799088251838
-14.158640310722411 -1.5755825223964708 -6.2552393697949924
-14.337333891872373 -1.5990223767700635 -6.2887311942336348
-14.508759046324725 -1.6197443998845684 -6.3360143631134802
-14.683618197087206 -1.6416284658507527 -6.3782335127780474
-14.858770062591011 -1.6636488999289429 -6.4195069804007616
-15.033173345020185 -1.6854072130242281 -6.4619981202680385
-15.207718932058377 -1.7072082963034059 -6.5043747748117537
-15.382387504678873 -1.7290574055414982 -6.5465380699657505
-15.556985267831134 -1.7508776774051871 -6.5887592927825027
-15.731578368674301 -1.7727005057677634 -6.6310361150863546
-15.906182840068611 -1.7945260975341126 -6.6732946371142132
-16.080801963910602 -1.8163478312399319 -6.7154796840680824
-16.255392627580619 -1.83818065263141 -6.7577746790783584
-16.429981580754252 -1.8600124386991874 -6.8000806060021048
-16.604637376364249 -1.8817984820110993 -6.8421369990320215
-16.779424968031861 -1.9034981896797056 -6.8836967479376483
