#fname degree numKnot L1 L2 L3 L4 MSE traceH AIC AIC0 GCV GCV2 cv_avr cv_stdev cv_error ts_avr ts_stdev ts_error sigma0 sigma_opt
BI_0001_ICA_L_d5_cp120_lmd1d0.000_lmd2d0.000_lmd3d0.000_lmd4d0.000 5 120 0 0 0 0 0.000166574396343592 120 -207.391238138319 3168.12621148922 0.0682193862856544 0.0176865075555411 0.387615112373346 0.508046769298305 0.776839578500426 -0.345047626861779 7.59979525328845 7.61624308226785 1 0.000268443855381177 
BI_0001_ICA_L_d5_cp121_lmd1d0.000_lmd2d0.000_lmd3d0.000_lmd4d0.000 5 121 0 0 0 0 0.000153435258906852 121 -230.08699793109 3174.1203777122 0.0678985557270236 0.0170271919934647 0.387940111283798 0.518251278720199 0.783307547195423 -0.17323154566856 6.32528968144953 6.33381180695906 1 0.000258547428191782 
BI_0001_ICA_L_d5_cp120_lmd1d0.000_lmd2d0.000_lmd3d0.000_lmd4d0.000 5 120 0 0 0 0.0001 0.000169863520377211 114.441405213199 -235.302670899024 3134.77610313949 0.0574788417984418 0.0175590246278634 0.371131511017407 0.493466368891074 0.780078941505194 -0.39175917342547 6.61022840039177 6.63282059975687 1 0.000268443855381177 
BI_0001_ICA_L_d5_cp121_lmd1d0.000_lmd2d0.000_lmd3d0.000_lmd4d0.000 5 121 0 0 0 0.0001 0.000157106192890081 115.382596230015 -257.487375293412 3140.41758498698 0.0568733719687393 0.0169351505670405 0.369945491828013 0.500110034896146 0.78521248812852 0.0219200669104937 4.27772029287804 4.27979679444023 1 0.000258547428191782 
BI_0001_ICA_L_d5_cp120_lmd1d0.000_lmd2d0.000_lmd3d0.000_lmd4d0.000 5 120 0 0 0 0.0002 0.000175224278722421 111.682383633808 -242.990228622805 3118.22435383985 0.0539437978440842 0.0176858829531144 0.363285778471686 0.485825367960128 0.78139756795585 -0.205230132986899 9.2348940926158 9.24192595903117 1 0.000268443855381177 
BI_0001_ICA_L_d5_cp121_lmd1d0.000_lmd2d0.000_lmd3d0.000_lmd4d0.000 5 121 0 0 0 0.0002 0.000162797749874022 112.583923520193 -264.50537775691 3123.62807577935 0.0533194262577983 0.0170936023828099 0.361603969198292 0.491515602191289 0.78626004216563 0.103263113433649 4.97114457857776 4.97141612228602 1 0.000258547428191782 
BI_0001_ICA_L_d5_cp120_lmd1d0.000_lmd2d0.000_lmd3d0.000_lmd4d0.001 5 120 0 0 0 0.0005 0.000193718082912457 106.061360356605 -246.128038936047 3084.50642542569 0.049117070639885 0.0182864835587817 0.35185903517836 0.470384519892258 0.780983094250941 -0.410519980823214 7.13599782831434 7.15838880159725 1 0.000268443855381177 
BI_0001_ICA_L_d5_cp121_lmd1d0.000_lmd2d0.000_lmd3d0.000_lmd4d0.001 5 121 0 0 0 0.0005 0.000182271121636149 106.891588574665 -265.218029599317 3089.48271228324 0.0486060079974696 0.0177816604995544 0.350176787873448 0.474369066948509 0.784728862176655 0.066835804909038 5.20134701181923 5.20209794704128 1 0.000258547428191782 
BI_0001_ICA_L_d5_cp120_lmd1d0.000_lmd2d0.000_lmd3d0.000_lmd4d0.001 5 120 0 0 0 0.001 0.000222025756916194 100.523442479923 -232.535300525729 3051.29148677286 0.0464498348159369 0.0192613866025597 0.343338383926594 0.454486643416598 0.778413692383176 -0.173973292371795 4.92819960206383 4.93918227847361 1 0.000268443855381177 
BI_0001_ICA_L_d5_cp121_lmd1d0.000_lmd2d0.000_lmd3d0.000_lmd4d0.001 5 121 0 0 0 0.001 0.000211562722698778 101.293547866005 -248.504203694302 3055.90747350216 0.0460897561128696 0.0188443109928224 0.34249302052482 0.457085502410863 0.780619052672233 -0.0590266361372919 3.7144471660674 3.72062100962792 1 0.000258547428191782 
BI_0001_ICA_L_d5_cp120_lmd1d0.000_lmd2d0.000_lmd3d0.000_lmd4d0.002 5 120 0 0 0 0.002 0.000268443855381177 94.3558284380546 -192.766511063664 3014.30641215736 0.045202859243735 0.0208057516777315 0.334326672899714 0.435568114353008 0.774958444066484 -0.149086203233027 5.31887547426805 5.32757359972172 1 0.000268443855381177 
BI_0001_ICA_L_d5_cp121_lmd1d0.000_lmd2d0.000_lmd3d0.000_lmd4d0.002 5 121 0 0 0 0.002 0.000258547428191782 95.0674804823516 -205.174409008317 3018.57193040947 0.0449582357312945 0.0204602829247514 0.334278825034856 0.437395642562171 0.776026607912471 -0.465636033927667 6.64842876799633 6.67735510082421 1 0.000258547428191782 
BI_0001_ICA_L_d5_cp120_lmd1d0.000_lmd2d0.000_lmd3d0.000_lmd4d0.005 5 120 0 0 0 0.005 0.000368989534957578 85.9318052227822 -77.0103948753112 2963.80691514746 0.0458036012969418 0.0238190396823607 0.322280122264619 0.407007996113119 0.769470312863716 -0.0505700770388743 3.36831358245379 3.37459437856871 1 0.000268443855381177 
BI_0001_ICA_L_d5_cp121_lmd1d0.000_lmd2d0.000_lmd3d0.000_lmd4d0.005 5 121 0 0 0 0.005 0.00035825086930116 86.5723722954052 -84.9256878111119 2967.64554961565 0.0456028093790139 0.0235119407092913 0.322569455581031 0.408818954793214 0.770184521263614 -0.125217302188565 3.62278566464746 3.63362391958591 1 0.000258547428191782 
BI_0001_ICA_L_d5_cp120_lmd1d0.000_lmd2d0.000_lmd3d0.000_lmd4d0.010 5 120 0 0 0 0.01 0.000484700570613913 79.6853703507158 76.8944036386206 2926.3796816149 0.0476963079418652 0.0268313870553876 0.316501916940547 0.382330767421439 0.761699265098042 0.152910254794632 3.45085486128767 3.45085563634699 1 0.000268443855381177 
BI_0001_ICA_L_d5_cp121_lmd1d0.000_lmd2d0.000_lmd3d0.000_lmd4d0.010 5 121 0 0 0 0.01 0.000471812949166184 80.2763468878036 72.3167828744645 2929.9198187335 0.0474685829219938 0.0265152883187252 0.316817352758794 0.384259033719595 0.76239651432662 0.167037899181667 3.22117747956011 3.22119914696317 1 0.000258547428191782 
BI_0001_ICA_L_d5_cp120_lmd1d0.000_lmd2d0.000_lmd3d0.000_lmd4d0.020 5 120 0 0 0 0.02 0.000644316793332092 73.6992067221679 304.979005312931 2890.53356944649 0.0505612718884331 0.0304353326699041 0.310912134480965 0.358430486015026 0.754902403678384 -0.029248406694435 3.44512271853588 3.45005801126997 1 0.000268443855381177 
BI_0001_ICA_L_d5_cp121_lmd1d0.000_lmd2d0.000_lmd3d0.000_lmd4d0.020 5 121 0 0 0 0.02 0.000627980278883079 74.243738816165 304.305176650105 2893.79350859806 0.0502846954902856 0.030091264355525 0.311381332351355 0.360284815544501 0.755372186232837 0.0070064656689292 3.455038280362 3.45821596900966 1 0.000258547428191782 
BI_0001_ICA_L_d5_cp120_lmd1d0.000_lmd2d0.000_lmd3d0.000_lmd4d0.050 5 120 0 0 0 0.05 0.000937868781872265 66.2952132878683 746.083322963921 2846.23994592361 0.0554734600254533 0.0359999188176933 0.302477513572224 0.328017910833899 0.748518377660874 -0.167737971079298 4.06514684465618 4.0779557034811 1 0.000268443855381177 
BI_0001_ICA_L_d5_cp121_lmd1d0.000_lmd2d0.000_lmd3d0.000_lmd4d0.050 5 121 0 0 0 0.05 0.000915327176196331 66.7830438994676 752.997945783429 2849.15692112028 0.0551319286085152 0.0356106533902109 0.303038887300063 0.329912563671566 0.748846594450759 -0.0420998783700673 2.94779881013432 2.95439573877581 1 0.000258547428191782 
BI_0001_ICA_L_d5_cp120_lmd1d0.000_lmd2d0.000_lmd3d0.000_lmd4d0.100 5 120 0 0 0 0.1 0.00123262026331926 61.1156721979326 1202.51828852779 2815.29356904176 0.0598046456385486 0.0407127118436061 0.295859869954761 0.304762884704421 0.744656403968302 -0.129175326622405 2.19613060443972 2.21446880642367 1 0.000268443855381177 
BI_0001_ICA_L_d5_cp121_lmd1d0.000_lmd2d0.000_lmd3d0.000_lmd4d0.100 5 121 0 0 0 0.1 0.00120445197043887 61.5640830044655 1218.19427738667 2817.97152715892 0.0594240455352849 0.0402920199633347 0.296522211040646 0.306600731729994 0.744806790540507 -0.104169909142834 2.44773647205152 2.46144237547787 1 0.000258547428191782 
BI_0001_ICA_L_d5_cp120_lmd1d0.000_lmd2d0.000_lmd3d0.000_lmd4d0.200 5 120 0 0 0 0.2 0.0015956104823154 56.3055839373079 1774.03528299207 2786.59420713524 0.06447365138321 0.0457463938355283 0.288009933636325 0.28374552238051 0.743554261331276 -0.237558090385167 3.68384685486599 3.70472734632253 1 0.000268443855381177 
BI_0001_ICA_L_d5_cp121_lmd1d0.000_lmd2d0.000_lmd3d0.000_lmd4d0.200 5 121 0 0 0 0.2 0.00156142191187996 56.7174780814777 1802.1342980859 2789.05039227499 0.0640669752047336 0.0453017738012709 0.288793607015006 0.285333980646362 0.743438160145584 -0.150987772404968 2.26684592838774 2.2874342742601 1 0.000258547428191782 
BI_0001_ICA_L_d5_cp120_lmd1d0.000_lmd2d0.000_lmd3d0.000_lmd4d0.500 5 120 0 0 0 0.5 0.00218693562510409 50.4994744476682 2717.23689415082 2752.0200985608 0.0709860087661152 0.05276617980505 0.27578305366668 0.261892490863145 0.74693059056621 -0.0996701104687187 1.91226380393231 1.92917687177776 1 0.000268443855381177 
BI_0001_ICA_L_d5_cp121_lmd1d0.000_lmd2d0.000_lmd3d0.000_lmd4d0.500 5 121 0 0 0 0.5 0.00214357029528535 50.8673657891948 2766.74916604034 2754.20819240352 0.0705448661234451 0.0522892892652449 0.276661509980556 0.263099660313917 0.746532551926647 -0.0877021745712563 1.73813656815965 1.75503031789235 1 0.000258547428191782 
BI_0001_ICA_L_d5_cp120_lmd1d0.000_lmd2d0.000_lmd3d0.000_lmd4d1.000 5 120 0 0 0 1 0.00274677958462417 46.5044439410241 3619.23582176152 2728.29848623897 0.0764234419610098 0.0585413317422552 0.265656883908518 0.248998380460393 0.752055268069802 -0.0330000494958616 1.42780995415221 1.44016291360636 1 0.000268443855381177 
BI_0001_ICA_L_d5_cp121_lmd1d0.000_lmd2d0.000_lmd3d0.000_lmd4d1.000 5 121 0 0 0 1 0.00269244699577593 46.8421120275846 3685.17617431203 2730.30037108888 0.0759163891369596 0.0580087301812843 0.266572177088711 0.250050708972665 0.75154113184158 -0.0388426177019961 1.52879595566183 1.54106410487523 1 0.000258547428191782 
BI_0001_ICA_L_d5_cp120_lmd1d0.000_lmd2d0.000_lmd3d0.000_lmd4d2.000 5 120 0 0 0 2 0.00347889067281631 42.8291413089094 4808.07900930479 2706.57172776943 0.0830016423839812 0.0652790735905565 0.255497385435617 0.236610344820036 0.757689743793409 -0.123947901296271 1.24460775701412 1.27553318836724 1 0.000268443855381177 
BI_0001_ICA_L_d5_cp121_lmd1d0.000_lmd2d0.000_lmd3d0.000_lmd4d2.000 5 121 0 0 0 2 0.00340492635606005 43.1390317270792 4886.48885728815 2708.39823012181 0.0823572266256425 0.0646313251607785 0.25637373664874 0.237743919908949 0.757212414159693 -0.144840016564265 1.26897960983164 1.30397358936867 1 0.000258547428191782 
BI_0001_ICA_L_d5_cp120_lmd1d0.000_lmd2d0.000_lmd3d0.000_lmd4d5.000 5 120 0 0 0 5 0.00494119102339629 38.4243500126285 7200.26161225292 2680.79224134741 0.0949431161667778 0.0769532416415418 0.243097353272833 0.217579949381179 0.763842344149399 -0.0772029202293343 1.06147498327374 1.0866236667765 1 0.000268443855381177 
BI_0001_ICA_L_d5_cp121_lmd1d0.000_lmd2d0.000_lmd3d0.000_lmd4d5.000 5 121 0 0 0 5 0.00481993295840896 38.7009105755618 7289.83182198253 2682.39776614415 0.0940081855260707 0.0760550122950037 0.243939234632949 0.218878393247179 0.763406644084999 -0.0760468419500022 1.06901768038516 1.09374795324962 1 0.000258547428191782 
BI_0001_ICA_L_d5_cp120_lmd1d0.000_lmd2d0.000_lmd3d0.000_lmd4d10.000 5 120 0 0 0 10 0.00663866901706356 35.4074624754609 9989.75008310879 2663.44459635359 0.107100775789807 0.0885386810298527 0.232368799331978 0.203709968546718 0.770349141382538 -0.103115739471454 0.99708385913309 1.03000736702514 1 0.000268443855381177 
BI_0001_ICA_L_d5_cp121_lmd1d0.000_lmd2d0.000_lmd3d0.000_lmd4d10.000 5 121 0 0 0 10 0.00646449270690802 35.6611301062314 10095.7733425448 2664.8892678565 0.105925101704231 0.0874237582765385 0.233400115633884 0.204824481668155 0.769650437185556 -0.103016814913758 0.989497636458372 1.02264041784735 1 0.000258547428191782 
BI_0001_ICA_L_d5_cp120_lmd1d0.000_lmd2d0.000_lmd3d0.000_lmd4d20.000 5 120 0 0 0 20 0.00902061691344832 32.6388278478999 13912.8256430916 2647.89037345422 0.121848496590312 0.10251272854526 0.219295294003045 0.192426251036308 0.780105210039741 -0.13937786788306 0.929554666273293 0.975121328651267 1 0.000268443855381177 
BI_0001_ICA_L_d5_cp121_lmd1d0.000_lmd2d0.000_lmd3d0.000_lmd4d20.000 5 121 0 0 0 20 0.00878055226342539 32.8714447196974 14056.3729677757 2649.17948598039 0.12045908963217 0.101196675212284 0.220513856335656 0.193309692797144 0.779143075547701 -0.136957557714675 0.933484754731645 0.978142792132221 1 0.000258547428191782 
BI_0001_ICA_L_d5_cp120_lmd1d0.000_lmd2d0.000_lmd3d0.000_lmd4d50.000 5 120 0 0 0 50 0.0134591284038874 29.3264313559538 21234.1478020776 2629.9866936043 0.144682558939858 0.124218157762673 0.200254905354884 0.180057328147915 0.795681172999822 -0.167343631404445 0.904743173274443 0.960525639065396 1 0.000268443855381177 
BI_0001_ICA_L_d5_cp121_lmd1d0.000_lmd2d0.000_lmd3d0.000_lmd4d50.000 5 121 0 0 0 50 0.0131152629241155 29.5338651882073 21480.2874547421 2631.0786203248 0.143072444382866 0.122682444189149 0.201483674781198 0.180862926957072 0.794667291104451 -0.168677117666948 0.893070429181566 0.949992705224237 1 0.000258547428191782 
BI_0001_ICA_L_d5_cp120_lmd1d0.000_lmd2d0.000_lmd3d0.000_lmd4d100.000 5 120 0 0 0 100 0.0178887311831927 27.0601113021157 28547.0116151361 2618.35551691528 0.163674838006585 0.142429284612085 0.18696210133245 0.170517103531303 0.806564066728658 -0.128459508319789 0.978857074208323 1.01913541386694 1 0.000268443855381177 
BI_0001_ICA_L_d5_cp121_lmd1d0.000_lmd2d0.000_lmd3d0.000_lmd4d100.000 5 121 0 0 0 100 0.0174647888705484 27.2503613078776 28935.9684853544 2619.30878656304 0.161978564351378 0.140795705421692 0.188067427688236 0.171350546238591 0.805660605509113 -0.134753175070506 0.972134200010543 1.01446100994182 1 0.000258547428191782 
BI_0001_ICA_L_d5_cp120_lmd1d0.000_lmd2d0.000_lmd3d0.000_lmd4d200.000 5 120 0 0 0 200 0.0231873978543868 24.9813810899682 37298.4127770649 2608.2357436444 0.183196374768814 0.161352484087751 0.174836692112753 0.161184112705616 0.816525923924565 -0.0844032336079271 0.779186299872399 0.815200630406244 1 0.000268443855381177 
BI_0001_ICA_L_d5_cp121_lmd1d0.000_lmd2d0.000_lmd3d0.000_lmd4d200.000 5 121 0 0 0 200 0.0226903476688895 25.1559227367488 37897.1832707067 2609.06230324273 0.181479706437649 0.159680236318538 0.175865746599127 0.161965123922758 0.8156718673371 -0.0859146840871337 0.781439574997856 0.817799020801027 1 0.000258547428191782 
BI_0001_ICA_L_d5_cp120_lmd1d0.000_lmd2d0.000_lmd3d0.000_lmd4d500.000 5 120 0 0 0 500 0.0314338455361948 22.4953170423393 50922.9323393525 2596.98078212935 0.209074247242487 0.186758046890423 0.160508580143078 0.149161812274031 0.828327793496447 -0.0330735127302884 0.614826178763419 0.64301387465813 1 0.000268443855381177 
BI_0001_ICA_L_d5_cp121_lmd1d0.000_lmd2d0.000_lmd3d0.000_lmd4d500.000 5 121 0 0 0 500 0.030841900909436 22.6511141825711 51880.7064998068 2597.65274155646 0.207353708044847 0.185059629787151 0.161383693575923 0.149978813535076 0.827614666166623 -0.0317316666512761 0.629233737802452 0.65641997236311 1 0.000258547428191782 
BI_0001_ICA_L_d5_cp120_lmd1d0.000_lmd2d0.000_lmd3d0.000_lmd4d1000.000 5 120 0 0 0 1000 0.0385710965822721 20.7947752470226 62717.5791566091 2589.94647082191 0.228500817836395 0.20604540909969 0.151343680422506 0.139230757469916 0.835632554928557 -0.0518754034869415 0.470188223514632 0.513776949733403 1 0.000268443855381177 
BI_0001_ICA_L_d5_cp121_lmd1d0.000_lmd2d0.000_lmd3d0.000_lmd4d1000.000 5 121 0 0 0 1000 0.0379158481544953 20.9377272062727 64018.4200635296 2590.51325227548 0.226806493163363 0.204356784040842 0.152087220978923 0.140131026430651 0.83505002083547 -0.0501737796448766 0.482328162785322 0.524240720657842 1 0.000258547428191782 
