#spline3d 5 120 5 120
-0.46125141192492897 -0.083944157238553377 0.026986854231032906
-0.23062312289155681 -0.041928833968115801 0.013519600501875022
1.322914664079127e-006 6.110134317106384e-006 6.2050163122377738e-006
0.23061948219611794 0.04191982105590121 -0.0135330708535589
0.46124158609866067 0.083873529566904456 -0.027044185218619798
0.6918563003716659 0.12577976804365065 -0.040598682245563997
0.92249282145333866 0.16771708220079276 -0.054062176992402899
1.1530876202342937 0.20961781742122571 -0.067693484886171912
1.3837493669984675 0.25161769493678637 -0.08104113037798906
1.6142957304706109 0.29342378960472082 -0.094882849426386487
1.8450443872933493 0.33559078655017183 -0.10784995458473648
2.075437308661725 0.3770954880551094 -0.12236967547138844
2.3064550461450541 0.41978001590381919 -0.13415455120269448
2.5363915303941624 0.46043700444791386 -0.1506616535273832
2.768126696658614 0.50440917183318457 -0.15934781140798943
2.9971375558710256 0.54352714946053438 -0.17977982452675653
3.2292622360928434 0.58753850859405354 -0.18719856865285192
3.4623887750795417 0.63689108761090485 -0.1879047924902485
3.6638227502595218 0.61108168296591181 -0.33992001915495229
3.878301574753769 0.62557698944426487 -0.42002675547982909
4.0910401476810296 0.61526918780437068 -0.52938153195939996
4.2969427968887608 0.62529380320118977 -0.6347253998381267
4.517287630384768 0.61384250597355228 -0.72619789744431984
4.723120576232132 0.62139181954335765 -0.83723573259352058
4.8665892209599466 0.68379826601348392 -1.0279590242414889
5.0447652348998764 0.71244934362705081 -1.1716777435881125
5.20417906613649 0.76386397728856748 -1.3427208696115371
5.3741852843162565 0.79426416035831304 -1.4956388556317886
5.537253937377824 0.85360553648475979 -1.6650325051558703
5.7070999557344084 0.85963728861782696 -1.8113333952992163
5.8654496755317806 0.98084729983918406 -2.0021355079619738
6.051890110578408 0.83084853961961203 -2.0938123674348823
6.2313103590259766 0.73484386963981996 -2.2045359822697792
6.4125001434611137 0.63260882932665974 -2.3134718797387479
6.5932862694586083 0.52710816234589253 -2.4209298124951242
6.7741717625611324 0.42549300452713312 -2.5299483227990898
6.9549711835264718 0.3208684642640881 -2.6378060791232296
7.1359441931710084 0.21863722452485987 -2.7465565283672762
7.3165570336920487 0.11397879664587193 -2.8544501509051678
7.4978896118340259 0.012718413480163122 -2.963490406409651
7.677779963615782 -0.094592533448555019 -3.0704869014719551
7.8607535534608797 -0.18937243631807421 -3.1817858982124756
8.0365296880287609 -0.31305587594261691 -3.2830151725564543
8.2304467561353611 -0.36465250457260345 -3.4097533733127894
8.4178215054171943 -0.42990715533026919 -3.5323013143600739
8.6128052035768619 -0.4926061284491558 -3.6524594297943276
8.7892788709729075 -0.55903349125989388 -3.7829953508546392
9.0191186057059891 -0.60983024735718516 -3.8792057710482788
9.0803789395945902 -0.72114873323496309 -4.097318800660517
9.1875456559540716 -0.81656526315192757 -4.2778829653938333
9.2863576152242526 -0.91188857913708965 -4.4694846680256353
9.3768209837296137 -1.0173505336876307 -4.6606719882880485
9.4909961230373519 -1.1001540669332219 -4.8450922353460291
9.5572200918308177 -1.2270958902223015 -5.0451069274863682
9.7124761221836398 -1.2738282654040882 -5.216775347021704
9.8833877669115342 -1.3015694824802952 -5.3792540336953429
10.034325363844669 -1.3510726039338066 -5.5495559313177552
10.200481284536892 -1.3832734673389742 -5.7160599109739305
10.354311643456725 -1.4314828411059288 -5.8824681853857941
10.521795370223964 -1.4584057865745577 -6.0535813404499859
10.667049519619743 -1.5250953751439118 -6.21224216342776
10.858875015713107 -1.5005821965036785 -6.4001665727652473
10.939599801183849 -1.7141094972280331 -6.5183296614965762
11.044170726944248 -1.8705206616016821 -6.6499517935546795
11.144203229152325 -2.0417904656727281 -6.7799324075636633
11.245658400668361 -2.2061362830136044 -6.9097200354488502
11.34401779006788 -2.3802053202374411 -7.0390309540087861
11.4494707544648 -2.535759471098801 -7.1705158445746786
11.540510483741679 -2.7266740423480051 -7.2968029785901951
11.660473204208492 -2.8501100085526745 -7.4341432769735016
11.721777180073142 -3.1027334398943061 -7.5478265464737371
11.900411479182255 -3.117594069280885 -7.7131003373815572
12.082641244264689 -3.0859371302210952 -7.8696006185552339
12.249540152761249 -3.1089308562972762 -8.0270970408807507
12.429266653776669 -3.0947647358997865 -8.1833715617700129
12.598929195142688 -3.1030172366204209 -8.3437376175007412
12.778255076826845 -3.0982976048208108 -8.4948885258557709
12.944789790002856 -3.1009926464183861 -8.6646701455763573
13.133364504905938 -3.0994232454771442 -8.7967949590339316
13.277641688569409 -3.1004069822352873 -9.0078076840540522
13.51693747565699 -3.09966479211892 -9.0500292701740914
13.743888315573647 -3.1004252139988853 -9.1082627895530308
13.968501150128144 -3.0993788986781472 -9.1742992430635404
14.197174053507357 -3.1010831778839556 -9.2310985347484653
14.422336927116357 -3.0981064597000207 -9.2952113753589103
14.650584739935347 -3.1034621515437268 -9.3534544842434002
14.875407640155474 -3.0937073350990185 -9.4175931287019594
15.105137720165116 -3.1112713054161687 -9.4735539854610238
15.327529162226526 -3.0832929108963878 -9.5422560913268679
15.54634025062872 -3.0361424230064951 -9.6166153204560647
15.768360951402846 -3.0064575161564377 -9.6851614546329294
15.988069992275369 -2.9651764471365842 -9.7590093521444778
16.209704277550536 -2.9313730268340441 -9.8267108551780549
16.4292086058535 -2.89230001060794 -9.9030700838144643
16.651596623875694 -2.857574392010068 -9.9671299295367888
16.870205993305841 -2.8193992993839312 -10.044156280512016
17.091121961180228 -2.7795172368277008 -10.131164815209148
17.329945086102342 -2.7735313800802679 -10.044081935609185
17.558233214030057 -2.7519770996688151 -10.038293437854167
17.792223809045058 -2.7378663974837267 -9.9929519036001615
18.023165236340855 -2.7200408221157688 -9.967888131559933
18.255704965863185 -2.704118486295783 -9.9319821899446747
18.487466452462971 -2.687216460921555 -9.9020629723356279
18.719479902930519 -2.6707906097582104 -9.8686532717886877
18.951678246936716 -2.6542148810967161 -9.8375501117093567
19.183202946965331 -2.6374891527520572 -9.8046084774500031
19.416104242237598 -2.621306203828667 -9.7735142819906322
19.64646247279315 -2.6039607655942532 -9.7400699009310117
19.881421933859677 -2.588826995762509 -9.7102364580333056
20.108090772570176 -2.5696589516898038 -9.6742134096413341
20.349638230160476 -2.5577206154032419 -9.6492515515362847
20.564618802455954 -2.5329219015810489 -9.6043894728953187
20.826724658297472 -2.5308991981960522 -9.5950948121858719
21.00668347705215 -2.4890907348636264 -9.5234153766444063
21.322311364651011 -2.5134730321124072 -9.5556106938697276
21.458954119732219 -2.4485371655130241 -9.4476295954536198
21.33521345509109 -2.2684292796062797 -9.159978466842805
21.443647959927063 -2.1952719804529446 -9.039394746575379
21.329624225792706 -2.0173249605427852 -8.7555616766259483
20.788506853859417 -1.6386121257179411 -8.159064716695184
