#spline3d 5 121 5 121
0.24618333381687038 -0.19634281655429811 0.19008133047692263
0.12296768215597445 -0.098261430884199918 0.095108188748441236
-3.0359287831524198e-005 -2.2207137410822652e-005 1.6277080871698187e-005
-0.12291934292565801 0.098297163659270589 -0.095133467675558289
-0.24581325691440237 0.19661604110952549 -0.19027549298619875
-0.36871691026581677 0.2949260765261264 -0.28541551567832252
-0.49162703151541198 0.39323323397488397 -0.38055703483286235
-0.6145092993112804 0.49155431475461997 -0.47569222146035128
-0.73737718414172426 0.58989015807783052 -0.57087136761391788
-0.86024223924952947 0.68824818976828794 -0.66608077041327185
-0.98340348075266759 0.78630233696491447 -0.76082902579959022
-1.1058383378299101 0.88503868529431096 -0.8566177386057463
-1.2282702518285389 0.98394429748037315 -0.95261554677783633
-1.3561977881130143 1.0770781435965442 -1.0400137392839042
-1.4643022217203117 1.189899157207184 -1.1569801180485737
-1.6073301503250659 1.2699890358620836 -1.2243391345701742
-1.8008663163776009 1.2989050247185199 -1.2153772692772378
-1.9754491281908095 1.3459938070032171 -1.2343470872870004
-2.1538936825144659 1.3911136684239469 -1.2478276092304534
-2.3314243555711855 1.4353765577753557 -1.263564167111453
-2.5033260931442145 1.4815279282836116 -1.2848645516803723
-2.7040211014651154 1.517529726626373 -1.2658268276511226
-2.8477900639832789 1.5787044794327025 -1.340070858862747
-2.8974864334078574 1.6649428865416624 -1.5264930271304695
-2.9782773004382403 1.7390489638168942 -1.6661183772637931
-3.0574465160965025 1.8152427764587267 -1.8132024884230682
-3.1319934732502666 1.8931614562999748 -1.9637985256058732
-3.2089161984995402 1.9707528525660756 -2.1117733639908236
-3.2896174997224459 2.0380661954503649 -2.2588685423416406
-3.3541829480038348 2.1413882776374429 -2.4110493883010609
-3.4477951837347893 2.1837831781747097 -2.556321094099038
-3.5835619912164551 2.1301997924609144 -2.6867751406606368
-3.7041903937640153 2.1102419538033139 -2.8219845434357866
-3.8259489071907162 2.0881379596412226 -2.9571008376396475
-3.9496287550569353 2.0615988238671843 -3.0914748444734372
-4.0722128742650687 2.037544367435506 -3.2261935336586909
-4.1948944683512375 2.0131132320062397 -3.3609983487456438
-4.3178585301890147 1.9883967710681527 -3.4955362583689396
-4.4407647509685715 1.9639042051199223 -3.6299816607904711
-4.5626390114518705 1.9393344689438132 -3.7660528054200455
-4.6873223295869169 1.914752973556942 -3.8981755830359863
-4.8101060109222598 1.890265697868877 -4.0320190257802704
-4.9212673943505054 1.8655603827188108 -4.1854146896668061
-5.0868487577462629 1.8409668419036596 -4.2584029680873767
-5.2671820675538372 1.8166355897854205 -4.3066861535567336
-5.4338518008168011 1.7921607906717409 -4.3764282420863001
-5.6058167723749381 1.7677623353407961 -4.4381139476051814
-5.7769630866456199 1.7432839623610912 -4.5009183823397736
-5.9477923540641449 1.7188434388812766 -4.5642608285213226
-6.1190482042397152 1.6946914446576102 -4.6272139711819369
-6.2895951828822847 1.6694467020452417 -4.6902631956833085
-6.4611288183096196 1.6459330994694124 -4.7533144247113741
-6.6331875875087567 1.6230869511519039 -4.8163358613008276
-6.7987782648584671 1.5897526046555004 -4.8796241648341647
-6.9793107203434062 1.5813912400590955 -4.9421289318494965
-7.1529698363856307 1.5598500972604923 -5.0053931038837387
-7.2437486253678642 1.4023371302760992 -5.0724606443867737
-7.3420216406396914 1.2578332580308498 -5.1389760775245401
-7.4498110461625267 1.1282911702093115 -5.2050500810141722
-7.5506624980767718 0.98832889824510184 -5.2719011249983216
-7.6536839470436346 0.85166693074283739 -5.3381087805044425
-7.7584620874259524 0.71136025179694318 -5.4019578948401641
-7.8558958160723247 0.58519674454599058 -5.478910175760535
-7.9666857277130418 0.42989325835036313 -5.5240368965273019
-8.074294294071473 0.28846516883499557 -5.6007458918265201
-8.10266303802244 0.30459929226490196 -5.8019817436117638
-8.1307476946472459 0.31675676044538958 -5.9877335609389393
-8.1704930748428364 0.30759132304979608 -6.1619788560862734
-8.2048730021311975 0.30949178808983968 -6.3441454393197905
-8.2382820122121689 0.31113996200677485 -6.5258602907290362
-8.273454572246612 0.31071135464965555 -6.707108678613495
-8.3161613438882416 0.3033925855264013 -6.8779076651846918
-8.3282388447008096 0.32467669662757986 -7.0819662542165043
-8.3889389542538382 0.30248943777387316 -7.2477004636989406
-8.5604511135900694 0.17301499949664806 -7.272354621816536
-8.6984304877067906 0.075015875368044105 -7.3333829938039781
-8.8376480057967424 -0.023632088515640842 -7.396362646461327
-8.9812739546291311 -0.12669702997640644 -7.4527518947233995
-9.1225981360834147 -0.22752876480043774 -7.5120896737165106
-9.2643257381437998 -0.32876408480233188 -7.5710093638363398
-9.4062304618572714 -0.43011986198245722 -7.6296921653902814
-9.5479936716591283 -0.53135288221183352 -7.6885384863393371
-9.6897290104177518 -0.63277320382944902 -7.7473260680354725
-9.8316383151256037 -0.73375234918013144 -7.806232032384588
-9.9733306575967102 -0.83525779709864645 -7.8649525980502188
-10.114802755876022 -0.93756827350667005 -7.9234459830712405
-10.258054414071468 -1.0347382605314619 -7.9836196950956246
-10.397413907439899 -1.142145298243608 -8.0402404993853906
-10.538216753408307 -1.2485770713402198 -8.0977796691032893
-10.702669975717869 -1.2835548297159558 -8.1782418097257565
-10.865500226769857 -1.318169764326941 -8.2579377579132451
-11.025743131536242 -1.362740089741231 -8.3348497219799214
-11.187742183750935 -1.4017262343103722 -8.4133985426210725
-11.349180141713479 -1.4422138591763056 -8.4915222158379446
-11.510642809324931 -1.4827224668116228 -8.5696504182759838
-11.672197167669983 -1.5230065178019965 -8.6477812561699192
-11.833677742592084 -1.5634228115965487 -8.7259507059260848
-11.99518915439047 -1.6037875055790889 -8.8041024481052652
-12.156696789571713 -1.6441701496327779 -8.8822423892965112
-12.318134081297705 -1.6846574692920224 -8.9604403522688791
-12.479934492508692 -1.7245232960686736 -9.038373004379384
-12.640959282751762 -1.76576877653844 -9.1168993665856117
-12.802210456085298 -1.806492819451299 -9.1951959929137193
-12.967105195192907 -1.8411464400398048 -9.270763969963113
-13.119501563817252 -1.8974769535600746 -9.3562314569938057
-13.264070670898626 -1.9668207969261833 -9.4476416943893469
-13.413353555224788 -2.0282088624686074 -9.5354062609463242
-13.561368966503146 -2.0918188396098869 -9.6241499258748906
-13.709284441348965 -2.1555241719689704 -9.7129821428367169
-13.857408722381155 -2.2188629521180183 -9.8016658049367926
-14.005509569443113 -2.2823309423423623 -9.8903271905186827
-14.153577186599687 -2.3457802338100873 -9.9790518375255015
-14.301623635571364 -2.409269221736539 -10.067781461701868
-14.449702050948048 -2.4727250892922248 -10.15648316032097
-14.597813316911969 -2.5361604222384924 -10.245144261664441
-14.745844690574257 -2.5996386225418515 -10.333907851404442
-14.893923484458616 -2.6631097670413273 -10.422597511896603
-15.042014422592787 -2.7265447931984812 -10.511292773610357
-15.190074564738991 -2.7899845809425332 -10.600035974785655
-15.338230434382137 -2.8534863168124582 -10.688575149410042
-15.486581245179025 -2.9171034821033928 -10.776706532987731
