#spline3d 5 120 5 120
1.0413025406685508 0.79802069052972657 0.4443275021751894
0.48989476937425946 0.42598850185472797 0.059505029985011795
-0.0086004936254448685 0.0082847697909669595 -0.04874189291335209
-0.47094276657812434 -0.4449617904877286 0.051039938989999457
-0.94815942368820538 -0.88240550517808847 0.055989657605194809
-1.3903517659817619 -1.3437911634598902 0.22475303696426635
-1.8399040234985184 -1.7886161210594349 0.30129078097417406
-2.279026040760451 -2.2547895681506818 0.5077125415769087
-2.6334900851086869 -2.6917312523075005 0.76016607940505587
-3.1453618084712329 -3.1807957835394034 0.8929410375864073
-3.3791492998078798 -3.5498771717375015 1.2479752246492559
-4.0633923704775636 -4.2079601439308796 1.4641402744664953
-4.1273047084538241 -3.7021814965156268 0.45452356758958612
-4.2000235727895712 -3.6902797959335754 0.026634092620223652
-4.8605646404890912 -4.1968023776595516 -0.34519541741209608
-5.0011143822540713 -4.4384152396406726 -0.80441599600571223
-5.3734659887012786 -4.933154947020209 -1.2271536679921395
-5.3442731813081998 -5.232053840452024 -1.7912820349377727
-5.4062861653280878 -5.6487887771802905 -2.3069976545179527
-5.2819059504508132 -5.9818074368831988 -2.8487512611994794
-5.2548885279299267 -6.4155721614421246 -3.3431701135916851
-5.1643296325756465 -6.8437148008018829 -3.8122732853723593
-5.1288912734516625 -7.3503212969432692 -4.2336043185901282
-5.0601066252506266 -7.8748794762735326 -4.5922994442243663
-4.9916654826664235 -8.45322387877194 -4.9086705639297463
-4.9087868591424177 -9.0379031354938171 -5.1301267424689359
-4.7809535726807111 -9.6649202809121721 -5.357088037315318
-4.6267387969590414 -10.214607751668201 -5.552990427342972
-4.3697610871750365 -10.820702402122617 -5.8323198425271388
-4.0230436765345452 -11.144484665064549 -6.2105434074263588
-3.5972619975348317 -11.408203980035154 -6.6711381321639749
-3.1322521742179452 -11.442616197147112 -7.1539096680884038
-2.7157496605018983 -11.631748034212393 -7.5280949060252977
-2.1021501718114433 -11.740448120101828 -7.9929359025206077
-1.7741629816579563 -12.333671523139367 -7.9444629087568819
-1.3648389675100767 -12.8057620286353 -7.8654772931059913
-1.2750371044608653 -13.475587089637223 -7.4623890711175243
-0.97325542256835151 -13.77060483807389 -7.2241974230828907
-0.86560443177857671 -14.47190448661784 -6.5536180615149036
-0.50223974264044513 -14.047847216374501 -6.1592163002903764
-0.39588631197788171 -13.806498084259511 -5.5659154460800924
-0.19820203561978281 -12.942367940517533 -5.3115022941224579
-0.46427096290862679 -13.132078211856772 -4.6267367548498237
-0.76323300879536726 -13.280186341159908 -4.166703168958465
-0.98693785045766502 -13.228029054951344 -3.3460957454511826
-0.92568820825343123 -12.603698905731092 -3.1537831526149822
-0.70394483854260248 -11.974583065017249 -2.8315526672217151
-1.2559664220149434 -11.836816676877838 -2.2309809483558087
-1.2056650446087611 -11.655121165438704 -1.6319367192849334
-1.4704962591955439 -11.782540420955886 -0.96852175676578867
-1.1316040381910784 -11.610981645065666 -0.32373703070065685
-1.3444797407101594 -11.912654574746128 0.30224187554392212
-1.3948574063190173 -12.407836678780995 0.70326685610380091
-1.6117634827640173 -12.215610106293603 1.5333863760737176
-1.6002454706962772 -11.980649778066129 1.9133080039027384
-1.5166165935365827 -11.085374952470652 2.25782178015643
-1.6225534679422478 -11.233838903188504 3.0706286809778138
-1.7587756470447149 -12.153626390726972 2.9050666043025273
-1.8623324615216943 -12.56770716414845 3.2982851166496214
-1.9835028039023723 -13.357626594833675 3.2060718580851884
-2.0915808306000265 -13.806844512343247 3.6368764293853966
-2.2161438688102897 -14.521632630894807 3.7505460596209064
-2.316570503704658 -14.86009481724002 4.3308167806245734
-2.4278172439816426 -15.321596205991774 4.7565093694193861
-2.5481519747925629 -15.757139082615748 5.25704796146821
-2.6785012150480796 -16.370515206121777 5.4500289731291565
-2.8015268765129555 -16.979337928737664 5.6495905785131644
-2.9066975182225256 -17.613207049879676 5.7237035530133005
-3.0049268523290253 -18.239326702662087 5.8946909554627673
-3.065256136796906 -18.86710588435421 6.0205346258112336
-3.1250125464172864 -19.442794067566354 6.3505639185508471
-3.0928795880769666 -20.009074245698063 6.6483526469780809
-3.0440908202690564 -20.499212116040489 7.0927818220712187
-2.7962175182720066 -21.056162462510116 7.3515833145668497
-2.4935888797282022 -21.558989892280927 7.6227200014022056
-2.0464145128168623 -22.056083106435789 7.6574977270400328
-1.6761686459002096 -22.514434239375859 7.9602597362076768
-1.2637124069311827 -22.928241361029656 8.2371780427132588
-1.0536217531540579 -23.225935312317702 8.8187527572909641
-0.63568982601656898 -23.541635276998456 9.2156563201700639
-0.2383895388648353 -23.790562956390897 9.6516009821984206
0.37515899335759734 -24.04277690521122 9.8329318947206161
0.94457080468229915 -24.22451820618172 10.029383146589497
1.5655824671829872 -24.370074176899408 10.176561598143309
2.1878497324441493 -24.473562470843401 10.361766084199559
2.7575945788651848 -24.493047412223543 10.65395791480948
3.3113701830809834 -24.494444842470678 11.010815129600218
3.8043432939182305 -24.449033852994436 11.428075139191087
4.3426358199681889 -24.504181757843764 11.789500268636747
4.8873177988588647 -24.5630426851911 12.136949928897605
5.4710371044543722 -24.727788670064189 12.396140457704565
6.0435972601252459 -24.777602981532812 12.667906903834204
6.6639552678973111 -24.863349849479391 12.915079196470881
7.2103514733201051 -24.672158588875305 13.200563345686348
7.7850923873458298 -24.528964125794701 13.489548141666463
8.28712709465613 -24.249901452742368 13.786321927085362
8.8688154188022974 -24.169130107139679 14.101071763770751
9.4251136096481218 -24.131880708701157 14.406547925644388
10.007402770857039 -24.290545835794553 14.702242287785051
10.550302360522576 -24.479851076956042 14.962298218159072
11.101585400519081 -24.748129236651611 15.221628422514407
11.631551374967668 -25.024477699055179 15.430469352887016
12.171593998363688 -25.334288185337314 15.66877333559178
12.692034762282209 -25.627228698884849 15.862264180613113
13.188623517853379 -25.967180807510868 16.175806935697516
13.591173704976123 -26.26727271226628 16.552290464438833
13.773298332748746 -26.577546446235939 17.142213674327085
13.929642335971401 -26.818834933510654 17.699897564280043
13.964078076078094 -27.128125148831735 18.282350297994359
14.243399438845813 -27.482643048707981 18.788284457538534
14.197945845081438 -27.958111431207573 19.233108118023893
14.304298197777003 -28.442098846332698 19.675347590415083
14.118084502089644 -28.970474583917291 20.025552044224284
14.086693957195635 -29.487683377129123 20.422565114163508
13.869472829204064 -30.02251333996195 20.735565950810155
13.753914038816113 -30.550846964935765 21.093252474671878
13.519533591968329 -31.086845267060255 21.386510504227555
13.360884063555851 -31.619151797706451 21.717407213037944
13.068879555824687 -32.15492267966259 21.973386030803386
12.615665132404729 -32.69453016969419 22.135142503671887
