#fname degree numKnot L1 L2 L3 L4 MSE traceH AIC AIC0 GCV GCV2 cv_avr cv_stdev cv_error ts_avr ts_stdev ts_error sigma0 sigma_opt
BH_0024_ICA_R_d5_cp120_lmd1d0.000_lmd2d0.000_lmd3d0.000_lmd4d0.000 5 120 0 0 0 0 0.000416102461590952 120 158.053048984043 3300.57413719074 0.0883938886832182 0.0274325861430695 0.428033146981098 0.613189814333301 0.821886735642424 -0.480583369438098 6.26637217414734 6.29854507696755 1 0.000620538055532939 
BH_0024_ICA_R_d5_cp121_lmd1d0.000_lmd2d0.000_lmd3d0.000_lmd4d0.000 5 121 0 0 0 0 0.000457388580758581 121 238.780640741983 3306.59345909452 0.0953233316251326 0.0288442357943474 0.43155191949335 0.592436996699142 0.804138452850779 -0.220117370031227 6.20817070687528 6.21950673214893 1 0.000808326433095564 
BH_0024_ICA_R_d5_cp120_lmd1d0.000_lmd2d0.000_lmd3d0.000_lmd4d0.000 5 120 0 0 0 0.0001 0.000422245089357083 114.582712552535 130.181997136829 3268.07328725575 0.0773972000858322 0.0272107409351937 0.413239006352846 0.602381577081067 0.82387562202507 -0.486448537858754 5.334505473268 5.37295925260913 1 0.000620538055532939 
BH_0024_ICA_R_d5_cp121_lmd1d0.000_lmd2d0.000_lmd3d0.000_lmd4d0.000 5 121 0 0 0 0.0001 0.000462698075897819 115.541575134135 209.104151262551 3273.84539474305 0.0829400846686132 0.0285618808959722 0.415499491501046 0.584039299382524 0.808995332847049 0.000455500289585217 5.03504194473717 5.03742001365643 1 0.000808326433095564 
BH_0024_ICA_R_d5_cp120_lmd1d0.000_lmd2d0.000_lmd3d0.000_lmd4d0.000 5 120 0 0 0 0.0002 0.000432578663173991 111.906735662528 121.919553949297 3252.02226202826 0.0735842543640417 0.0273347207349127 0.406688734614223 0.597394278917086 0.824738474871398 -0.392576902445801 4.76662675629102 4.79800119552238 1 0.000620538055532939 
BH_0024_ICA_R_d5_cp121_lmd1d0.000_lmd2d0.000_lmd3d0.000_lmd4d0.000 5 121 0 0 0 0.0002 0.00047089252660574 112.838831039609 197.632060718424 3257.63276517882 0.0784318210867515 0.0285944189087924 0.408678853934583 0.581295142021525 0.811762551264702 -0.00456232473859135 5.07293583660772 5.0754516432592 1 0.000808326433095564 
BH_0024_ICA_R_d5_cp120_lmd1d0.000_lmd2d0.000_lmd3d0.000_lmd4d0.001 5 120 0 0 0 0.0005 0.000470069599832462 106.40743845377 117.198842950129 3219.04402453407 0.0682007483618182 0.0280612781095602 0.397046510829126 0.58631581899677 0.823491412491164 -0.33165910865377 5.28258793745499 5.30497781317553 1 0.000620538055532939 
BH_0024_ICA_R_d5_cp121_lmd1d0.000_lmd2d0.000_lmd3d0.000_lmd4d0.001 5 121 0 0 0 0.0005 0.000501082050614741 107.288083488195 181.806525321437 3224.34240856758 0.0716875609808725 0.0290428870706937 0.398824972607402 0.5743438263144 0.813750006588873 0.015730065395829 5.82362082375066 5.82529122056975 1 0.000808326433095564 
BH_0024_ICA_R_d5_cp120_lmd1d0.000_lmd2d0.000_lmd3d0.000_lmd4d0.001 5 120 0 0 0 0.001 0.000528241458271755 100.937371179833 128.250736109006 3186.25084532019 0.0651154277980282 0.0293036638693 0.389432753856361 0.574452584446504 0.820506491204804 0.0421974807988191 5.54934162607068 5.55049252522359 1 0.000620538055532939 
BH_0024_ICA_R_d5_cp121_lmd1d0.000_lmd2d0.000_lmd3d0.000_lmd4d0.001 5 121 0 0 0 0.001 0.0005497307946251 101.767690455128 176.850525743348 3191.24281798138 0.0674437222980284 0.0299615467767209 0.390776916235116 0.566276941029536 0.813837527878369 0.261605902043644 6.42797645734279 6.42885671309808 1 0.000808326433095564 
BH_0024_ICA_R_d5_cp120_lmd1d0.000_lmd2d0.000_lmd3d0.000_lmd4d0.002 5 120 0 0 0 0.002 0.000620538055532939 94.8034327453042 161.055741318919 3149.49040952054 0.0635011728947711 0.0312386619179817 0.38188952948819 0.559059354735119 0.815277854857732 0.175453805775077 5.56197782555344 5.56201461824407 1 0.000620538055532939 
BH_0024_ICA_R_d5_cp121_lmd1d0.000_lmd2d0.000_lmd3d0.000_lmd4d0.002 5 121 0 0 0 0.002 0.000630613785361221 95.576816242429 186.534430318829 3154.13542594484 0.0648339860985956 0.031556648672452 0.383033368703094 0.554301828347069 0.811187353079093 0.107226955254155 4.73398954909184 4.73423285025675 1 0.000808326433095564 
BH_0024_ICA_R_d5_cp120_lmd1d0.000_lmd2d0.000_lmd3d0.000_lmd4d0.005 5 120 0 0 0 0.005 0.000814134977730939 86.3845897174271 256.550423983684 3099.06795471286 0.0639392324024557 0.0349919508770921 0.372344451994489 0.533239504320794 0.804918820431641 0.180570740355745 3.01162498942491 3.01173165803266 1 0.000620538055532939 
BH_0024_ICA_R_d5_cp121_lmd1d0.000_lmd2d0.000_lmd3d0.000_lmd4d0.005 5 121 0 0 0 0.005 0.000808326433095564 87.0794944257675 238.44150450596 3103.23466456401 0.0643531091486969 0.0349305071758943 0.373127667901797 0.532041384085605 0.80353848984071 0.285739491079656 4.51723791184268 4.51912302128835 1 0.000808326433095564 
BH_0024_ICA_R_d5_cp120_lmd1d0.000_lmd2d0.000_lmd3d0.000_lmd4d0.010 5 120 0 0 0 0.01 0.00104408664611459 80.1258213020087 392.423729668258 3061.62296160115 0.0664352947046232 0.0389873085070491 0.365238984858684 0.510761644045975 0.795642118413453 0.0502394488575934 3.43869957511466 3.4403017795085 1 0.000620538055532939 
BH_0024_ICA_R_d5_cp121_lmd1d0.000_lmd2d0.000_lmd3d0.000_lmd4d0.010 5 121 0 0 0 0.01 0.00102471193554191 80.7628398331245 325.823159982187 3065.4360054233 0.0663732526624883 0.0386874160466324 0.36597354787998 0.511306664387824 0.795429266695111 0.191785862038329 2.86615432444358 2.86638752568057 1 0.000808326433095564 
BH_0024_ICA_R_d5_cp120_lmd1d0.000_lmd2d0.000_lmd3d0.000_lmd4d0.020 5 120 0 0 0 0.02 0.00139065858157922 74.1204365952881 617.770501004531 3025.75284902663 0.0710492242000955 0.0443090731145894 0.356625932453836 0.486975448772923 0.787335438689972 -0.0873010067363095 3.37136959255268 3.38008148867186 1 0.000620538055532939 
BH_0024_ICA_R_d5_cp121_lmd1d0.000_lmd2d0.000_lmd3d0.000_lmd4d0.020 5 121 0 0 0 0.02 0.00135380784014945 74.7027213941767 480.000426396342 3029.22931167297 0.0706036417744582 0.0437827891126336 0.357403646504192 0.488756866330834 0.787828400439859 -0.0357752337631191 3.0169320150719 3.02297190618595 1 0.000808326433095564 
BH_0024_ICA_R_d5_cp120_lmd1d0.000_lmd2d0.000_lmd3d0.000_lmd4d0.050 5 120 0 0 0 0.05 0.00214032865505457 66.6859284984247 1138.55278069774 2981.49664603983 0.0808062482893934 0.053951273204717 0.341836593035765 0.453328567848263 0.778958887272114 -0.0300556041898496 2.37913319534983 2.38633672351774 1 0.000620538055532939 
BH_0024_ICA_R_d5_cp121_lmd1d0.000_lmd2d0.000_lmd3d0.000_lmd4d0.050 5 121 0 0 0 0.05 0.00206977848078006 67.201937650774 849.524120009686 2984.55968347237 0.0799250732228201 0.0531229487017016 0.3428598401493 0.456106882267894 0.77974888443049 0.0028747508324683 2.12157980945935 2.12704276078829 1 0.000808326433095564 
BH_0024_ICA_R_d5_cp120_lmd1d0.000_lmd2d0.000_lmd3d0.000_lmd4d0.100 5 120 0 0 0 0.1 0.00305280897499891 61.4817596648106 1795.50601224737 2950.69867382788 0.0911924293883795 0.0636085698189609 0.326534651539637 0.426900561660646 0.776617472219657 -0.0393169027565329 2.2991494452488 2.30736516025454 1 0.000620538055532939 
BH_0024_ICA_R_d5_cp121_lmd1d0.000_lmd2d0.000_lmd3d0.000_lmd4d0.100 5 121 0 0 0 0.1 0.00294503666864792 61.9524889889524 1324.77917479715 2953.47261233336 0.0900166082991481 0.0625481333879738 0.327999421529953 0.429977517061122 0.777092561130194 0.0138442890748798 2.39658290811396 2.40074938353623 1 0.000808326433095564 
BH_0024_ICA_R_d5_cp120_lmd1d0.000_lmd2d0.000_lmd3d0.000_lmd4d0.200 5 120 0 0 0 0.2 0.0044097499118992 56.6468745591742 2789.8801231572 2922.32441155253 0.104267760284691 0.0755506198419956 0.307075191718484 0.398875158915878 0.778215742592825 -0.0810391357367668 2.14306444317844 2.15604848039755 1 0.000620538055532939 
BH_0024_ICA_R_d5_cp121_lmd1d0.000_lmd2d0.000_lmd3d0.000_lmd4d0.200 5 121 0 0 0 0.2 0.00425379560844769 57.0763852331681 2053.25996965787 2924.82848898248 0.102852044749071 0.0742801996802592 0.308973219063857 0.402183450352842 0.778290998994838 -0.0675336008306801 2.30215271832183 2.31290459909601 1 0.000808326433095564 
BH_0024_ICA_R_d5_cp120_lmd1d0.000_lmd2d0.000_lmd3d0.000_lmd4d0.500 5 120 0 0 0 0.5 0.00703813037898553 50.8087384414346 4737.13433910049 2888.52567690469 0.124415241983925 0.0941107650182605 0.277847451711247 0.355740028850904 0.782933404614712 0.0912054473332843 1.41688007926853 1.41832556854414 1 0.000620538055532939 
BH_0024_ICA_R_d5_cp121_lmd1d0.000_lmd2d0.000_lmd3d0.000_lmd4d0.500 5 121 0 0 0 0.5 0.00681878790512471 51.1895202056084 3503.0026666745 2890.70771521197 0.122906111970506 0.0927173081515113 0.279851640752572 0.35945554905167 0.782847635925577 0.0693782175355211 1.40147600508617 1.40410268001097 1 0.000808326433095564 
BH_0024_ICA_R_d5_cp120_lmd1d0.000_lmd2d0.000_lmd3d0.000_lmd4d1.000 5 120 0 0 0 1 0.00957720690737993 46.7905061124902 6627.95635778295 2865.60457074632 0.139792425073305 0.108734443642244 0.258162643901 0.317635719399126 0.784328981041188 0.251658701047623 1.31226912451226 1.31580776751132 1 0.000620538055532939 
BH_0024_ICA_R_d5_cp121_lmd1d0.000_lmd2d0.000_lmd3d0.000_lmd4d1.000 5 121 0 0 0 1 0.00932769613422635 47.1383636201104 4931.2883965896 2867.5749447502 0.138400269244336 0.107397385385034 0.259737940874824 0.321584119986561 0.784499161049565 0.239304032945824 1.34156348628312 1.34419574157306 1 0.000808326433095564 
BH_0024_ICA_R_d5_cp120_lmd1d0.000_lmd2d0.000_lmd3d0.000_lmd4d2.000 5 120 0 0 0 2 0.0123887852913131 43.0930994223742 8726.21992554185 2844.7359492893 0.153786593058546 0.122593214294911 0.243098122444143 0.277790322212351 0.783122231255623 0.280106036604728 1.21673803945642 1.22313008526514 1 0.000620538055532939 
BH_0024_ICA_R_d5_cp121_lmd1d0.000_lmd2d0.000_lmd3d0.000_lmd4d2.000 5 121 0 0 0 2 0.0121273022987896 43.411060948938 6529.8238006932 2846.52134440818 0.152584694803525 0.121383394549237 0.244388873889276 0.281469402293693 0.783230162118298 0.284633488721006 1.37844515680016 1.384506446361 1 0.000808326433095564 
BH_0024_ICA_R_d5_cp120_lmd1d0.000_lmd2d0.000_lmd3d0.000_lmd4d5.000 5 120 0 0 0 5 0.0162863707306129 38.6609345495725 11639.1243117331 2819.96703003808 0.169665730639332 0.139109761078672 0.225060290147557 0.231818966495014 0.78523427635995 0.253187382119413 0.847745600875587 0.853387136727765 1 0.000620538055532939 
BH_0024_ICA_R_d5_cp121_lmd1d0.000_lmd2d0.000_lmd3d0.000_lmd4d5.000 5 121 0 0 0 5 0.016016504431329 38.9434988620212 8754.76540007021 2821.53611848471 0.168660323392898 0.138043269020344 0.226246872435891 0.234745692152097 0.784970924261327 0.25668434590222 0.855586520850202 0.861581499258747 1 0.000808326433095564 
BH_0024_ICA_R_d5_cp120_lmd1d0.000_lmd2d0.000_lmd3d0.000_lmd4d10.000 5 120 0 0 0 10 0.0194390715548684 35.6248115315797 13998.6247379405 2803.22575591588 0.18068636354313 0.150911677949575 0.211685982112416 0.203082336443978 0.790153083908025 0.241547280854785 0.718238740022513 0.72340773602217 1 0.000620538055532939 
BH_0024_ICA_R_d5_cp121_lmd1d0.000_lmd2d0.000_lmd3d0.000_lmd4d10.000 5 121 0 0 0 10 0.0191446406206611 35.8833701325602 10547.51419515 2804.63931384455 0.179698755269954 0.149854048993826 0.212879256142336 0.205513907061854 0.789629317955034 0.242770583777929 0.729488062409392 0.734722665902216 1 0.000808326433095564 
BH_0024_ICA_R_d5_cp120_lmd1d0.000_lmd2d0.000_lmd3d0.000_lmd4d20.000 5 120 0 0 0 20 0.0230487157233111 32.8382505038119 16704.2419887931 2788.1957032201 0.192296825455317 0.163274553471622 0.198159339748615 0.178642203581705 0.797404296873936 0.211221559068492 0.612466066880932 0.615020740245036 1 0.000620538055532939 
BH_0024_ICA_R_d5_cp121_lmd1d0.000_lmd2d0.000_lmd3d0.000_lmd4d20.000 5 121 0 0 0 20 0.022702122101328 33.0749326812663 12590.3529048318 2789.45359046974 0.191212980542786 0.162130469855482 0.199350916506 0.180684040275307 0.796703635815097 0.216222769038508 0.623751716768666 0.626727344437943 1 0.000808326433095564 
BH_0024_ICA_R_d5_cp120_lmd1d0.000_lmd2d0.000_lmd3d0.000_lmd4d50.000 5 120 0 0 0 50 0.029020759048074 29.5041779518786 21188.2582997815 2770.98618418449 0.210088751574119 0.181817121148183 0.181245612090906 0.151757585881115 0.808421642946317 0.108124054880349 0.566817382391475 0.568770836689258 1 0.000620538055532939 
BH_0024_ICA_R_d5_cp121_lmd1d0.000_lmd2d0.000_lmd3d0.000_lmd4d50.000 5 121 0 0 0 50 0.0285691806378884 29.7148594374477 15967.0668996183 2772.03893440194 0.208795550222629 0.180483705481251 0.182314752516472 0.153345854628832 0.807671579593923 0.111863189494202 0.563653806043971 0.565319108620718 1 0.000808326433095564 
BH_0024_ICA_R_d5_cp120_lmd1d0.000_lmd2d0.000_lmd3d0.000_lmd4d100.000 5 120 0 0 0 100 0.034652522151865 27.2229511392167 25421.9577173209 2759.93448844109 0.225503639207363 0.197648856079595 0.17018653804496 0.136256369967139 0.816557531280334 0.0794790174960269 0.57235791475316 0.577348030246401 1 0.000620538055532939 
BH_0024_ICA_R_d5_cp121_lmd1d0.000_lmd2d0.000_lmd3d0.000_lmd4d100.000 5 121 0 0 0 100 0.0341181974401406 27.4159325799485 19166.00987303 2760.8423131204 0.224094128645771 0.196205015185582 0.171079326707738 0.137416800009794 0.815871922095985 0.0805725108544769 0.576241295306014 0.581056572373658 1 0.000808326433095564 
BH_0024_ICA_R_d5_cp120_lmd1d0.000_lmd2d0.000_lmd3d0.000_lmd4d200.000 5 120 0 0 0 200 0.0410152576009228 25.1305227888163 30208.0777226265 2750.35767852885 0.24141205479817 0.214014315930258 0.161645808006644 0.125770771372991 0.823312863213562 0.0587401840767375 0.499795822135884 0.509023394495438 1 0.000620538055532939 
BH_0024_ICA_R_d5_cp121_lmd1d0.000_lmd2d0.000_lmd3d0.000_lmd4d200.000 5 121 0 0 0 200 0.0404369812569351 25.307321306189 22811.7698385874 2751.1478363041 0.240028439862787 0.212585126961593 0.16227888144819 0.126485652811294 0.822796818757798 0.0659253020833915 0.516726467789659 0.524385677280376 1 0.000808326433095564 
BH_0024_ICA_R_d5_cp120_lmd1d0.000_lmd2d0.000_lmd3d0.000_lmd4d500.000 5 120 0 0 0 500 0.0496011442008993 22.6280493814869 36668.4029406388 2739.36103301366 0.260498929456269 0.234028548322591 0.15479458315786 0.119033177622063 0.829090232796334 0.0384814398289232 0.385183128464396 0.40248559821517 1 0.000620538055532939 
BH_0024_ICA_R_d5_cp121_lmd1d0.000_lmd2d0.000_lmd3d0.000_lmd4d500.000 5 121 0 0 0 500 0.0490411897613452 22.7855559383207 27778.2523858182 2740.04401367695 0.259330609384959 0.232786133187142 0.155134239119882 0.119249432331016 0.828785185183748 0.0374212329487683 0.393938092205151 0.411174536493079 1 0.000808326433095564 
BH_0024_ICA_R_d5_cp120_lmd1d0.000_lmd2d0.000_lmd3d0.000_lmd4d1000.000 5 120 0 0 0 1000 0.0557541292913011 20.9162668599918 41298.616413455 2731.969934907 0.272684255586398 0.247169855327164 0.151621777244557 0.118001735153884 0.832083393125753 0.0584044539110574 0.306133256868366 0.321078526910244 1 0.000620538055532939 
BH_0024_ICA_R_d5_cp121_lmd1d0.000_lmd2d0.000_lmd3d0.000_lmd4d1000.000 5 121 0 0 0 1000 0.0552232726100508 21.0606166362822 31347.1680749247 2732.58759263792 0.271673293113048 0.246069789418616 0.151862775199025 0.11800733681773 0.831845626234581 0.0560675321610501 0.30927419188142 0.324780466824635 1 0.000808326433095564 
