#spline3d 5 120 5 120
-0.28370307517342119 -0.17016795651972424 -0.109987829589964
-0.14184896948897363 -0.085089774850745065 -0.054914159109544967
1.1344205617737424e-006 -2.6369217561067815e-006 1.8063474216375545e-005
0.14184193096294187 0.085099366987257494 0.054895898592418287
0.28366843381294227 0.17022020433385443 0.10980401135008314
0.42548104240200474 0.25536692124867821 0.16481268443715824
0.56736946929954135 0.34041148680827282 0.21961827209134779
0.70928665962538473 0.42538511430320364 0.27423442738896003
0.85095940684528093 0.5107149991637906 0.32967937191527724
0.99262781436750103 0.59618890212850517 0.3854087271909154
1.1351950596332332 0.68016683305369352 0.43755095742885292
1.2772885180882294 0.76446416163038566 0.49073585215109938
1.4152280763609753 0.85594044601216124 0.56103017001973166
1.5615667064555929 0.93601389643186261 0.60270889931119298
1.7250420103610213 0.98737728968142813 0.57554647752937294
1.8925164563771038 1.0306873569650368 0.52969419655127414
2.0558145437196593 1.0812286915021887 0.501085034097287
2.2194692338147308 1.1313654480444277 0.47143473806284941
2.3838638602707314 1.1802036554773583 0.43868860743774285
2.5480774274143654 1.2292962498252535 0.40654524377061574
2.7121393037545909 1.2786757950414125 0.3750730721462861
2.8762796995893565 1.3279205603011859 0.34334853666245074
3.0404521404321896 1.3770933659700697 0.31151004581612668
3.2045832960334248 1.4263546560140852 0.27975010085721252
3.3687132711758703 1.4756504040797063 0.24799531154146173
3.5328665257480041 1.5248284535705956 0.21621447250279585
3.6970206547749536 1.5739214254028504 0.18441829829260303
3.8610925091299455 1.6236100461356264 0.15272955198625979
4.0252548815358367 1.6729667979038163 0.12096900978754105
4.1895922847796676 1.7206631931664478 0.088907837059461828
4.3535668002640193 1.769933290288465 0.057183498809787493
4.516825324176323 1.8274273497348763 0.026951287123701425
4.683147589637084 1.8641133163124615 -0.0073646525713819203
4.8530629331987409 1.8640385773362635 -0.048476264820081265
5.0228868535820048 1.8579695387296036 -0.090539636513087607
5.1920828859657426 1.8594899979370274 -0.13123723359576411
5.3614139309863065 1.8605959199530653 -0.17203308019462368
5.5308831837299612 1.8599811048008246 -0.21312976053592797
5.7002838114907872 1.8598570079879322 -0.25412757376282408
5.8696744897857043 1.8599749649616462 -0.29508688113728004
6.0390657723555288 1.860084813555055 -0.33606488122011785
6.2084606019260677 1.8600932874940332 -0.37705014552669591
6.3779253743483162 1.8595411645108737 -0.41804908638895921
6.5472859132503389 1.8599898706379063 -0.45903279609727832
6.7164842281532717 1.8616135864109256 -0.49996902163242823
6.886137520055402 1.8589078462658988 -0.54101174306402422
7.0563135808085127 1.8535168376462554 -0.58217705314625379
7.223323432823741 1.8760759646819283 -0.62257607237041201
7.3871348541212809 1.9240603785303854 -0.66221544283021072
7.5515026177550313 1.9668978128323418 -0.70198206845821054
7.7163138189088567 2.0064272086344008 -0.74185089213779221
7.8809591609418757 2.0473369392074541 -0.78169139843029367
8.0454997521613194 2.0889885360552745 -0.82150732102372737
8.2101249616588099 2.1301046124238705 -0.86132012278869841
8.3747609200619948 2.1712245799489001 -0.90112434240488992
8.5393291274260736 2.212199661400807 -0.94103472371672348
8.7038906132421481 2.253191944524632 -0.98092274638568311
8.8687485523578005 2.2955942212885119 -1.0202473421068139
9.0332774872914001 2.3360911693523385 -1.06034753268197
9.1970697036989382 2.3730780819888895 -1.1017643144939882
9.3625085623849387 2.419715006008675 -1.1394080540251144
9.5302474083992834 2.4751244021561081 -1.1739091013947813
9.6868108188769124 2.4695262081676308 -1.2319811433774379
9.8302954463394201 2.3985787633466082 -1.3149351539782472
9.9757535269580551 2.3389204372123809 -1.3934928427976938
10.122992422301483 2.2877959228437779 -1.468826306672175
10.269677348402251 2.2337042680338208 -1.5453124292138267
10.41589970044282 2.1774171842036907 -1.6226245197135409
10.562428800903907 2.1226696939403475 -1.6993421173997922
10.708971413308964 2.0679623655653114 -1.7760488844831333
10.855450949828487 2.0129489506139038 -1.8528701108818166
11.001931448180596 1.9579509230700702 -1.9296798219438798
11.148449558533079 1.9030895342579561 -2.006459672076073
11.294942696840085 1.8481586276390303 -2.083255707927715
11.441359412248108 1.7930222845424879 -2.1600836043469087
11.587907898138353 1.7382208135898807 -2.2368628086813849
11.734690670611325 1.6839913990882294 -2.3135232304626907
11.880738738165624 1.627912328345551 -2.3904669235146674
12.02637307556871 1.5707747199090902 -2.4676301990092804
12.176797840198136 1.5256326399430797 -2.5428762665279416
12.330713662265858 1.4894869820733665 -2.6166046334081039
12.484147399135662 1.4522178652435069 -2.6904903825805433
12.636877350797571 1.4131180167234649 -2.7646845294537981
12.789948187577375 1.3748626329582079 -2.8387370661254567
12.943072171340997 1.3367652331563948 -2.9127705564300004
13.096110232750043 1.2984742922093897 -2.9868497420809281
13.249165948820437 1.2601755159076293 -3.060898989129583
13.402256897436423 1.2219287424176573 -3.1349196332150915
13.555266092506148 1.1836661156871591 -3.2090559022504959
13.708242677389146 1.1453910115616803 -3.283225466085844
13.861659369818625 1.1071581115112432 -3.3567606820315699
14.014625364424569 1.0688774214846095 -3.4309997331036968
14.166546621532229 1.0305180476025717 -3.5066986527442028
14.320430037211652 0.99235983275887096 -3.5793672038079061
14.478694797143808 0.95448884175869642 -3.6461343733448173
14.619797772201558 0.91511854552710403 -3.7381575963451583
14.738976083395467 0.87418507102786169 -3.8604337240168918
14.858073351226791 0.83344078413579803 -3.9817654690896864
14.98101011707517 0.79294171523145196 -4.0979808969313867
15.10326833964435 0.75236327496311262 -4.2152788812142186
15.224682626009184 0.71174265711059692 -4.3336926689227138
15.346453487821245 0.67114083746514652 -4.4515621378854036
15.468281983039033 0.63051065383732952 -4.5694196306409598
15.590150145525959 0.58994626681471352 -4.6872064167215104
15.712075035892601 0.54948504581243862 -4.8047587015695106
15.833407018632101 0.50858397213300088 -4.9233792581748483
15.9551043858591 0.46776019248487749 -5.0418268700228328
16.078652025844274 0.42835783522217524 -5.1566581525169015
16.200152048280593 0.38827799201797047 -5.273125758989913
16.313199851314824 0.34085869525923634 -5.408441569126369
16.449006518180841 0.30753207041849384 -5.5080796602700781
16.623684577409751 0.30587989118835612 -5.5265618083150834
16.803524005026482 0.31165848096970528 -5.5256872886712962
16.975593313801156 0.31057460653678703 -5.5424473604016526
17.148172658539103 0.30944862487829755 -5.5593635399404828
17.322582581684387 0.30996154928670661 -5.572063275442444
17.496440647930218 0.31014153588899684 -5.5856040316483959
17.669953368178582 0.30998649997873134 -5.6000079726058418
17.843508710417154 0.30971823838193341 -5.6147084521904214
18.017499383849056 0.30955044643431062 -5.6291616649634832
