#spline3d 5 120 5 120
0.93431077655297001 -0.14068457200963091 0.41753461239143841
0.36952540515000987 -0.020318867144095844 0.19003761798963698
-0.028875703666203137 0.014802223284348898 -0.0055658463166997039
-0.30259545451450343 -0.013996319683856466 -0.1771070050460774
-0.69427364346010667 0.017753393474757469 -0.37148340878074088
-0.93817566433132293 -0.026475255313561558 -0.53728438154134572
-1.4006382166839386 0.042016054333551787 -0.74512466796822274
-1.5211683202330306 -0.066992360632887049 -0.88809975128464802
-2.1666026217346777 0.10073194734031486 -1.1276406066155686
-2.1377299258493916 -0.10545286241960034 -1.2522415164573995
-1.6718346378370159 -0.44695133772531198 -1.3186173575651816
-2.4347199453506851 -0.041097961592356971 -1.6534711393327348
-2.4357446166436714 -0.10964112963807127 -1.7919998996336985
-2.8879227803864729 0.13377616383647239 -2.0826244412112906
-3.0720656949536598 0.12078992638597694 -2.2138071025641328
-3.4102788417144021 0.4344665616161188 -2.6006127608344278
-3.7037955408895233 0.067676608914168102 -2.4022843783594858
-4.0218322774720869 -0.077154219468011639 -2.3830865331701223
-4.3253286625813621 -0.31116833815797806 -2.2947556662297974
-4.6362260445397006 -0.50031933273341656 -2.2434867800675566
-4.9453997454220575 -0.71971852337620534 -2.1609710409102489
-5.2507883398606188 -0.90974979302209058 -2.117922026306196
-5.5669783121795104 -1.1401260803039297 -2.0111303528093911
-5.8609608589513131 -1.2988535916848678 -2.0245530311478555
-6.1993490730749192 -1.6115134882362159 -1.7775306035913627
-6.4456791375390763 -1.537087852283584 -2.1821425733737332
-6.7375066400006753 -1.5456428422741599 -2.3926781245059727
-6.9799230241065198 -1.5644964858530779 -2.6833942960771497
-7.2884960002218753 -1.5285679459832047 -2.9203674712167667
-7.540606480268675 -1.5566328230627118 -3.2009344006072702
-7.5003007686997183 -1.7994218159931994 -3.5744475750571096
-7.6692799876386051 -1.9071976952589935 -3.8744504721513486
-7.6653885628007359 -2.0981319235993268 -4.2381658467144883
-7.8229568661398554 -2.2363090521507076 -4.5427111481808478
-8.0813167574243554 -2.379092876363035 -4.7973626248249994
-8.268497817247848 -2.5227685841106218 -5.0860087250307879
-8.4954403842184654 -2.6649093210345249 -5.3532869473895941
-8.7089669951458948 -2.7972749784801314 -5.6396909006493345
-8.8952626633611249 -3.0117211030688225 -5.8809121797120421
-9.1051226153112843 -3.2166518425468338 -6.1386379733523206
-9.2810676532905116 -3.3822099879014682 -6.3952136151947263
-9.5145037532263146 -3.6437166990538885 -6.6398193958181562
-9.6443444098196451 -3.7152936880724194 -6.9150544419051068
-9.9728480457696218 -4.1659968201832989 -7.1220611013740767
-9.8952713611434646 -3.8178607894080092 -7.4905836890701929
-9.9658830299590004 -3.6687704231699616 -7.7354173772769697
-9.7928555964513304 -3.3279856820350591 -8.1737252378760576
-10.322755884579506 -3.4792937248776195 -8.1634379973945279
-10.62607781266729 -3.4928937135428977 -8.2835418525924371
-11.01531029634803 -3.5477979477742863 -8.3594537921566019
-11.366426126674384 -3.591736096861069 -8.4527037287622111
-11.737337578394634 -3.635906375819189 -8.5382560135610834
-12.096013948861396 -3.6794424613588976 -8.6264626011701555
-12.464114313589556 -3.7534268412828991 -8.7195118001775018
-12.824999015973308 -3.6119182073885758 -8.777909184675087
-13.189985616603332 -3.5754062206882176 -8.8566676398072381
-13.550740796643636 -3.4803678276194421 -8.9181266781071624
-13.917505745822311 -3.425331536658315 -9.0004743291394629
-14.274725565089257 -3.3342931969748371 -9.0519011645457503
-14.647708197442036 -3.2864216801234019 -9.1533947611549298
-14.994228651137307 -3.1749773887572541 -9.170462821933473
-15.385168263234121 -3.1679148821301384 -9.332976814470614
-15.707388822916814 -2.9891173832837192 -9.2543801393443914
-15.993804554653851 -2.769799333168129 -9.1048790403599895
-16.311910799951868 -2.5935020963745545 -9.0290904178016884
-16.607184281485953 -2.3896809295011678 -8.8996793342385807
-16.920052130302501 -2.199068128466152 -8.8094382898354731
-17.216347808299311 -2.0074466058446871 -8.6860211866003016
-17.532625573327831 -1.8046962232539876 -8.598256100739631
-17.820136720797422 -1.6281253370272644 -8.4628526233020249
-18.152670988201166 -1.4035381169461738 -8.3997647370403463
-18.413216250220753 -1.2606415362208532 -8.2211379497578765
-18.785407099942287 -0.98605241623444262 -8.2266341025800163
-19.01484160483685 -0.89151818821428397 -7.9728231587830685
-19.075916878436125 -0.92941021238120047 -7.5681038072339195
-19.188998359035349 -0.9997445496807954 -7.1508984440860797
-19.475276599316445 -0.66289997540709455 -7.0921231642409444
-19.72348192607847 -0.43029478297312346 -6.9714493909457165
-19.97414311675983 -0.17522871403094215 -6.8448760115805793
-20.233939285710573 0.084966408042978975 -6.7437578484045444
-20.47714611298597 0.3243165617062671 -6.6041922662028654
-20.746682359010951 0.60175159710833614 -6.5223573029109865
-20.974963960002746 0.81635664681674736 -6.3506631581644717
-21.264487867839179 1.1272260096572662 -6.316677455053858
-21.486930917896839 1.3259499606109559 -6.1092653478664785
-21.536937424290773 1.291019357479589 -5.6511590003090202
-21.706202635538244 1.4109102766473329 -5.3656615160114614
-21.790427949501584 1.4333462006592614 -4.9728323408567894
-21.942489248482246 1.5189417722644978 -4.6468819171365467
-22.055495791610902 1.5734556030566538 -4.2829258423656054
-21.975933700381916 1.5280889908667539 -3.8898450195995458
-22.047496658931902 1.5808316284047876 -3.5367276760366866
-21.945698341055898 1.4892368891710894 -3.1157378850014879
-22.159311327142234 1.6970781243680073 -2.83229821722247
-22.312543990042478 1.8559937585837689 -2.5228221634240326
-22.44493659499965 1.971880292905545 -2.2234486675812075
-22.675193965386878 2.267403515260201 -1.9091988538837299
-22.623371865137667 1.9576942626840688 -1.6164735198924367
-22.620866874925554 1.5783243832034843 -1.3619407378802342
-22.644880030132736 1.5432424060133711 -1.031143266922615
-22.7189579156321 1.953119360331121 -0.73053968701664729
-22.760754230505825 2.0362479624724048 -0.42011705498014412
-22.81666886543044 2.33173251261407 -0.11627619957582495
-22.874463275628841 2.4831840017607405 0.19696688648074059
-22.912560461051818 2.7487987507108844 0.49356337042126897
-22.9942476152635 2.8982505301226653 0.81967676834345904
-23.082730595573519 3.0815868219656748 1.1472881718308834
-23.166778114631441 3.22052358068232 1.4767446395673547
-23.245757220800563 3.4679441155518793 1.7881015539798029
-23.344933123813757 3.3906196123815331 2.1707693623664461
-23.41314209854789 3.4152205181763389 2.534777793979595
-23.530511855597382 3.4121107013655512 2.8972507633859874
-23.583994786051264 3.4020849314271784 3.2725846352738248
-23.544928933462852 3.422864233760591 3.6478902682732999
-23.569399323031071 3.3988361825571802 4.0262115560180032
-23.553751570434244 3.3753175108048743 4.425006520164386
-23.564903243896822 3.8374252392061505 4.6055446986766917
-23.554833676736941 3.9555211517664253 4.9295570578210626
-23.567075182738019 4.391538259217322 5.1277228638740002
-23.609101311075847 5.2901634392143819 5.1417086129195013
