#spline3d 5 120 5 120
3.3868893656759229 -1.49572865558503 -1.4800431404149779
0.42747480807446403 0.38202915605157178 -0.46488990759360632
-0.29152082810619462 0.26054105597105826 0.069877633856272825
0.23192568758377138 -0.97487373741202166 0.30762795756497269
-0.12603502372500613 -1.5150682609836477 0.85329384742495262
-1.3632003882090689 -0.94134296375903459 1.1309685680193098
-1.4695453357163497 -1.7020396572595433 1.8539557132515845
-1.8680993497836451 -2.0255773958185834 2.5047682937801676
-2.2280757195086176 -2.5583333218996125 3.1824406064604123
-2.5014290942567885 -2.9698308100376205 3.7503359774271718
-2.8269451470094626 -3.6349249824216514 4.6460366378011715
-3.8451714410970839 -3.6680752748646159 4.0040922732016231
-4.5807573519008482 -4.4358199961455886 4.6500426163672683
-5.4073531576612073 -4.1167798325299305 3.8773304563584414
-5.3019459490750842 -4.8801674719710437 3.2313252466054259
-5.4994642779749592 -5.6597147638674921 2.9285916785361867
-5.6721917463174538 -6.3834145401238578 2.3622479929449578
-5.3186308069187778 -7.0002812273759032 1.8977023349766127
-5.4722500688837119 -7.9099501393670595 1.4152307642511874
-5.006368374258904 -8.2857463784177767 0.86872957755427138
-4.2435344998352669 -8.5198723320663863 0.28981765284666877
-3.8147510615363376 -8.8094559223819289 -0.28113596846025141
-3.2247927649977517 -8.8509842619003631 -1.1014689576886041
-2.8294060645390529 -8.9290965628252579 -1.6789575992816952
-2.1690771431799241 -9.4849278168704014 -2.4425429887948376
-2.0984010524050198 -9.9542163279079627 -2.7067280430634399
-2.2665901386864626 -10.987314985631892 -3.6622694852791224
-1.9907003002111665 -11.181772431708334 -3.7402973382050826
-2.9024647129777419 -12.176501154359352 -2.2883731442976041
-1.7308511394140147 -11.052394428823042 -2.0987280265667634
-1.9534890551352866 -11.249126986558387 -1.2561593805301179
-2.5071818713876159 -12.058442325833493 -0.69815563164201144
-2.7187620531441952 -12.278322683774968 -0.04183896575601783
-3.1631168413524806 -12.835277903180808 0.66713437233403283
-3.4656241861066421 -13.189960847994938 1.4246557261705517
-4.081389463815225 -12.1152815854607 1.6608184778939723
-4.4680641726831158 -11.758316813828078 2.1729717704826332
-5.1372098005603206 -11.065160370876658 2.4830400900844496
-5.0335360325024929 -10.541570430615437 3.1952361323723761
-5.3913684979306318 -9.5056000512581935 3.7485009115711088
-5.200725124258744 -11.074363306963907 4.4086476955740963
-5.2143597231242884 -9.7486727128440389 5.1555741117325828
-4.8887035203345883 -9.5306093538270122 5.871299576384164
-5.0085074908833427 -9.1730564931311775 6.5820707202157092
-5.8818336161638891 -9.2238551285164476 7.5031137871553879
-5.0843388504889724 -9.9011158156495149 7.942145919301959
-4.6960555029793989 -10.320822947444782 8.5823473701259321
-4.5792113487001425 -11.053257451031154 9.0458274312670834
-4.6976057020019546 -11.818521706998395 9.4947577367881415
-4.6482927564533441 -12.499099161081244 10.068804286155954
-4.4755719346073217 -13.423180726890731 10.016329020269991
-4.3482814453399126 -14.214962531743691 10.423358966302894
-4.2043074820323865 -15.102363240496771 10.165857730443026
-4.0918514661467906 -15.946733680970295 10.161265526137221
-3.932018567065104 -16.805100774403147 10.025321245442546
-3.8311477585825329 -17.66391924409368 9.9799086843979961
-3.7169380608550107 -18.541374831421049 9.8834636423302751
-3.1157032934912343 -19.180369781171763 9.5808936002477711
-2.8059355942907915 -19.959220256033124 9.3766592675365796
-2.2972781692332305 -20.645640268160388 9.1304288925624455
-1.9448951494602431 -21.38562152771356 8.9273372061168299
-1.5105921322899927 -22.192385688055403 8.5150200551933395
-0.70974724416576462 -22.328122678963236 9.2766997113782672
-0.02685045743567057 -22.671766993244535 9.4901817907151482
0.93741175843764513 -22.918528368448342 9.9766097093333794
-0.074291568463042412 -23.862784167211583 10.39434215090326
1.382998454631885 -23.685662814451565 11.118116893791617
1.565948448220198 -23.950213617015873 11.591998959827601
2.3713080151910626 -24.26370575913079 12.339129779203663
2.9738956898145901 -24.007269893527894 12.686051720850491
3.8285922192315338 -23.669786763808357 13.004381869640344
4.485867227177593 -23.416172294087414 13.417039145496641
5.2884772218264828 -23.128422969029042 13.732337558375734
6.1487250523528587 -23.146777285350268 13.904631432611609
6.9546834156257686 -22.936676986516996 14.179951845873939
7.8185561665579231 -22.922896337438821 14.374853687229795
8.6007255848059412 -22.683681940430969 14.654070872445459
9.5253021114402987 -22.78845636292067 14.807484590028396
10.168372606507718 -22.258295727950657 15.20268828785764
10.855453007033264 -21.988087534609623 15.612584991915783
11.532900606440707 -21.407349365405189 15.921989256671456
12.229085338938264 -21.329802341012773 16.41020643277017
12.911859648304951 -21.436903429696631 17.014649714914334
13.589266285575754 -21.382837795506866 17.502053756220196
14.494686779551753 -21.100213554105714 17.7049308233643
15.146494165543229 -21.110677179165314 18.157112238947498
16.126247568564704 -20.704036058787992 18.346716188466104
16.674901804686986 -20.865476625986346 18.833354893190254
17.246806915582393 -21.239772672363863 19.610896349196302
17.503211924571389 -21.690818580137922 20.140643328751878
17.249496771663114 -22.550002851969342 20.705191503607939
17.357573745598085 -23.139640072923701 21.271319699492608
18.218475346257385 -23.275707750465745 21.841778753521986
18.810479197620143 -23.556064383507021 22.457755697008906
18.324304804315283 -24.562724790314576 22.739495819328017
18.399093180774987 -25.176678463254678 23.260382732609312
18.124652786008191 -26.050134392787427 23.515613863392279
17.973648315991277 -26.80331792657752 23.829224892523992
17.789244636216146 -27.637938885306724 24.106209626862046
17.574994226288588 -28.393392012094054 24.438582161870226
17.462643497373794 -29.254341420062094 24.670402260180481
17.143422316279636 -29.949431168120068 25.082601418803076
16.848606882397661 -30.679369642304017 25.460115486847972
16.502733962441539 -31.354850489098745 25.899321789846756
16.280344121747742 -32.141986083467032 26.208223249711104
16.10911129849524 -32.962568652246645 26.442203097764288
15.888181121334245 -33.747921231755868 26.778578827054481
15.70084698837894 -34.558275128925906 26.958812700015496
15.498545746175747 -35.35011501168109 27.484867898996903
15.270075352655187 -36.169359142375647 26.982504523961151
15.023410857258739 -36.957227392419291 26.840461600793478
14.826465032875555 -37.785808123792798 26.564505505791679
14.538278362032882 -38.552951921344835 26.322935345860252
14.40911109626674 -39.420466869635831 26.113135620211011
14.021741027521259 -40.128895502782157 25.809008071790714
13.538197536341954 -40.777240322321703 25.447341711026091
13.159379864586116 -41.490373891937253 25.142404546945905
12.685411080829368 -42.144848320220817 24.7870911810652
12.317702306768423 -42.864734135949881 24.487520752715618
12.093510255040883 -43.673083368952575 24.263202268554323
