#fname degree numKnot L1 L2 L3 L4 MSE traceH AIC AIC0 GCV GCV2 cv_avr cv_stdev cv_error ts_avr ts_stdev ts_error sigma0 sigma_opt
BH_0009_ICA_L_d5_cp120_lmd1d0.000_lmd2d0.000_lmd3d0.000_lmd4d0.000 5 120 0 0 0 0 0.00034732402666805 120 64.4361582461552 3300.5419488832 0.0807587356863365 0.0250630559026559 0.410132248482041 0.51044599287263 0.761554060111662 -0.262806822991546 4.80234741671852 4.82050720610888 1 0.000486399676663992 
BH_0009_ICA_L_d5_cp121_lmd1d0.000_lmd2d0.000_lmd3d0.000_lmd4d0.000 5 121 0 0 0 0 0.000308445099624484 121 27.0685337951873 3306.52375354534 0.0782790400932948 0.0236867412386042 0.411409841481423 0.521442123057281 0.768029229656492 0.390382230428135 9.03625396747139 9.03931333581727 1 0.000469229874455591 
BH_0009_ICA_L_d5_cp120_lmd1d0.000_lmd2d0.000_lmd3d0.000_lmd4d0.000 5 120 0 0 0 0.0001 0.000350977074320664 114.589561389309 35.4883856237536 3268.08102684536 0.0705755290822485 0.0248088055290598 0.39457810531133 0.499567735826722 0.766029104161868 -0.205422948535169 3.97047669346052 3.98682213584318 1 0.000486399676663992 
BH_0009_ICA_L_d5_cp121_lmd1d0.000_lmd2d0.000_lmd3d0.000_lmd4d0.000 5 121 0 0 0 0.0001 0.000313222306723123 115.492487811658 -1.21185352973293 3273.48091614821 0.0681577693957467 0.0234965347891934 0.394081025556828 0.508721757927812 0.772404081759359 0.229590492708212 4.43902634275935 4.43964924080547 1 0.000469229874455591 
BH_0009_ICA_L_d5_cp120_lmd1d0.000_lmd2d0.000_lmd3d0.000_lmd4d0.000 5 120 0 0 0 0.0002 0.00035660046658493 111.917311932238 24.865557732353 3252.05016185051 0.0668263102902503 0.0248190953109519 0.387867655421708 0.496984553039187 0.769457660619703 -0.367227268693685 6.10318741753528 6.12550822685516 1 0.000486399676663992 
BH_0009_ICA_L_d5_cp121_lmd1d0.000_lmd2d0.000_lmd3d0.000_lmd4d0.000 5 121 0 0 0 0.0002 0.000321109663593004 112.761126708254 -9.73333642847615 3257.09644081081 0.0646512487036603 0.0236076119002459 0.386677484426878 0.504242965436758 0.77506909971677 0.386567703225151 6.58421805132227 6.58828108648894 1 0.000469229874455591 
BH_0009_ICA_L_d5_cp120_lmd1d0.000_lmd2d0.000_lmd3d0.000_lmd4d0.001 5 120 0 0 0 0.0005 0.000379237274789786 106.422717862436 13.6784893708851 3219.09319145794 0.0612769854936075 0.0252057848910985 0.375156555793732 0.490932765700959 0.775359081424327 0.00315212698320367 3.47218118631929 3.47550971373816 1 0.000486399676663992 
BH_0009_ICA_L_d5_cp121_lmd1d0.000_lmd2d0.000_lmd3d0.000_lmd4d0.001 5 121 0 0 0 0.0005 0.000350224635479965 107.173015112765 -14.2233458800644 3223.58139704472 0.059791305676013 0.0242728174519136 0.374527854835164 0.494335141336321 0.778003192643392 -0.140059136293934 6.47917365983349 6.4858987743464 1 0.000469229874455591 
BH_0009_ICA_L_d5_cp120_lmd1d0.000_lmd2d0.000_lmd3d0.000_lmd4d0.001 5 120 0 0 0 0.001 0.000418579080137597 100.954471759436 18.7225841801044 3186.30212680484 0.0579817493553482 0.0260864315950896 0.36505560605376 0.482777668880758 0.778117585987838 0.0554867854887018 4.37545147289258 4.37658804587537 1 0.000486399676663992 
BH_0009_ICA_L_d5_cp121_lmd1d0.000_lmd2d0.000_lmd3d0.000_lmd4d0.001 5 121 0 0 0 0.001 0.0003961184216819 101.637754144741 -1.6614153450289 3190.39130952851 0.0571136253014545 0.025424221317412 0.365323453939694 0.483721753211811 0.778493804347682 -0.103670229839108 5.62177992445722 5.62773802457648 1 0.000469229874455591 
BH_0009_ICA_L_d5_cp120_lmd1d0.000_lmd2d0.000_lmd3d0.000_lmd4d0.002 5 120 0 0 0 0.002 0.000486399676663992 94.8203913356923 47.1731597660596 3149.52938430155 0.0562360155629326 0.0276582429353073 0.357512308226892 0.469700435149468 0.776063491191012 -0.285620308599919 3.92307416567617 3.94776567401026 1 0.000486399676663992 
BH_0009_ICA_L_d5_cp121_lmd1d0.000_lmd2d0.000_lmd3d0.000_lmd4d0.002 5 121 0 0 0 0.002 0.000469229874455591 95.4474156602004 34.116377827102 3153.28349478117 0.0558064944146785 0.0272114133826904 0.358143358461527 0.469677772973055 0.775547514857815 -0.361579463476666 3.92869656148119 3.96254230990849 1 0.000469229874455591 
BH_0009_ICA_L_d5_cp120_lmd1d0.000_lmd2d0.000_lmd3d0.000_lmd4d0.005 5 120 0 0 0 0.005 0.000633110428506475 86.3992708799244 137.807369401301 3099.07132219881 0.0563962909968211 0.0308586122104464 0.348981149705057 0.44656682142776 0.769214900099513 -0.41610967549946 3.53105817051238 3.57698098114671 1 0.000486399676663992 
BH_0009_ICA_L_d5_cp121_lmd1d0.000_lmd2d0.000_lmd3d0.000_lmd4d0.005 5 121 0 0 0 0.005 0.000617713058674131 86.9666303910042 131.325668740857 3102.46827329621 0.056164114654669 0.0305264451485939 0.34999885476818 0.446598841655791 0.768405095703416 -0.443782520975048 3.61089123874667 3.66023814353471 1 0.000469229874455591 
BH_0009_ICA_L_d5_cp120_lmd1d0.000_lmd2d0.000_lmd3d0.000_lmd4d0.010 5 120 0 0 0 0.01 0.000804643717002229 80.1381177961546 265.284925365859 3061.58468127521 0.0583314533055013 0.0342271363272201 0.341821054677189 0.425940353378894 0.763357732870633 -0.01859449973972 2.91220351785667 2.91738613934671 1 0.000486399676663992 
BH_0009_ICA_L_d5_cp121_lmd1d0.000_lmd2d0.000_lmd3d0.000_lmd4d0.010 5 121 0 0 0 0.01 0.000785413965955292 80.6672783965364 260.790911773329 3064.75064535401 0.0580350349452718 0.0338618729087534 0.343039181600977 0.426469570978868 0.762642982005546 -0.132259904676315 3.13742275058508 3.15056629697649 1 0.000469229874455591 
BH_0009_ICA_L_d5_cp120_lmd1d0.000_lmd2d0.000_lmd3d0.000_lmd4d0.020 5 120 0 0 0 0.02 0.00105764666520587 74.1303205461317 472.67041668012 3025.65630315483 0.0619686179669213 0.0386423567525102 0.333548517259726 0.403597697270846 0.758109663266025 0.149454223392618 2.60814574062093 2.60815212060413 1 0.000486399676663992 
BH_0009_ICA_L_d5_cp121_lmd1d0.000_lmd2d0.000_lmd3d0.000_lmd4d0.020 5 121 0 0 0 0.02 0.00102939484216982 74.6245843359799 467.87613781246 3028.60866404074 0.0615066923179392 0.0381706567379854 0.334733270925235 0.404781092306681 0.757738525152011 0.152203185140353 2.74458745946344 2.74458912088975 1 0.000469229874455591 
BH_0009_ICA_L_d5_cp120_lmd1d0.000_lmd2d0.000_lmd3d0.000_lmd4d0.050 5 120 0 0 0 0.05 0.00158906397090497 66.6929978097968 939.361168571379 2981.28107003588 0.0696321455883573 0.0464878869142232 0.320694437565308 0.371780677788105 0.75281033013891 0.369976346853284 2.78913100985768 2.79738641393068 1 0.000486399676663992 
BH_0009_ICA_L_d5_cp121_lmd1d0.000_lmd2d0.000_lmd3d0.000_lmd4d0.050 5 121 0 0 0 0.05 0.00153995222565789 67.1441817347165 932.212909814452 2983.96518928863 0.0688957372167146 0.0458153791944942 0.32182860175196 0.373765774973276 0.752807951303767 0.244992117768818 2.57758999106998 2.57915269794351 1 0.000469229874455591 
BH_0009_ICA_L_d5_cp120_lmd1d0.000_lmd2d0.000_lmd3d0.000_lmd4d0.100 5 120 0 0 0 0.1 0.00221278992114512 61.4871122462404 1508.25730822561 2950.33766039926 0.077643241417521 0.0541553823900706 0.309274594265221 0.344261857851985 0.749733314564638 0.136653573763603 2.63834702222689 2.63841237050894 1 0.000486399676663992 
BH_0009_ICA_L_d5_cp121_lmd1d0.000_lmd2d0.000_lmd3d0.000_lmd4d0.100 5 121 0 0 0 0.1 0.00214039515328734 61.9073846479481 1499.66126463641 2952.82541405815 0.076703651235675 0.0533172499004405 0.310487321409856 0.346832032656357 0.749841544976905 0.0784158290950404 2.15163674726955 2.15300721050134 1 0.000469229874455591 
BH_0009_ICA_L_d5_cp120_lmd1d0.000_lmd2d0.000_lmd3d0.000_lmd4d0.200 5 120 0 0 0 0.2 0.00310277367236412 56.6508776466745 2335.55707260327 2921.73676519743 0.0874652641941148 0.0633738843372798 0.295739552503415 0.312542600050284 0.747983376366949 0.0545978215974424 1.94277878045871 1.94538295347634 1 0.000486399676663992 
BH_0009_ICA_L_d5_cp121_lmd1d0.000_lmd2d0.000_lmd3d0.000_lmd4d0.200 5 121 0 0 0 0.2 0.00300111873706876 57.041541072055 2328.93378834294 2924.03317124 0.0863601253570132 0.0623863414841103 0.297130960225 0.315595145499472 0.748002277825605 0.0687167080199439 2.08382876587592 2.08562357118359 1 0.000469229874455591 
BH_0009_ICA_L_d5_cp120_lmd1d0.000_lmd2d0.000_lmd3d0.000_lmd4d0.500 5 120 0 0 0 0.5 0.00477824169185213 50.8114340873514 3912.60831084942 2887.48422287462 0.102515638467607 0.0775438773383239 0.27435283789909 0.265860094585196 0.749668041974537 -0.0194432537571569 1.68500363054623 1.69403233993289 1 0.000486399676663992 
BH_0009_ICA_L_d5_cp121_lmd1d0.000_lmd2d0.000_lmd3d0.000_lmd4d0.500 5 121 0 0 0 0.5 0.00463395489451618 51.1650162102461 3922.23105317277 2889.53818939083 0.101296459697621 0.0764288972135496 0.276023263020584 0.269160364337815 0.74928561372122 -0.00861275768179282 1.81685743628122 1.82422946220209 1 0.000469229874455591 
BH_0009_ICA_L_d5_cp120_lmd1d0.000_lmd2d0.000_lmd3d0.000_lmd4d1.000 5 120 0 0 0 1 0.00646689519596694 46.7924779200253 5513.2691735039 2864.16077571058 0.114873527287781 0.0893506355660684 0.255854309369687 0.230650392255705 0.755509892114682 -0.225766739585783 1.44260335679683 1.49206491144446 1 0.000486399676663992 
BH_0009_ICA_L_d5_cp121_lmd1d0.000_lmd2d0.000_lmd3d0.000_lmd4d1.000 5 121 0 0 0 1 0.00628836972442475 47.1196640150714 5548.03746770743 2866.04034236018 0.113617225587017 0.0881771893664765 0.257620074917295 0.233794326438841 0.754796508857744 -0.227976363016859 1.75936866297797 1.80061653823431 1 0.000469229874455591 
BH_0009_ICA_L_d5_cp120_lmd1d0.000_lmd2d0.000_lmd3d0.000_lmd4d2.000 5 120 0 0 0 2 0.00857453745167028 43.0945089354489 7518.99507539967 2842.9593383788 0.127942515486768 0.101990297909845 0.237170076318096 0.198836041164406 0.764437622275829 -0.274282772465221 1.36129586846667 1.42744587731589 1 0.000486399676663992 
BH_0009_ICA_L_d5_cp121_lmd1d0.000_lmd2d0.000_lmd3d0.000_lmd4d2.000 5 121 0 0 0 2 0.00835837395791516 43.3967928299448 7590.27889172685 2844.67187723069 0.126658615646771 0.100768195553222 0.238867167335489 0.201517157978388 0.763502338037084 -0.27243467385517 1.36192269066773 1.42748890839414 1 0.000469229874455591 
BH_0009_ICA_L_d5_cp120_lmd1d0.000_lmd2d0.000_lmd3d0.000_lmd4d5.000 5 120 0 0 0 5 0.0120629620409288 38.6617798633513 10848.8620912599 2817.99554665398 0.146019912107586 0.119721812228322 0.214615944763877 0.167089564696485 0.778814659174415 -0.179884496896743 1.10103545839943 1.15090233276336 1 0.000486399676663992 
BH_0009_ICA_L_d5_cp121_lmd1d0.000_lmd2d0.000_lmd3d0.000_lmd4d5.000 5 121 0 0 0 5 0.0117982990012195 38.9334831705702 10994.4078652559 2819.50190419471 0.144744343489996 0.118476148511998 0.216009887928347 0.168872835064916 0.777838440902975 -0.186380085772973 1.14302955804716 1.19298336302687 1 0.000469229874455591 
BH_0009_ICA_L_d5_cp120_lmd1d0.000_lmd2d0.000_lmd3d0.000_lmd4d10.000 5 120 0 0 0 10 0.0151566724928185 35.6253284748396 13807.3240037193 2801.2246948144 0.159548019110778 0.133256235791085 0.20151501872349 0.150929530564472 0.788362810359365 -0.0611161911676009 0.741540145488007 0.772453542033965 1 0.000486399676663992 
BH_0009_ICA_L_d5_cp121_lmd1d0.000_lmd2d0.000_lmd3d0.000_lmd4d10.000 5 121 0 0 0 10 0.0148686971380822 35.8756653012001 14038.4114311823 2802.59194330654 0.158354372864219 0.132060697532012 0.202511148607606 0.152181928829259 0.787626153464852 -0.0648177971662518 0.760580479245846 0.791770585545143 1 0.000469229874455591 
BH_0009_ICA_L_d5_cp120_lmd1d0.000_lmd2d0.000_lmd3d0.000_lmd4d20.000 5 120 0 0 0 20 0.0184360123546833 32.8385089445178 16945.8910708526 2786.03850868782 0.171982063534975 0.146025563946779 0.192107729147087 0.140001216580705 0.795602532035371 -0.0233526610724565 0.622017559707809 0.647143836907181 1 0.000486399676663992 
BH_0009_ICA_L_d5_cp121_lmd1d0.000_lmd2d0.000_lmd3d0.000_lmd4d20.000 5 121 0 0 0 20 0.0181449967794661 33.0689635628985 17289.2835205004 2787.2850411089 0.170939135358787 0.144945221082354 0.192818605958265 0.140828020187335 0.795048794059391 -0.0259439530985861 0.630212861780312 0.655736037503817 1 0.000469229874455591 
BH_0009_ICA_L_d5_cp120_lmd1d0.000_lmd2d0.000_lmd3d0.000_lmd4d50.000 5 120 0 0 0 50 0.0227453445189002 29.5041985828467 21072.2026295445 2768.04941397065 0.185992206716952 0.160963228176661 0.183150880702595 0.130279074841347 0.802786209855541 0.0236801110986192 0.54407710501964 0.559753028682062 1 0.000486399676663992 
BH_0009_ICA_L_d5_cp121_lmd1d0.000_lmd2d0.000_lmd3d0.000_lmd4d50.000 5 121 0 0 0 50 0.0224639283430327 29.7105540386344 21576.7444960119 2769.15584393507 0.185140056926519 0.160039686763757 0.183677218984691 0.13085908718091 0.802361244746139 0.0247278349738222 0.554669372106676 0.569813237419636 1 0.000469229874455591 
BH_0009_ICA_L_d5_cp120_lmd1d0.000_lmd2d0.000_lmd3d0.000_lmd4d100.000 5 120 0 0 0 100 0.0260687114522779 27.2228665152199 24256.1642233558 2755.91675728971 0.195589540847511 0.171429902981683 0.177134862289396 0.124256758122767 0.80777478839311 0.00354115101928238 0.470791686011351 0.494623315353604 1 0.000486399676663992 
BH_0009_ICA_L_d5_cp121_lmd1d0.000_lmd2d0.000_lmd3d0.000_lmd4d100.000 5 121 0 0 0 100 0.0257693630435756 27.4125633422505 24859.7275463251 2756.91484319662 0.194750195105596 0.170516176542807 0.177667678459487 0.124774531229499 0.807328178993714 0.00570564668914829 0.475411565359961 0.498368963887898 1 0.000469229874455591 
BH_0009_ICA_L_d5_cp120_lmd1d0.000_lmd2d0.000_lmd3d0.000_lmd4d200.000 5 120 0 0 0 200 0.0299188112032724 25.1303931759667 27948.0663760213 2745.16376393765 0.206185427396463 0.182785669193202 0.170927361268908 0.118632897763392 0.813069388173774 -0.0266938969354689 0.424582943291945 0.461913918497942 1 0.000486399676663992 
BH_0009_ICA_L_d5_cp121_lmd1d0.000_lmd2d0.000_lmd3d0.000_lmd4d200.000 5 121 0 0 0 200 0.0295499291581614 25.3047053953708 28617.7374644986 2746.03700045697 0.205183705346429 0.181726879493518 0.171471049593794 0.119103560659367 0.812600374234124 -0.0236376734776404 0.4271156403824 0.46305393332264 1 0.000469229874455591 
BH_0009_ICA_L_d5_cp120_lmd1d0.000_lmd2d0.000_lmd3d0.000_lmd4d500.000 5 120 0 0 0 500 0.0368468324369912 22.6279503423407 34598.9976333302 2733.39142087328 0.224522491348197 0.201707930852671 0.163492114372377 0.112819099361061 0.819605300557795 -0.0725409749832622 0.483009959230917 0.534017876862242 1 0.000486399676663992 
BH_0009_ICA_L_d5_cp121_lmd1d0.000_lmd2d0.000_lmd3d0.000_lmd4d500.000 5 121 0 0 0 500 0.0363087726054608 22.7837426966405 35343.7398762889 2734.07436299792 0.223137803847436 0.200299849368655 0.163914120311303 0.113108473552067 0.819227216783946 -0.070270521380913 0.480676416024696 0.530939910406631 1 0.000469229874455591 
BH_0009_ICA_L_d5_cp120_lmd1d0.000_lmd2d0.000_lmd3d0.000_lmd4d1000.000 5 120 0 0 0 1000 0.0440238239058553 20.916241895653 41494.2254094277 2726.48000220058 0.242306656644337 0.21963464250189 0.159791074120583 0.110393484779008 0.822942374984669 -0.0878946545029074 0.435586999119042 0.498840931035733 1 0.000486399676663992 
BH_0009_ICA_L_d5_cp121_lmd1d0.000_lmd2d0.000_lmd3d0.000_lmd4d1000.000 5 121 0 0 0 1000 0.04332866855253 21.0592942066056 42334.8896417285 2727.01298336094 0.24064081672687 0.217963420410627 0.160034328790544 0.110544570830769 0.822721606540155 -0.0870882268383479 0.442411233531207 0.504422914621776 1 0.000469229874455591 
