#spline3d 5 121 5 121
-0.31154216329109591 -0.13279864691616297 -0.085611026570058257
-0.1556375695115309 -0.066605037934424155 -0.042969011854873611
2.8199229577619463e-005 -4.3739783032496003e-005 -3.4103909942197453e-005
0.15558598441269711 0.066684972809051057 0.043031510067662877
0.31120041639653889 0.13333360729254998 0.086016275229125111
0.46676720914677161 0.20004830035496915 0.1290725637801988
0.62237100789460453 0.26671315121577349 0.17206508469143236
0.77795773578649252 0.33340736361266493 0.21509931368302759
0.93354670698230169 0.40004620206267599 0.25813064259942342
1.089170941468961 0.4668211807167964 0.30106110212335452
1.2446417682105126 0.53328041451437336 0.34437709036426789
1.4005279284313856 0.60053995466828258 0.38663701030519748
1.5554751292899047 0.6659016825772871 0.43135867773201908
1.7122737003807076 0.73508001609244311 0.4711198502242781
1.8662551177430189 0.79830350308382747 0.5187522866583123
2.0219124337487675 0.86584108393467962 0.56028020290108327
2.1867782348916842 0.9494542751575773 0.58248078221263055
2.2957184502835846 0.92521083956255978 0.74032913836977665
2.418369021518612 0.93051813122697324 0.85937381994296369
2.5391299906315146 0.93034089753532323 0.98634436791108171
2.6592358977766763 0.92968721976565316 1.1133608801904158
2.7800407921247676 0.93017424833509987 1.2392539181257376
2.9003943972262554 0.92989329622734418 1.3660311339687081
3.0215664422185036 0.93018973931122173 1.4913494751350864
3.1396299338210643 0.92938134858686183 1.6218140280771338
3.2681307330704756 0.93184212910881581 1.7352589212456233
3.3673805167252153 0.92530829508402535 1.8961650618159311
3.5350544831360113 0.93969843217451976 1.9465721744030136
3.7070142971300117 0.9554396735098527 1.9898222513242896
3.8678703592099821 0.96775505624035774 2.0511565929455124
4.0362003245658959 0.98237342011384443 2.1003444279614367
4.2006888383213257 0.99581006063072119 2.1557743455832639
4.3669091543059837 1.0097732453230377 2.2083771514314381
4.5324112576934166 1.0235168185606678 2.2621650012954531
4.6981857580713235 1.0373506243107518 2.3155007779311534
4.8638664555133726 1.0511505588739842 2.3689921425330391
5.0295765765096885 1.064965394773242 2.4224332877690458
5.1952824955312247 1.0787683073699239 2.4758786622768385
5.360980439383467 1.0925871694539928 2.5293478733428723
5.5266902477966902 1.1063817127413609 2.5827762111120203
5.6924078743265429 1.1202027982107676 2.636228268385596
5.8580389989364452 1.1340001537761901 2.6897343662423951
6.0239847873648502 1.1478264628370665 2.7430062286392638
6.1889631927328663 1.1615752297381088 2.7970072209004502
6.3566969960029436 1.1755718806380882 2.8489293106432219
6.5170631893013464 1.1888650748665497 2.9064104616724689
6.6955391201418681 1.2039487210977691 2.9502354877494712
6.8347784487841619 1.2150162057089682 3.0236016539104482
7.0436766177555068 1.2335944743381677 3.0446083861998821
7.1781028759137291 1.2426394183229199 3.1212921740958337
7.1115872990266018 1.2399380358094203 3.3497024570866611
7.1407411047624034 1.2423829961847745 3.4856364438345326
7.0916638333709887 1.2210762222084179 3.7439147118046305
7.295025777597262 1.3236043898533352 3.6751379932502823
7.4464232108848813 1.3967595927159491 3.6415871317928219
7.5945640568928408 1.4704670898135219 3.6316263128078132
7.7515220101181743 1.56951835166863 3.5886265746762853
7.9304703359580806 1.5468219417297979 3.6124584880433241
8.1042115518523321 1.5492365033652782 3.6188256861236892
8.2783416394366398 1.5511253500914146 3.6280991890343417
8.4531204224209251 1.5493018426805023 3.6381471711406124
8.6271430187165397 1.5503619108542379 3.646647974357609
8.8021843406214497 1.549859159889944 3.6577429493109701
8.9751891131403081 1.5500675051619925 3.6629507449508334
9.1526776162726016 1.5499898856449246 3.6821697724648841
9.3210964268602066 1.5500165606030392 3.6705932027772907
9.5045831063705251 1.5500078817596306 3.7174625432463793
9.6746071779648961 1.5500106518184207 3.6861499893640444
9.7800785010428992 1.5500099373375495 3.5134254392937518
9.9132852621016703 1.5500082858795321 3.4152964858903174
10.03621323071612 1.5500182192161538 3.2844961353596522
10.162487366394885 1.5499795877662477 3.1664008454957417
10.287719939024973 1.5501087365420085 3.0437417422262723
10.413551524919988 1.5497130537169952 2.9229584633638028
10.538262293887199 1.5508266344944548 2.8004115687661222
10.665792022263043 1.5480382132031874 2.6814744285248104
10.786887898815888 1.5540014279918279 2.5546517290156623
10.919505351900742 1.5446043969880776 2.4415077015116853
11.061357990298282 1.5218792152582581 2.3409062597694872
11.197348943261874 1.5073330661204423 2.2326740784446013
11.336183475951799 1.4889702920938883 2.1280605810799242
11.473787704837388 1.4721041909646886 2.0219099303603714
11.611933278582041 1.4547531322882885 1.9164248693693213
11.749792000755019 1.4375242240439376 1.8105872228859947
11.887833003678459 1.4202845119963607 1.7049764445452174
12.025746401803817 1.4030290966260148 1.5992044063640281
12.163784212894111 1.3857967513698173 1.4935900325974607
12.301672338480639 1.368536421601122 1.3877949769243445
12.439708372582391 1.3513044099776328 1.2821357989024387
12.577651353134154 1.3340376622769907 1.1765606541362539
12.715490478527311 1.3168560988292888 1.0701765973630186
12.854095354631953 1.2993821842118911 0.96682846118564958
12.989899701609353 1.2828575953851789 0.85419925440482913
13.133993061209155 1.2636495835058001 0.7661787136407654
13.257220229961479 1.2509307031590866 0.62211975992846946
13.423557237812012 1.2255572237653045 0.5791585148884173
13.603569686264009 1.1937944810192831 0.61125271923243096
13.771221178655006 1.1667422639888805 0.59500675976755679
13.945719232866615 1.1372770175898281 0.60196889636360418
14.117072217598215 1.1088838379959292 0.59924141497093764
14.289675922846108 1.0800069719409127 0.60033626811918595
14.462003018173531 1.0513803381467175 0.59984353260918477
14.633744803858207 1.0228898860304048 0.59971385694696355
14.807734209345005 0.99257640187181173 0.60217840792266331
14.975445845244629 0.9702129455365508 0.5914332986989892
15.158466573282334 0.92170204940833877 0.62622120307601847
15.310303719623267 0.94492968223386897 0.5323466722268293
15.448299302833551 0.97723529801949771 0.4252508479145149
15.598020819463375 0.99567276083456435 0.34130529084913547
15.741260137275976 1.0229369438032523 0.24231634298132557
15.887487830276047 1.0458068007553587 0.15086744068030278
16.03250510294729 1.0705751318719479 0.056181221203747078
16.177969066386773 1.0945879471917102 -0.037256189718709365
16.323271701317012 1.1189017915283628 -0.13114688754838236
16.468648126876243 1.143076417081859 -0.22486048532696404
16.613962749106456 1.1673371476469163 -0.31867997186074193
16.759320283409643 1.1915427023012333 -0.41243767253304686
16.904664181770482 1.2157716337365589 -0.50621277524895814
17.050030479321137 1.2400028991866763 -0.59995231461081922
17.19527397449221 1.2642223361644307 -0.69388484781935955
17.340294189523775 1.2884154696089354 -0.78816911555730229
