#spline3d 5 121 5 121
-3.628977438002098 0.012759530096335648 -0.52858394568118738
-1.049388334733879 0.33967119801697221 -0.24255562739568684
0.2310573466343776 0.099585864792169562 0.0076172975243294768
0.50903366492196533 -0.57241739721725515 0.22466747651953295
1.7043445898400151 -0.85537902148925848 0.48005414762185011
1.8218714322151157 -1.569560359173118 0.66019292972849608
3.0343677178714152 -2.0778804117000793 1.1651305850700955
2.3888698652592071 -3.0766478670031692 1.2511293441188218
2.7320410695389188 -3.7155098621150255 1.434783722511308
3.6247311587153122 -4.0571307564041428 0.73366914182976173
3.7822359069803966 -4.8015189902629523 0.27192177461885048
4.2565901640654511 -5.247954524267171 -0.39840573106790633
4.1664982806975699 -5.8023840095209067 -1.1594701318926079
4.3088942674388271 -6.33765253044752 -1.8960937128347584
5.1169718415379855 -6.7539314638700638 -2.3654689469436376
4.9259397846762232 -7.2501881971391295 -3.2612466400408358
4.9454708041858062 -7.6264903060378391 -3.9894390152389851
5.0234066285701386 -7.1611800745407033 -5.1336355712493562
4.7791797784239654 -8.223356732376768 -5.4622311613828494
4.7873329143771564 -9.0172309826756116 -5.9191865487636539
4.5151932162258319 -9.5683460709244148 -6.5240618349840105
3.617405964369603 -9.0888786937360724 -7.2903726698265396
3.2106586685067637 -9.4246064423669935 -7.9301165453084383
4.0655441571104207 -9.9447674132706556 -8.8324389503391636
3.1058061469444751 -10.518209259388344 -9.2074238914838276
2.9064583174506766 -11.077348276445207 -9.9260962812382978
2.4575164656650248 -11.714565566253512 -10.177381060207859
2.0568602964332805 -12.546301245104884 -11.049509988641399
2.3258972536444649 -13.107514728680483 -10.054827552660511
2.5306483796257844 -14.498181825135738 -10.275131574787942
2.4158687678663529 -14.139594660943391 -9.0441089523680933
2.5269054193447573 -14.356961202779617 -8.2742415673529006
3.3553706789791886 -15.057686517574421 -7.7944549266232501
2.9552515135244297 -14.843012075129819 -6.6747187394688181
3.1619973449767071 -14.918868524645493 -5.877232325147717
3.5763531279079022 -13.875013334601984 -5.436638807751331
3.7783523229521006 -13.390027245646168 -4.8137273371488378
4.0716672501930846 -13.997600974437304 -3.6307683714823042
4.031165921592593 -12.889824730967016 -3.2849512241299186
4.017002171544644 -12.241930481344262 -2.8034465689383694
4.0465504908538907 -11.428798241344024 -2.2709843915043195
4.0293463821723012 -11.06177915017701 -1.4627286104696795
3.8335992432472472 -10.714930730602218 -0.596028379492061
3.5691544451608546 -10.602617133534242 0.19240635537524384
4.2063481541772596 -9.7395008669277345 1.0277597592433292
3.8160815545861282 -10.164111146946981 1.6947177100834763
3.1262046445801857 -11.128108105031385 2.1495912647300166
3.1033231162699049 -11.260424791336174 2.8323056873381507
3.3946417579979653 -10.042286853908209 3.9154021853959717
3.9714076934660136 -11.472493889336334 3.8424423433369683
4.5692943913890351 -11.783558302838252 4.195723186376874
5.1816876391185769 -12.638762321593216 4.2391291568613969
4.8211560322405127 -13.297722408550209 5.2014960127557819
5.0776131860133029 -14.014100558243536 5.2632023595947768
4.808623614943432 -14.765660214959761 6.5880624410565467
5.2328537319121846 -15.424389988145263 5.6387922722638404
5.439916958509543 -16.085898113792275 5.2369138206133643
5.7731701311334627 -16.65936629622464 4.4875025821738186
5.9989878770722518 -17.410579898817009 4.1408526402148356
6.0564198998700967 -18.406037091158836 4.3987297092701247
6.2663704232803141 -19.227302928382123 4.2448316896229228
6.308888773211625 -20.154439622722727 4.3211980689168712
6.6192675538034091 -21.024212676915678 4.3207932044536888
6.3335693091603869 -21.910404024977741 4.1835943113016176
6.250210329735352 -22.777848379856085 3.9926261341328053
6.0550705078246523 -23.658471189001091 3.9398385898851687
5.97358443176722 -24.531270598520816 3.6463973432869263
5.7262888994014309 -25.409124893835063 3.7628849864822187
5.4203619272396342 -26.213038388710775 3.9406949003925389
5.2259328666427463 -27.142648426551581 4.0150922237229265
4.8406089643502606 -27.837422160202944 4.2049349508213769
4.8665426188719954 -29.046968684382691 4.2136426764657937
3.7831260887963962 -28.921104829374993 4.6593502558023241
3.070509846012448 -29.173421521542569 4.9678010067296192
2.2120351802074767 -29.306090177718477 5.3197214739824981
1.4037241790040911 -29.507942742721283 5.6358894283114722
0.6706653703035218 -29.436876158941686 6.1801629391987909
-0.093896828954913275 -29.428432174524339 6.6811703349604015
-0.83920238659112867 -29.508470309518657 7.0983958110099126
-1.9001889881601399 -29.834077482740774 7.0621520075783044
-2.2236602660974931 -29.720983394927817 8.0022956641577849
-2.4831950469341986 -29.792268386578719 8.88651407579904
-3.0332291890191829 -29.754930087240471 9.5925469678356023
-3.9021621309703889 -29.363900684789126 9.8506982306983559
-4.6759606243637046 -29.333328705128011 10.330971291756855
-5.3306028092682762 -28.888610618631319 10.772632890471961
-5.731502834968051 -28.300261761686141 11.370653872012163
-6.2535052235704978 -27.771503373688809 11.888564446501466
-7.1078579127283472 -27.77526251910788 12.351104069474285
-7.7876088408365662 -27.669599163876583 12.862929751933326
-8.6029896173114189 -27.402408250493913 13.292715111133887
-9.2610065075061154 -27.340180744407157 13.777276985535982
-10.159204504195859 -26.780408278094061 14.147180420474484
-10.645041459982961 -27.29609532284594 14.764130798664922
-11.313053847148684 -27.754382023869756 15.243350314019446
-11.708632544638508 -28.160615233472992 15.892993678716287
-12.12079433084541 -28.412179789118486 16.743273703145384
-12.250931533580946 -29.151666450142123 17.250084142366116
-12.336996537445913 -29.654896600352334 18.06779655325974
-12.686598646011777 -30.491872321897439 18.318162282047155
-12.943975224847811 -31.241908299484404 18.726430031692438
-13.259097394020039 -32.001553580476653 19.088079433182777
-13.507797899856579 -32.793537147993817 19.454062219506252
-13.610270487428705 -33.608399806677838 19.798219818357136
-13.96549476595348 -34.393064236669993 20.165469916209215
-13.941580578412944 -35.214333818281212 20.503561702559061
-13.791510022723108 -36.023145103897548 20.919991619406215
-13.751314982096527 -36.853432443274173 21.20802887260885
-13.654748930716 -37.63720235092066 21.724851493579084
-13.564329790092753 -38.525472822208748 21.797709194557534
-13.543231052989219 -39.428381939408865 21.979320061434048
-13.367291294502824 -40.279461417311424 22.058526638599378
-13.473482502178411 -41.21665563174642 22.316807515066383
-13.125303446644068 -42.026762638315731 22.27945452578928
-12.57524759430278 -42.766476220492038 22.096239209274913
-12.208824086471715 -43.565361404469101 22.04285894711597
-11.714206609067883 -44.323923289129446 21.899285489025416
-11.309853089183346 -45.110561599978013 21.819177519215483
-10.831629307701647 -45.874394667521301 21.686993495173851
-10.433304602041263 -46.662717553398608 21.611170791118511
-10.136090980425024 -47.481843333625875 21.607737912695939
