#spline3d 5 121 5 121
0.35351924051582806 -1.5365921678879389e-008 0.012755292309162383
0.17676145201527185 -1.4610726866296695e-009 0.0063463041366071194
3.6542661134984615e-007 1.4042601270815131e-009 -5.7542815714067048e-006
-0.17676213310223918 -1.5481356887919625e-009 -0.0063368162641080717
-0.35352376601176028 2.2678762396087047e-009 -0.01267062472683346
-0.53028665758899329 -3.8600498916061439e-009 -0.019000762982648921
-0.70704721670299986 6.954412405508087e-009 -0.025342407674126592
-0.8838117797349756 -1.2757972059893372e-008 -0.031668805087846065
-1.0605684499259731 2.348357552877165e-008 -0.038038791351809459
-1.2373405045027042 -4.3200910339960209e-008 -0.044303791367445992
-1.4140840394018526 7.9487490245605164e-008 -0.050770281400280066
-1.5908802705570635 -1.464153400932246e-007 -0.056851794822679255
-1.7675801814229397 2.698548664050543e-007 -0.063652050196545976
-1.9444528961816596 -4.9667877242336731e-007 -0.069147032025264663
-2.1210243116846059 9.1293578533948718e-007 -0.0769761070553618
-2.298087830552284 -1.6780121589406573e-006 -0.08081298021518718
-2.4744695003330488 3.0863916480427375e-006 -0.090836462808055227
-2.6513320217878817 -5.6738728218817168e-006 -0.093574022980884283
-2.8300449373084269 1.0414357815275824e-005 -0.09450562337923292
-2.9936791184897622 -1.9120948114165482e-005 -0.17425878418322169
-3.1641472065872396 3.5078545287459343e-005 -0.216557534058126
-3.3314488593724709 -6.4267605323395914e-005 -0.27676501437700485
-3.5003397933885445 0.00011727186583724855 -0.32797233075326038
-3.6683239711591082 -0.00021216253558041881 -0.3840208068166549
-3.8369441460717719 0.00037771468186731307 -0.43718151029887298
-4.0049395854350047 -0.00065033882271737619 -0.49250493867958495
-4.1737591047306077 0.0010356938027527012 -0.54553723836699608
-4.3414792554394479 -0.001324689900228407 -0.60148742649556652
-4.5100625725125347 0.00039821955956689098 -0.65441620266521916
-4.6810155232700588 0.0069551917869883958 -0.70577558957230691
-4.8303477498445364 -0.051680191807717643 -0.79105411858052277
-4.987934110074046 -0.081160128372567766 -0.86217196685029229
-5.1427307989992759 -0.12524855056049411 -0.93828526573105953
-5.2974904756317986 -0.16004979217432794 -1.0146930320976186
-5.4543913519049285 -0.20323749478328443 -1.086363557238893
-5.6073799946486691 -0.23665548767583269 -1.1674974174336423
-5.7639326290910828 -0.28045523348280316 -1.2357326571630696
-5.9290975271474808 -0.32668391550116122 -1.3065092780520626
-6.0070034084340644 -0.26896748101339607 -1.4814150887831519
-6.1210255598433099 -0.25779560984988853 -1.6067160326428738
-6.2190553007072236 -0.22496300686192916 -1.7561291108530739
-6.3247522347581064 -0.20281141133166425 -1.8932771150966063
-6.4263461618016118 -0.17498016959928311 -2.0371056139850849
-6.5307048366913394 -0.15061034572717244 -2.1767036652423104
-6.6323146373485917 -0.12347105088400623 -2.319908883534699
-6.7377848507566913 -0.099465328501428432 -2.4587413878295519
-6.8371188604765258 -0.071064075480437361 -2.6039687330432213
-6.945790983388366 -0.048908275692776851 -2.7400724902113018
-7.0433910999226867 -0.020087561663503183 -2.8853607168421642
-7.13945846682783 0.013153223627761829 -3.0403807507420848
-7.3373193843184676 -0.03614019981360423 -3.05982005894223
-7.4858114577162818 -0.047760075732688527 -3.1389631729948628
-7.6581873155969502 -0.076967151836798198 -3.1908868485213442
-7.818649080396308 -0.097563988443331945 -3.2558119807012069
-7.9852534717628041 -0.12265432955832882 -3.3142929617505628
-8.1485850480497675 -0.1451544684363372 -3.3759843706630606
-8.3137491228855396 -0.16946101568251168 -3.4362365190211559
-8.4777133946253116 -0.19205150075246741 -3.4967590124069021
-8.6429565969238844 -0.21679640867971081 -3.5580223384876857
-8.8054597913364443 -0.23866522309323113 -3.6175267805378852
-8.9763346715084946 -0.26320342855412948 -3.6792855295929363
-9.1197547052736443 -0.2911478546795635 -3.7418368232683537
-9.3531359216884233 -0.28485774784218781 -3.7849595237944302
-9.2864370150940747 -0.45079756552909539 -3.9385249186173419
-9.2989137069202688 -0.57606043148497255 -4.0479613969069757
-9.3086832141140192 -0.68579326689286868 -4.180260700847839
-9.2879604918290788 -0.83694843387305484 -4.2896719439385542
-9.2955610252736225 -0.9837931153580457 -4.4451516286065846
-9.4726856035067826 -0.73458518433451636 -4.4893579311146761
-9.5529071458851273 -0.68835462225178978 -4.5737942844881054
-9.6842470135288057 -0.53917464543057503 -4.642395152296003
-9.7889351679192593 -0.44630708318094431 -4.7186928100302161
-9.9073058295250984 -0.31734281781313561 -4.7894554682876151
-10.01899624258021 -0.2159979687127549 -4.8656265741329374
-10.133603220347254 -0.098622940915975524 -4.9380607286966605
-10.246760817950994 0.057293152992727976 -5.000128733040718
-10.364553926692793 -0.096341692613110666 -5.1485964218249594
-10.478370567249161 -0.11080528990809535 -5.257000102277785
-10.59475844352837 -0.18864462639776819 -5.3839710296359327
-10.709581849266154 -0.23699350476921993 -5.5019453728162739
-10.825317528158843 -0.29834663597151306 -5.6245965177404829
-10.940412080608159 -0.35624098251924396 -5.7445621350798701
-11.056386836927651 -0.41002107418094186 -5.8662184122601237
-11.170631477355663 -0.47658324798865281 -5.9866909637835439
-11.288159349036469 -0.51810603909501396 -6.1083439668528055
-11.399858861431664 -0.60145056109701933 -6.2279913543857779
-11.520688759560185 -0.63319366832589308 -6.3520425330244876
-11.649312550935313 -0.5605493012440883 -6.4717143034049185
-11.772065707896742 -0.55245364071436831 -6.5935772094344482
-11.898897368870252 -0.50839813939948075 -6.7139378318814371
-12.022297693593984 -0.48444370754377736 -6.8359444389105013
-12.149767407099633 -0.44843011015915374 -6.9553880870747911
-12.270905599100841 -0.42115871585390957 -7.0794111927717633
-12.403033710685825 -0.38505678715474201 -7.1950259380267649
-12.515598676390898 -0.36118300835734701 -7.3261010181352084
-12.662026930069629 -0.31784036313641495 -7.4294146283498241
-12.758426179258381 -0.30289801209521416 -7.5768566410663816
-12.805002586399072 -0.31441266495014852 -7.7535356982364556
-12.884259019273367 -0.30733625949871807 -7.9094901138267621
-12.946505214102915 -0.31178895140725876 -8.0760955438080355
-13.014652120638329 -0.30842880972243331 -8.2399433262804855
-13.086163372250873 -0.31192631443864977 -8.3993659974817039
-13.144119067468344 -0.30707956547485304 -8.5716297392436402
-13.229447158481577 -0.31463531762583219 -8.7197395746566695
-13.268618181184069 -0.303457606631723 -8.9052077228788367
-13.364973678946585 -0.31342553070133505 -9.056302791861933
-13.573288975712886 -0.37363019223481475 -9.0547683509637213
-13.710227293946375 -0.40353405692387201 -9.135098053645665
-13.892591257303236 -0.45159091021171704 -9.1746449561646255
-14.03779575146857 -0.48585609631234911 -9.2329278942114268
-14.23060532521874 -0.53771965535245991 -9.2846343661948438
-14.333467862834729 -0.55273744621173804 -9.3383430147799693
-14.642551673219419 -0.66450893057723259 -9.3776944435308636
-14.454970906389823 -0.50500649882181081 -9.5114584104126738
-14.360223137013183 -0.41462966090558834 -9.5953061494454879
-14.263883686203293 -0.31001882391230151 -9.702932920337993
-14.153018619438788 -0.20573008846573809 -9.7987874158073716
-14.055877132375173 -0.10382133393865912 -9.9010065218056713
-13.947398825167028 0.00063077736096566177 -9.9993362334665683
-13.84968883031344 0.1024680185745091 -10.100543460919077
-13.772740946316617 0.19924559317686064 -10.207259147858736
