#spline3d 5 120 5 120
-0.60010220154913985 -2.5001173652736571e-006 -0.095983405543157957
-0.30000515832698738 -2.2545685131559277e-007 -0.04827840002615498
9.6416968664926706e-006 1.9303292279419777e-007 -6.0126305891656643e-005
0.29998966885034101 -1.5420808385822607e-007 0.048375121465111935
0.59998855610549795 -3.27914418756075e-009 0.096692895670209528
0.89996052704862761 9.0499397787642402e-007 0.14517527140053096
1.199958372275695 -4.8281795652904629e-006 0.19351140372612821
1.4999382673882993 1.9169563319113689e-005 0.24189933295486668
1.7999684081974707 -6.5997259930183238e-005 0.29018775884468118
2.0998123098144137 0.00020541465299603743 0.33895122793753446
2.4002016274045856 -0.00059145503310189444 0.38634044213580077
2.6991207190330804 0.0015988069334846042 0.43730421321479496
3.0018487459543972 -0.0040550089967379375 0.4790129248706847
3.2953633701503953 0.0094111240981009214 0.54334362176256468
3.6089130482911904 -0.019159499033869504 0.55796340494399188
3.8870391846606647 0.02803205223336961 0.66186489251788494
4.1426389821098946 0.11446733838559996 0.81763700136499418
4.4173120435957411 0.17000031392667397 0.93110388260296939
4.6795483286873285 0.23993518706631847 1.0562261275867355
4.9426721716138404 0.31446122874162091 1.2459337846181207
5.2498804687790326 0.34584003675040503 1.1262142592452731
5.5380352173924878 0.38149683019388525 1.0563997335988542
5.8326535704110114 0.41981157234080402 0.99202017745771587
6.1258123946972702 0.45507810070417565 0.91654363885368995
6.4181397810275485 0.49324817175588109 0.84658092176343624
6.7135621158555461 0.52716761777197418 0.77896748642100599
7.0018221317190701 0.56954533908981464 0.69812670929801013
7.3044669349797386 0.59505361247913058 0.64766498366477687
7.5846847433537503 0.64789920412804236 0.54660761864051988
7.8416161729914826 0.72502907992399301 0.39705154312415653
8.1137052524175139 0.78582047179683878 0.27300376393428005
8.3788064388309742 0.857792358135681 0.16571303519241568
8.6427009648979016 0.91318291772501159 -0.051744339542317705
8.9249338186983653 1.0112016430966084 0.075848653870638008
9.1982549725722507 1.1042451838855467 0.17571512859256072
9.4749772957794285 1.1929842979022052 0.25011278360518735
9.7493628452119658 1.2896242753208411 0.34901137170834451
10.027251830491252 1.374470876986889 0.43150554717981127
10.299881130576239 1.4732724292688237 0.52434373013416535
10.575127448409315 1.5759146999242479 0.61658010318188139
10.88262496891808 1.5422081574042843 0.66336030340097174
11.177722527406063 1.5517698813396508 0.7240536451296673
11.477033782225307 1.5498802103913927 0.78130026274580666
11.775132537134667 1.5498333732202505 0.83896338476856203
12.073454498600714 1.5501784677829864 0.89679118279658709
12.371912582036119 1.5496918977777498 0.95466081727996566
12.669906817494718 1.5509870677736151 1.0116452234253375
12.969036887544062 1.5467328086172085 1.0720716725139994
13.265593211499729 1.5596647324734916 1.1216342719355663
13.567340568658761 1.5247175665996906 1.2013041830136968
13.861186423573121 1.6076260387060959 1.2076751460761268
14.149584692675704 1.709748735077806 1.2012606074380332
14.442115944382214 1.7868476257843215 1.2109011198878223
14.732435728012458 1.8795374603063029 1.2106153155555259
15.023778983294282 1.9643685550611123 1.2153065155008798
15.314688496858 2.0527312788605325 1.2177793920761499
15.605770633875888 2.1396225893112639 1.2211799791750451
15.896787881596127 2.2270902359111213 1.2242023991201303
16.187828346340602 2.3143446822385485 1.2273672680993388
16.478860785370884 2.4016738701017482 1.2304856279428824
16.769895953657855 2.4889783647275543 1.233608647797872
17.060930167481679 2.576290107276018 1.2367528126639142
17.35196451193011 2.6636005953509443 1.239880594209444
17.642999114639519 2.7509106916302466 1.2430057364614546
17.934033696695099 2.8382205952124449 1.2461358721157856
18.225068024997476 2.9255315224664171 1.249261140521629
18.516102476652915 3.0128418233544081 1.252393264778511
18.807137023679175 3.100152201091936 1.2555116491826042
19.09817137090911 3.1874625640173004 1.2586575141300251
19.38920558975482 3.2747730808982669 1.2617855284088624
19.680240962301184 3.3620824809016301 1.2649088971305709
19.971273603986297 3.4493939173960024 1.2680434346394323
20.262312192713523 3.5367022297757242 1.2711592726094207
20.553337315176979 3.6240192325230529 1.2743094494041265
20.844390708090184 3.7113096781555455 1.2773986594368589
21.135396101447022 3.7986694101712155 1.280619611591431
21.426422835791342 3.8859321385026493 1.2836562908810534
21.717678456623243 3.973236954069344 1.286547901004828
22.007643977767213 4.0608502714687207 1.2915584847046659
22.302581041005563 4.1466832553102835 1.2867222505155302
22.581504094834443 4.2392294291614778 1.3165075027260706
22.905498436808205 4.3110000683936427 1.2432528713861288
23.118988945052774 4.4379237905908013 1.4352737502729607
23.322469172651502 4.5631397454361498 1.6310891056028691
23.544399615951743 4.6826405110750011 1.792978046310586
23.754209436576662 4.8066902730684866 1.9795458587178116
23.970234223550946 4.9281579551594819 2.1528648210226162
24.183740831100906 5.0509302452406795 2.3320638993408482
24.397276691148061 5.1728980754128155 2.5097864142641941
24.613889031008128 5.2958895499950565 2.68487656846504
24.820965508244715 5.4166413902352222 2.8699636974300056
25.051767786212086 5.5426269101297025 3.0290202370132149
25.232566390807015 5.657693676647007 3.2451779422181564
25.394466710356259 5.7743058070567859 3.4741033502052816
25.573389700566217 5.8822294705058029 3.6981669463199767
25.742136700159058 6.0123111953033126 3.9084330171921908
25.915805909433921 6.1031743571099071 4.1515083656982075
26.090518353640206 6.2319278446445425 4.3671523061111088
26.251511663097581 6.5186460819515846 4.4116312007278777
26.417495542511084 6.7334604256679134 4.5315300956615872
26.582021059742225 6.9762203410400305 4.6229934937972796
26.746819392399306 7.2093307197043144 4.7239330145112088
26.911656699453765 7.4454231413137011 4.822065815974133
27.076495350850742 7.6806515749223339 4.9209217442197906
27.2411621751985 7.9162137689801737 5.0196023111992973
27.40626133317863 8.151410558344363 5.1184522154638259
27.57036517961129 8.3873787973041942 5.2168973068302265
27.736599250940191 8.6216897894061386 5.316197538715123
27.899104160074621 8.8589599425306389 5.4140060843708033
28.065868177083779 9.0926419331716861 5.5135028963588049
28.235808377186618 9.3247270285310258 5.6144906209008534
28.353779418975325 9.5953803229552452 5.693379245085902
28.487601885372307 9.8539467799436338 5.7790024235009785
28.61772432828548 10.11549480038218 5.8630478963271528
28.748189634150989 10.376682239827547 5.947203508877771
28.878911733738601 10.637707246047496 6.0315259840768807
29.009385443293549 10.898907891261173 6.1157145783385278
29.139959607522947 11.16002376176586 6.1999778091745323
29.270680111464515 11.42109724667138 6.2841731409449118
29.401734571993984 11.682068721803603 6.3682283478190129
