#spline3d 5 121 5 121
0.10231892009031548 4.1206515491242204e-007 0.15458281153061412
0.051215918594666759 -5.4142993467754607e-007 0.077251641441941507
1.8634953611456471e-005 -2.2040398195787536e-007 -1.3004118091698532e-005
-0.051241492813268938 4.2878893093608861e-007 -0.077234393550857511
-0.10253125573527372 4.5303650454829254e-007 -0.15443696982582611
-0.15383049407311583 -9.0279339710577889e-007 -0.23163622893913624
-0.20512030613160681 -1.7775173799785691e-006 -0.30884167594097178
-0.25639633912123605 1.8811892780474423e-006 -0.38604757778620846
-0.30767759640478093 6.3684844014891731e-006 -0.46324568406701405
-0.35896080910562339 -1.6296260610531499e-006 -0.54046449861142665
-0.41023332437553078 -2.2042245489983217e-005 -0.61772292994327349
-0.461553131112795 -8.2593603983290085e-006 -0.69489246160130635
-0.51293388494430336 6.9356867619791121e-005 -0.77188268194404341
-0.56416864960375435 5.7898579103421013e-005 -0.84909557176111639
-0.61516351709477757 -0.00016474831609586223 -0.92690887803521349
-0.66634061468338945 -0.00031522201124574613 -1.0046225805502564
-0.71850856297713062 0.00034095515800905597 -1.0800956491042408
-0.77069139477008197 0.0011949756078413925 -1.1546928486897823
-0.81941769368816919 -0.00059165686925589955 -1.2363961912632311
-0.86713703378675322 -0.0037733288488870742 -1.3230727799488051
-0.92591860928109726 0.00084159965315743043 -1.3899515061435463
-1.0061460860775819 0.022931472425694256 -1.4074344673138746
-1.0979586618891464 0.055319038709257085 -1.3942019219422295
-1.1879905545357374 0.08663647085755663 -1.3832377607679365
-1.2750628879934598 0.11537828186129594 -1.3798487188824333
-1.3619871214189121 0.14385776704858624 -1.3774852384745406
-1.4499119219908856 0.17318397563093763 -1.372673455705421
-1.5380312230080568 0.20271457488146233 -1.3672017367778344
-1.6258591528998831 0.23201523010422309 -1.3623868079049843
-1.7135927205844435 0.26122117663768613 -1.3578642217007746
-1.8013813138860371 0.29046947413580454 -1.353224004301653
-1.8892254690882722 0.31976795662942148 -1.3484236923302519
-1.9770578406504788 0.34904134877527931 -1.3436756771553824
-2.0648691416709606 0.37827494866716799 -1.3390373022085296
-2.152672368230959 0.40753812029981429 -1.3343576133526058
-2.2404872506160278 0.43690885294091947 -1.3294332216389582
-2.3283254247561853 0.46630304613251322 -1.3244389569275161
-2.416151566970504 0.49530652714047563 -1.3203164369591254
-2.5039213920544712 0.52414857610129806 -1.3165328946943151
-2.5916721933300488 0.55385986953879363 -1.3107767782770876
-2.6796348765804723 0.58489753338111583 -1.3021630552483903
-2.7677708299438466 0.61316020314144248 -1.2999425613645794
-2.85551494869503 0.63285086156372239 -1.3168185254613438
-2.9426554635706226 0.64635169251666669 -1.3472443628460591
-3.0296254377419203 0.65945816152577519 -1.3784354013625546
-3.1167239183343503 0.67411197602906447 -1.4062277001601144
-3.2038881794160168 0.68910216205891961 -1.4332922592278803
-3.2910272935229492 0.70363791249692875 -1.4613570840955756
-3.3781409705165846 0.71803221233958203 -1.4897439287403498
-3.4652542143319698 0.73251115386877752 -1.5179426624446737
-3.552373388259642 0.74706122303377032 -1.5459674499424865
-3.6394964367398619 0.76160089626447969 -1.5740336439137126
-3.7266314412652228 0.77614554127692958 -1.6021415174528308
-3.8137638586913125 0.79068029053547073 -1.6302491396703489
-3.9008577697671338 0.80511072452352983 -1.6583770333505052
-3.9879268670493877 0.81947485173735446 -1.6865210863798379
-4.07512358092076 0.83425072610934026 -1.7145596251431547
-4.162418204302833 0.84931594624126583 -1.7425209058419064
-4.2494608234880351 0.86353039337537196 -1.770704167301963
-4.3359498149407711 0.87601511692440337 -1.7993459668327672
-4.422979571721255 0.89035957262090992 -1.8274866999152732
-4.5122140696609225 0.91173924793184113 -1.8537569567674681
-4.6003004195025845 0.92901552414778055 -1.8811699850557715
-4.6794200367774224 0.91728167378680669 -1.9163388347165593
-4.7478804846186371 0.87249493503477737 -1.9601772921650793
-4.8133953618287499 0.81944737714724258 -2.00607394985715
-4.8810414971578515 0.77348484288880848 -2.050050762597627
-4.9496022281452223 0.73016200210391191 -2.0933593206593555
-5.0178359757386062 0.68564437921698862 -2.1370021031716631
-5.0856194449819307 0.6397872150275925 -2.1809922693987112
-5.1533821529279944 0.59402554898188553 -2.2249366117927432
-5.2212687775630213 0.54865246057683048 -2.268780762093328
-5.2894932287252958 0.50387663299244589 -2.3125208625783618
-5.3578082522786223 0.45928449520968945 -2.3562263830885359
-5.4253155592772533 0.41327283131019521 -2.400168813960923
-5.491686753483962 0.36497033111519206 -2.4445591735608168
-5.5608335521305712 0.32139307585618693 -2.4881911892462933
-5.6376581772143926 0.29197594515429887 -2.5293098447371571
-5.7199466108173294 0.27316504100110156 -2.5684453926992297
-5.8026043247595878 0.25527993380435338 -2.6073733853971768
-5.8838556375898499 0.23471050304417734 -2.6467937324048951
-5.9648593227565057 0.21359562677891855 -2.6863161197039611
-6.0462501341534223 0.19319814621522832 -2.7257060762926981
-6.1277226503726308 0.17302340901757859 -2.7650820461075489
-6.2091217317472909 0.15272638314478584 -2.8044771769377412
-6.2905807217989551 0.13241254006459507 -2.8437835237394538
-6.3721522912267554 0.11219400670999045 -2.883035645512511
-6.4533712361799545 0.09164580676175367 -2.9226239103118776
-6.5340046161542853 0.070614942488953919 -2.9626335116917595
-6.6156554280305455 0.050633413060502785 -3.0016478110779579
-6.6995886632685586 0.032655556808961025 -3.0388616753692612
-6.781163727542717 0.011933597496236369 -3.0787071778214048
-6.8512548218140275 -0.019524782032525535 -3.1283616867301958
-6.9080336296888509 -0.062518440314647983 -3.188352301708298
-6.9622540721526356 -0.10736693238334727 -3.249918851674316
-7.0185667529394724 -0.15030530771471765 -3.3097513506278791
-7.076204495809721 -0.19218944607221908 -3.3686607577355683
-7.1332927739545315 -0.23458948222232912 -3.4280401134290681
-7.1898923231541394 -0.27739402889894005 -3.4877796673027297
-7.246588355422122 -0.32009710528946506 -3.5474271365319421
-7.3034397803359914 -0.36267154921881584 -3.6069515347182279
-7.3603030884250238 -0.40524542537286379 -3.6664667117177534
-7.4171106592846963 -0.44785324289596989 -3.7260424149694784
-7.4739041446165162 -0.49046270288660393 -3.7856497251062575
-7.5307239669273569 -0.53307880278262842 -3.8452086727938362
-7.58756490026627 -0.5757347898665055 -3.9046462484899864
-7.6443766241325468 -0.61835475778013638 -3.9641397033260888
-7.7011111658626579 -0.66079952807133291 -4.0240672974081875
-7.7578987937083683 -0.70329376950903477 -4.0840046910400565
-7.8149390851256788 -0.74632803612614529 -4.14272599498329
-7.8719522335503465 -0.78955030457884745 -4.2005423257563717
-7.9282175335250811 -0.83120891184878065 -4.2617867287297164
-7.9839302973291852 -0.87105933424545023 -4.3283164913339638
-8.0426756187721331 -0.91667276161778932 -4.3833987331698463
-8.1065605610197231 -0.97482824856526418 -4.4074046042745616
-8.1731642325750613 -1.0421891854657073 -4.4042343794586865
-8.2393262956818489 -1.1098872297366928 -4.3978762127229878
-8.3045136449507755 -1.1750237200050195 -4.3980786622488344
-8.3697012652109777 -1.2394436226207239 -4.4011059932709458
-8.4358643545383405 -1.3051991057273251 -4.4024018400755836
-8.5039897874005916 -1.3743510674006454 -4.3974163423698869
