#fname degree numKnot L1 L2 L3 L4 MSE traceH AIC AIC0 GCV GCV2 cv_avr cv_stdev cv_error ts_avr ts_stdev ts_error sigma0 sigma_opt
BG_0006_ICA_L_d5_cp120_lmd1d0.000_lmd2d0.000_lmd3d0.000_lmd4d0.000 5 120 0 0 0 0 0.000194209003773146 120 -1391.3769862941 6476.43372619401 0.0212705675060885 0.0157457447772354 0.289624053198465 0.326866698246734 0.759596695488506 -0.0996754143354444 1.81616328944914 1.8339635614108 1 0.000225386393251434 
BG_0006_ICA_L_d5_cp121_lmd1d0.000_lmd2d0.000_lmd3d0.000_lmd4d0.000 5 121 0 0 0 0 0.000193487627023878 121 -1390.134795432 6482.43297307668 0.0213245554341169 0.0157335018966783 0.29155578323425 0.322548900770693 0.75600116545922 -0.127887370264064 1.46173180886998 1.48889603977135 1 0.000223169877353565 
BG_0006_ICA_L_d5_cp120_lmd1d0.000_lmd2d0.000_lmd3d0.000_lmd4d0.000 5 120 0 0 0 0.0001 0.000197173709522692 116.400307086859 -1399.24249222342 6454.83866386797 0.0210991892849162 0.0158039048409659 0.276546997164799 0.228791134693392 0.735251536102967 -0.0851957917477297 1.56329859522591 1.58167750805463 1 0.000225386393251434 
BG_0006_ICA_L_d5_cp121_lmd1d0.000_lmd2d0.000_lmd3d0.000_lmd4d0.000 5 121 0 0 0 0.0001 0.000196253281616601 117.37202958682 -1398.96474551969 6460.668037941 0.0211385761389038 0.015783508812602 0.278267255771323 0.225179347766003 0.732498518636812 -0.126758037589513 1.50759945700436 1.53374361695043 1 0.000223169877353565 
BG_0006_ICA_L_d5_cp120_lmd1d0.000_lmd2d0.000_lmd3d0.000_lmd4d0.000 5 120 0 0 0 0.0002 0.000197676804823413 114.88119194405 -1406.02682282038 6445.72449824261 0.0209884219387739 0.0157981816628371 0.275954358891277 0.227669521273247 0.735466797584901 -0.0785322633735742 1.5474612149153 1.56501686245419 1 0.000225386393251434 
BG_0006_ICA_L_d5_cp121_lmd1d0.000_lmd2d0.000_lmd3d0.000_lmd4d0.000 5 121 0 0 0 0.0002 0.000196677504941209 115.830868151702 -1406.22717591161 6451.42151221944 0.0210209389836834 0.0157743227619281 0.277618485040849 0.224400981507388 0.732877196784152 -0.116358818705568 1.47552705275829 1.50031224079851 1 0.000223169877353565 
BG_0006_ICA_L_d5_cp120_lmd1d0.000_lmd2d0.000_lmd3d0.000_lmd4d0.001 5 120 0 0 0 0.0005 0.000199376311931654 111.308619723018 -1419.59006210945 6424.29083920184 0.0207602978816726 0.0158051752095586 0.274581682126738 0.22471815604126 0.735865525714873 -0.0722454152709507 1.63610399449636 1.65184085325676 1 0.000225386393251434 
BG_0006_ICA_L_d5_cp121_lmd1d0.000_lmd2d0.000_lmd3d0.000_lmd4d0.001 5 121 0 0 0 0.0005 0.000198105208464272 112.209912438789 -1421.27404072985 6429.69726846444 0.0207731160427495 0.0157699515675003 0.276094011767176 0.222145417851296 0.733642471242979 -0.102399574587568 1.55359496535913 1.57481007009077 1 0.000223169877353565 
BG_0006_ICA_L_d5_cp120_lmd1d0.000_lmd2d0.000_lmd3d0.000_lmd4d0.001 5 120 0 0 0 0.001 0.000202257612560494 107.127749056897 -1431.3289708601 6399.20862328296 0.0205468339462019 0.0158479306139992 0.273465818093796 0.221820108282422 0.73604961144892 -0.0549715991755729 1.68602084581583 1.69907271841498 1 0.000225386393251434 
BG_0006_ICA_L_d5_cp121_lmd1d0.000_lmd2d0.000_lmd3d0.000_lmd4d0.001 5 121 0 0 0 0.001 0.000200625553323893 107.978921342525 -1434.86968628363 6404.31395312689 0.0205363370995924 0.0157982140403964 0.274740935887913 0.219892538705746 0.734254311261832 -0.0846853549516534 1.6539407290211 1.67124983171802 1 0.000223169877353565 
BG_0006_ICA_L_d5_cp120_lmd1d0.000_lmd2d0.000_lmd3d0.000_lmd4d0.002 5 120 0 0 0 0.002 0.000206893438836474 101.798099133351 -1441.83351274964 6367.23556354432 0.0203311152090311 0.0159378553787617 0.272611040188305 0.218923717550439 0.735997969969145 -0.0472044819832993 1.73995687091356 1.75169256350022 1 0.000225386393251434 
BG_0006_ICA_L_d5_cp121_lmd1d0.000_lmd2d0.000_lmd3d0.000_lmd4d0.002 5 121 0 0 0 0.002 0.000204913102026004 102.592646686259 -1447.12996403272 6372.00078139014 0.0202990884622104 0.0158747822289395 0.273561153896657 0.217616539386779 0.734702673461362 -0.0646407068502656 1.83623717825036 1.8493531481715 1 0.000223169877353565 
BG_0006_ICA_L_d5_cp120_lmd1d0.000_lmd2d0.000_lmd3d0.000_lmd4d0.005 5 120 0 0 0 0.005 0.000215733870946852 93.70263250449 -1449.45702987051 6318.67199318228 0.0201000226898915 0.0161361581063106 0.27186923053284 0.215475798024077 0.735688999311647 -0.0196393049101269 2.01779556577281 2.02535819166673 1 0.000225386393251434 
BG_0006_ICA_L_d5_cp121_lmd1d0.000_lmd2d0.000_lmd3d0.000_lmd4d0.005 5 121 0 0 0 0.005 0.000213569566445191 94.4207752773457 -1455.66581308823 6322.97859028551 0.0200555814361423 0.0160671547761305 0.272425621928149 0.214809104715894 0.734961893292969 -0.0303908319166007 1.85683607217758 1.86609022537134 1 0.000223169877353565 
BG_0006_ICA_L_d5_cp120_lmd1d0.000_lmd2d0.000_lmd3d0.000_lmd4d0.010 5 120 0 0 0 0.01 0.000225386393251434 87.3261593994813 -1443.00494722174 6280.42323178551 0.0200422114740153 0.0163832646530189 0.271384426939322 0.21300184981507 0.735432222830438 -0.018112771386442 2.003095602202 2.01058133745698 1 0.000225386393251434 
BG_0006_ICA_L_d5_cp121_lmd1d0.000_lmd2d0.000_lmd3d0.000_lmd4d0.010 5 121 0 0 0 0.01 0.000223169877353565 87.9888090263475 -1449.34686947093 6284.39681550411 0.0199942441399663 0.0163138066181712 0.271742909928415 0.212678964833929 0.734995616769937 -0.0290762325075922 1.90026498851233 1.90918130859899 1 0.000223169877353565 
BG_0006_ICA_L_d5_cp120_lmd1d0.000_lmd2d0.000_lmd3d0.000_lmd4d0.020 5 120 0 0 0 0.02 0.000240243440986943 81.0388411496551 -1411.91033750082 6242.71483304439 0.0202049106788232 0.0168041867100621 0.270841431288794 0.210303358371958 0.735175492665884 -0.0198547718249856 1.89013631222742 1.89822747284143 1 0.000225386393251434 
BG_0006_ICA_L_d5_cp121_lmd1d0.000_lmd2d0.000_lmd3d0.000_lmd4d0.020 5 121 0 0 0 0.02 0.000237728764616831 81.6490613082002 -1419.27814309013 6246.37352867353 0.0201449353981696 0.016726608467225 0.271076576097939 0.210241922071798 0.7349325997255 -0.0237260099915679 1.82969992955563 1.8384299319798 1 0.000223169877353565 
BG_0006_ICA_L_d5_cp120_lmd1d0.000_lmd2d0.000_lmd3d0.000_lmd4d0.050 5 120 0 0 0 0.05 0.000277267579896012 73.1065018497699 -1288.00688197665 6195.1594504461 0.0210796949548163 0.0179051701255883 0.26978578124681 0.205889573815687 0.734938396984953 -0.0258584055320346 1.82007882626721 1.82906463638443 1 0.000225386393251434 
BG_0006_ICA_L_d5_cp121_lmd1d0.000_lmd2d0.000_lmd3d0.000_lmd4d0.050 5 121 0 0 0 0.05 0.000273315702235262 73.6525724301435 -1300.77957807683 6198.43174816806 0.0209705896972685 0.017787115752376 0.269974345008136 0.206059312549519 0.734804966965879 -0.0234495959762274 1.74418329881326 1.75331095666606 1 0.000223169877353565 
BG_0006_ICA_L_d5_cp120_lmd1d0.000_lmd2d0.000_lmd3d0.000_lmd4d0.100 5 120 0 0 0 0.1 0.000331870616436165 67.4848129709259 -1068.81327249154 6161.48632274318 0.0225999389576674 0.0194762749860854 0.268045397150125 0.202095798165585 0.735557874703804 -0.0316110323896948 1.70428735674036 1.71449770659703 1 0.000225386393251434 
BG_0006_ICA_L_d5_cp121_lmd1d0.000_lmd2d0.000_lmd3d0.000_lmd4d0.100 5 121 0 0 0 0.1 0.000325379594101193 67.9863297418844 -1091.21950864518 6164.48864674162 0.0224179123269017 0.0192947766044717 0.268280038756751 0.202376655183303 0.735409505263855 -0.0323325603811551 1.76212568215917 1.77207901743009 1 0.000223169877353565 
BG_0006_ICA_L_d5_cp120_lmd1d0.000_lmd2d0.000_lmd3d0.000_lmd4d0.200 5 120 0 0 0 0.2 0.000429027036108569 62.2247981445757 -650.340417247741 6130.02766508722 0.0252230170994855 0.0220257533172132 0.265020974475419 0.197936104019129 0.737338843521456 -0.0250509166189676 1.57261448368932 1.58291346383298 1 0.000225386393251434 
BG_0006_ICA_L_d5_cp121_lmd1d0.000_lmd2d0.000_lmd3d0.000_lmd4d0.200 5 121 0 0 0 0.2 0.000417966279182568 62.6851186331844 -689.901568745346 6132.77804058864 0.024935922667677 0.0217501740352419 0.265345096016423 0.198300302544568 0.737124516891657 -0.0324395460514989 1.59629204722989 1.60728515432754 1 0.000223169877353565 
BG_0006_ICA_L_d5_cp120_lmd1d0.000_lmd2d0.000_lmd3d0.000_lmd4d0.500 5 120 0 0 0 0.5 0.000674354912819778 55.8380599416331 447.709009725433 6091.96335817285 0.0309314206443593 0.0274357374976928 0.258994577479501 0.19179226404347 0.741533041175614 -0.00985926044192839 1.45746516783762 1.46678454447571 1 0.000225386393251434 
BG_0006_ICA_L_d5_cp121_lmd1d0.000_lmd2d0.000_lmd3d0.000_lmd4d0.500 5 121 0 0 0 0.5 0.000652100077569727 56.2488367338622 366.770518276879 6094.40478487823 0.0304595703837166 0.0269904468529847 0.259433897459607 0.192234723685085 0.741223306437902 -0.0132887999172608 1.43886796390721 1.44870192816517 1 0.000223169877353565 
BG_0006_ICA_L_d5_cp120_lmd1d0.000_lmd2d0.000_lmd3d0.000_lmd4d1.000 5 120 0 0 0 1 0.00101444485282575 51.4260272895121 1996.54884682502 6065.84621615749 0.0373732125376208 0.0335005422869429 0.253418040525167 0.186625799171634 0.74561130769452 0.0110485502290441 1.43573427007535 1.44295502145974 1 0.000225386393251434 
BG_0006_ICA_L_d5_cp121_lmd1d0.000_lmd2d0.000_lmd3d0.000_lmd4d1.000 5 121 0 0 0 1 0.000977149104786399 51.8028069117785 1860.69016723281 6068.06795713014 0.0367264308337574 0.0328914427521679 0.253919424188074 0.187097932917615 0.745244286141528 0.00944240435063454 1.44616523699093 1.45349437658976 1 0.000223169877353565 
BG_0006_ICA_L_d5_cp120_lmd1d0.000_lmd2d0.000_lmd3d0.000_lmd4d2.000 5 120 0 0 0 2 0.00158258236243695 47.3580212500073 4603.77953321673 6042.0313154805 0.0460482132420008 0.0416720133472808 0.246946051129661 0.181439412224255 0.750608517422717 0.014565342848493 1.74911538576703 1.75476187452499 1 0.000225386393251434 
BG_0006_ICA_L_d5_cp121_lmd1d0.000_lmd2d0.000_lmd3d0.000_lmd4d2.000 5 121 0 0 0 2 0.00152069753131583 47.7035767665267 4378.84188120195 6044.04004081592 0.0451908494650463 0.040863291709486 0.247553851307753 0.181884951378349 0.750126662142288 -0.0017629798591538 1.54028554343118 1.5482648944412 1 0.000223169877353565 
BG_0006_ICA_L_d5_cp120_lmd1d0.000_lmd2d0.000_lmd3d0.000_lmd4d5.000 5 120 0 0 0 5 0.00294212684750577 42.47432613285 10871.9491039798 6014.14850921997 0.0617820379404552 0.0565417320808909 0.236140843368526 0.175197485651584 0.759633945628038 -0.028976549293215 1.21577837683671 1.22965302868714 1 0.000225386393251434 
BG_0006_ICA_L_d5_cp121_lmd1d0.000_lmd2d0.000_lmd3d0.000_lmd4d5.000 5 121 0 0 0 5 0.00282242649333577 42.78251181924 10438.8695678319 6015.87265616855 0.0605732882273663 0.0553966359013538 0.236935776216061 0.175584053944623 0.758949805780548 -0.0285387431419911 1.2211564142408 1.23490542213394 1 0.000223169877353565 
BG_0006_ICA_L_d5_cp120_lmd1d0.000_lmd2d0.000_lmd3d0.000_lmd4d10.000 5 120 0 0 0 10 0.00470208083670702 39.1257538894013 19004.0444029114 5995.894467724 0.0772578452067251 0.0712416268604325 0.226392890551188 0.171312053186207 0.768246642367462 -0.0376989471539291 1.12538399238225 1.14180035255593 1 0.000225386393251434 
BG_0006_ICA_L_d5_cp121_lmd1d0.000_lmd2d0.000_lmd3d0.000_lmd4d10.000 5 121 0 0 0 10 0.00451795506016139 39.408370011565 18350.3933085039 5997.39793714627 0.0757994500850143 0.0698524907704964 0.227271199003929 0.171607028736501 0.767456378392709 -0.0367012117170336 1.14789376933923 1.16382775599836 1 0.000223169877353565 
BG_0006_ICA_L_d5_cp120_lmd1d0.000_lmd2d0.000_lmd3d0.000_lmd4d20.000 5 120 0 0 0 20 0.0072196860909934 36.0509218070947 30647.2571796036 5980.07385511564 0.0947882913650353 0.0880077796226058 0.216353963491155 0.168621568476391 0.777448039571893 -0.0270704674485317 1.06473580010881 1.08022834037864 1 0.000225386393251434 
BG_0006_ICA_L_d5_cp121_lmd1d0.000_lmd2d0.000_lmd3d0.000_lmd4d20.000 5 121 0 0 0 20 0.00697101543822662 36.3100862900985 29807.3444142329 5981.36922985217 0.0932190166840214 0.0865010958363004 0.217212952396519 0.168814633748057 0.776651462773603 -0.0297943578593556 1.05987222870923 1.07589990216167 1 0.000223169877353565 
BG_0006_ICA_L_d5_cp120_lmd1d0.000_lmd2d0.000_lmd3d0.000_lmd4d50.000 5 120 0 0 0 50 0.0115274783222945 32.3706870017135 50579.0648436632 5962.48978137283 0.118377474674888 0.110801655881348 0.204439732497303 0.165492705329457 0.788420201606323 0.0745782318449916 1.04413621713953 1.04724592817482 1 0.000225386393251434 
BG_0006_ICA_L_d5_cp121_lmd1d0.000_lmd2d0.000_lmd3d0.000_lmd4d50.000 5 121 0 0 0 50 0.0112134368863084 32.6018067421042 49631.3573433468 5963.548640556 0.116839425878776 0.109306929958276 0.205141486469569 0.165753100529934 0.787788841896204 0.0672700151788862 1.06179033289787 1.06542688885018 1 0.000223169877353565 
BG_0006_ICA_L_d5_cp120_lmd1d0.000_lmd2d0.000_lmd3d0.000_lmd4d100.000 5 120 0 0 0 100 0.0153977632582867 29.8521170656891 68491.2888540451 5951.41893922986 0.135730992671862 0.127740328685147 0.197324783747925 0.161962571315809 0.794651039146602 0.15136064469954 0.79933829046137 0.799347622207506 1 0.000225386393251434 
BG_0006_ICA_L_d5_cp121_lmd1d0.000_lmd2d0.000_lmd3d0.000_lmd4d100.000 5 121 0 0 0 100 0.0150381958472801 30.064054912571 67508.547150403 5952.31517793406 0.13422625745133 0.12626641423978 0.197868553225154 0.162309363807905 0.794189493345394 0.146281177475846 0.856548856710243 0.856595529897819 1 0.000223169877353565 
BG_0006_ICA_L_d5_cp120_lmd1d0.000_lmd2d0.000_lmd3d0.000_lmd4d200.000 5 120 0 0 0 200 0.019812123509686 27.5417931305195 88924.9438877329 5942.1655877213 0.152852786060493 0.144569435530879 0.192209442352099 0.157774164493361 0.798821897917336 0.185729594674162 0.623662119543703 0.624407788073534 1 0.000225386393251434 
BG_0006_ICA_L_d5_cp121_lmd1d0.000_lmd2d0.000_lmd3d0.000_lmd4d200.000 5 121 0 0 0 200 0.0194020530356341 27.7361404452127 87908.9248192569 5942.90355803455 0.151354436161307 0.143092826031404 0.192581341149598 0.158141185055674 0.798529932326261 0.184230416348327 0.629486890928558 0.630154878166377 1 0.000223169877353565 
BG_0006_ICA_L_d5_cp120_lmd1d0.000_lmd2d0.000_lmd3d0.000_lmd4d500.000 5 120 0 0 0 500 0.0268077757226781 24.7786316547868 121312.543383265 5932.89007977727 0.176282649873409 0.167711316924542 0.187617057512066 0.152703388013838 0.802343827288356 0.126771171712412 0.520085465079942 0.520863132685303 1 0.000225386393251434 
BG_0006_ICA_L_d5_cp121_lmd1d0.000_lmd2d0.000_lmd3d0.000_lmd4d500.000 5 121 0 0 0 500 0.0262819207388281 24.9519455346863 120076.58954464 5933.38097045352 0.174638770301708 0.166086519864217 0.187888271919979 0.153004093217163 0.802134875879964 0.129460219637283 0.521371577664053 0.522007708565038 1 0.000223169877353565 
BG_0006_ICA_L_d5_cp120_lmd1d0.000_lmd2d0.000_lmd3d0.000_lmd4d1000.000 5 120 0 0 0 1000 0.033902606374584 22.8885401535377 154164.780327716 5928.95653397036 0.197089509832109 0.188253860959239 0.184505686588657 0.149667451517903 0.804828452909249 0.130699903906592 0.412129244465797 0.412858209438788 1 0.000225386393251434 
BG_0006_ICA_L_d5_cp121_lmd1d0.000_lmd2d0.000_lmd3d0.000_lmd4d1000.000 5 121 0 0 0 1000 0.0331849563341905 23.0474691910911 152357.913155499 5929.16088155351 0.195087725554046 0.186279718896372 0.184777335307968 0.149903453458176 0.80460547950691 0.128252132241779 0.422911892824681 0.423771049018057 1 0.000223169877353565 
