#spline3d 5 121 5 121
2.6050731460207892 -2.6297213709218918 -4.1407169013740877
0.49393969339130517 -0.4963409570535397 -1.3087076875179213
-0.23447390775363877 0.23728557250738117 0.2374616082988128
0.03336782076933744 -0.03700500194537306 0.76104902294957466
0.71112902074805984 -0.70501587094536422 0.66793437994719529
1.159424827283785 -1.1708004122268407 0.85855189337797011
1.7407304579147447 -1.7193810758748767 0.9151031411285957
2.2166768625739373 -2.2546287692274771 1.0493655824164227
2.8104584446478431 -2.7522985370183832 1.1248854004979745
3.2826709025859118 -3.3254606145627519 1.217738395016601
3.4955489244628346 -3.9515937742353424 1.7113542653280676
3.859912665651795 -4.5938890461508555 1.8446040383535924
4.1166467564139984 -5.2995148699206185 1.75451440584274
4.4368479518982671 -6.0006498622175126 1.6941685391748773
4.748025264755479 -6.732383902179258 1.6537157563347296
4.8045026277403027 -6.9637725643009079 2.5299937738427301
4.918493998279291 -7.5857036622069201 3.4082755555782493
5.4149899913862187 -7.4192291300249043 2.3293043661681243
6.0047403287653038 -7.3553212168761437 1.8746757342179841
5.8718652167280352 -7.7884672820727294 1.1265243263819118
5.8138527661358959 -8.1176351905754007 0.46443218523712115
6.3881147071159816 -8.5576907430690135 -0.01434956653160863
6.5275230350261966 -9.0179424256578358 -0.51466401156812003
7.1317577235102032 -9.3560592781708127 -1.1146815607354419
7.1230735563233285 -9.9238327021096104 -1.5159471951501269
6.6422270463917457 -10.645641934024145 -1.6517187315715176
6.413644632986145 -11.365166367274124 -1.8989881568377756
6.8035616692426455 -11.480964163958664 -2.7947162406433055
6.8351483363510903 -11.953736558317464 -3.3072630909762473
6.695207498098763 -12.757302414631516 -3.54205029343633
6.5892852824478814 -13.324686475962455 -3.9591634242204736
6.6297737816917319 -14.079705213295711 -4.2531880319768307
6.2862801648005675 -14.626056485931732 -4.6660978234581485
5.9076472992071691 -15.186202585594648 -4.9453088063269153
5.4968327928950043 -15.710221088747389 -5.4075309844359616
5.1480058374155622 -16.285231826484356 -5.7070122325143764
5.4281513699993011 -17.139111725010828 -5.3490225577885528
5.425114536261467 -17.793496037792828 -5.2869914812275063
5.5133049341453235 -18.56678504156859 -5.1134985336202119
5.5476339430706112 -19.448989264707606 -5.0984385617159118
6.0171915802318798 -19.169059188072893 -4.1024201214266354
5.8632754855807585 -19.161872113170674 -3.516866820046554
5.8456280824112525 -19.419118313132028 -2.5449680264052668
6.0267891124982258 -18.759186348119457 -2.1697220830553801
6.2836156245200554 -18.116757052187406 -1.8048633768952309
6.4108460117563775 -17.488959605277952 -1.4188481052643276
6.7543425049020218 -16.994322328356194 -0.9513723205823067
7.0962183711105622 -16.572766846562757 -0.44797058714415866
7.6346457756829889 -16.05999698667873 0.01539074904760749
6.9483030346166945 -15.75838953681955 0.59855621958107919
6.4242376963385537 -15.725075410960356 1.1870352670264011
6.5459411185170131 -14.676014522195491 1.5642006374456841
6.4278893887310744 -15.097292463177016 2.3447764837707057
6.2646187402914499 -15.276153004334923 3.0724116354235069
6.2593069797007663 -15.633020235068615 3.7261272199319726
5.9087180894106703 -15.355577880231801 4.5496608871807158
5.886768578883923 -15.627863592480617 5.2033319492037409
6.0453193488584818 -16.502639535891607 5.4514543686617882
6.176966217696509 -16.943910372145574 6.0305958807685505
6.2078922462999779 -17.670968697897713 6.3329604267366939
5.8936214430517584 -18.38800983138335 6.4161790189212686
5.8040364266163582 -19.095901680061836 6.6384771022676166
5.5250559315158121 -19.807772446359149 6.7734054412617954
5.5894754902134061 -20.531423019354346 7.017304976349064
5.5846576459452288 -21.241035476597158 7.2687189522489399
5.579212800631983 -21.966587120189107 7.4771606939287185
5.4797895656123998 -22.716455290354254 7.547951556560677
5.4504033161502692 -23.458162014982143 7.6887652651901686
5.3480114876717044 -24.193292299769055 7.8039788121972418
5.3418228860389672 -24.948088550914914 7.9174198758426684
5.2375097249362996 -25.680971529382017 8.0441761016565163
4.8569432479249643 -26.331562125126954 8.2345334395795291
4.6265972981756835 -27.024451723057084 8.3923138028425548
4.3251218773341433 -27.700833473973301 8.5616514897369047
4.0500329284976893 -28.376062975009667 8.7352085451154178
3.7796474240797271 -29.070855826238187 8.8861483115369815
3.4706915124552613 -29.717314319034802 9.0903227577124426
3.2524896865917827 -30.463019928063684 9.1857015421988457
2.8668533359675021 -31.034616140473815 9.4738405459660093
2.3870637518326832 -31.509327909290192 9.8586112086941728
1.9708801504922777 -32.021399361260471 10.154252340712807
1.6051678566632595 -32.685854149809174 10.538824339478515
0.7893800049737888 -32.574630228740794 10.750572759851481
0.11229301112949688 -32.70165983682346 11.010153749234471
-0.60333824423605176 -32.72532290200094 11.257371448008595
-1.3114523505558862 -32.829889166786067 11.507091657809543
-2.027935394032983 -32.903091485654087 11.754736765232661
-2.6733274755250132 -32.523967122588424 12.017547341347269
-3.352292336932555 -32.325850832356529 12.26006103708084
-4.0109959735904317 -32.085638915352796 12.530458214493134
-4.6795182194398164 -31.830015769262793 12.772265176231649
-5.3800093154303807 -31.511604480768209 12.988716006108222
-5.8460607328471248 -31.917021041569466 13.580881792597406
-6.3296023687711367 -32.254157842836513 14.058401338688668
-6.9292779300135141 -32.216388716671119 14.519320407348959
-7.569462660392043 -32.028023654764525 14.914237941495623
-8.1484735069058747 -31.99289275090997 15.378672383837937
-8.8094036017240001 -31.830818761554909 15.753186073765178
-9.3774141094403483 -31.802636300727304 16.211989714800701
-10.124961841014168 -31.556710805556879 16.506606026738858
-10.531111852665424 -31.727408849180414 17.112717375475885
-10.84641103942368 -31.926013714108812 17.817581751833384
-11.370120705011436 -32.410598783471492 18.142993295605777
-11.729569200986813 -32.883650287713351 18.594554451735622
-12.281429336224191 -33.234549475609732 19.035259625263706
-12.567719364748047 -33.815245742068591 19.419240662428535
-12.636398956509632 -34.509150240580816 19.750703542260318
-12.903015823504941 -35.123845530979068 20.113912059375139
-13.112732479498995 -35.769115696740428 20.469477947281693
-12.657644416473572 -36.390942044946861 20.81991053133223
-12.460833055738906 -36.926443845220888 21.22482142866809
-12.210834449635755 -37.685540779528587 21.503999121657468
-11.876426880212145 -38.060559961444035 21.995721179833815
-11.572173258976674 -37.902757013017947 22.956370726209808
-11.111021742513243 -38.61478231277443 23.040923603570331
-10.648228384160689 -39.18219787019342 23.18242495245477
-10.207493063763939 -39.75301709421786 23.381368652909032
-9.7483752644709973 -40.34462396061187 23.523409362499066
-9.302589750042296 -40.915124530784865 23.708664598821187
-8.8460842199155074 -41.506000393013608 23.858160747727162
-8.3714913943229021 -42.133379747505387 23.946235390371385
