#spline3d 5 121 5 121
0.63529931947708296 1.0018496039938007 -0.32196203893062353
0.33126240190089967 0.49472593829970685 -0.15979834103607299
0.0035323329633811652 -0.0016765743406004783 0.00030021996829683172
-0.33736274156669083 -0.49189038898665755 0.15927731962059077
-0.64827137630802578 -0.99763033913144916 0.32069239451638976
-1.007469637696049 -1.4767537885813355 0.47832373216894886
-1.3237981978537887 -1.984742300606168 0.6384949748088049
-1.461496327096661 -2.5615599298899485 0.82118134595107495
-1.6695352445409992 -3.1021746605852107 1.0350129081783075
-1.7959088121136066 -3.7546700730283953 1.0884928060572816
-2.230291329398947 -3.9499416187085572 1.6355673746468311
-2.6680032593896819 -4.0900746510503909 1.969615750561446
-3.5184739288786977 -3.9730125789922881 1.5288633362524153
-3.8862325530778299 -4.086694405489288 1.8511793022835101
-3.6263440826805788 -4.2328416601088863 2.6940405198474946
-3.72022678673336 -4.3062790406343971 3.2071013566399214
-4.0838084651035098 -4.9167105343063131 3.437440082452361
-4.3579303141778523 -5.3287790947552374 3.7196469675852444
-4.8470105518560516 -5.6018324186566435 4.0330171227539084
-5.2857707846611923 -5.9665836099286356 4.4085657743931073
-5.9220628535719451 -5.8766249245796978 4.0681381327349388
-6.4870774384726655 -5.9037767043322038 3.8967716547795348
-7.1224265994651788 -5.8147025607220364 3.7475503593412358
-7.5486941294360514 -6.1691655300104573 3.4176244857777514
-8.020205633270491 -6.4752145397164949 3.1594394133643733
-8.3896215284765674 -6.7893558763743131 2.776689070129521
-8.8435160910816926 -7.0779476403451733 2.4604457270650699
-9.0916852635213168 -7.4598000011624652 2.0418405023253112
-9.732405459969355 -7.683182579772116 1.7069462330164058
-10.000007409312126 -7.9252394850736412 1.7380823776722023
-9.4349919861659384 -8.5619029036806946 1.2725498538854121
-9.3474629232351187 -8.9369897675671215 0.9973824192299422
-9.0505277054418904 -9.5314754052723618 0.75260881162387316
-8.827990168127938 -9.8104661813728153 0.26966869711883229
-8.5633375729202914 -10.011367937291016 -0.27286636855846097
-8.3148221318400406 -10.2865488210787 -0.73193872129205184
-8.1428129015707338 -10.516325185225732 -1.4011616063495034
-7.5222227270132311 -10.821879977070962 -1.3189674233854909
-6.9394705155311716 -11.064219066225121 -1.2263743853313611
-6.4772861473457084 -11.402078467564293 -1.4383689276214668
-6.0297562054510196 -11.761225507116324 -1.6940958524559404
-5.5803917643107157 -12.111670787251757 -1.9801251244635438
-5.0074379929298987 -12.382091774875997 -1.7250953493779282
-4.5356347077309662 -12.587152626381883 -1.4985704526393784
-3.8925777386097091 -12.986271144779341 -1.4902312055970628
-3.5258540622104655 -13.038936815455399 -1.0448510970726472
-3.4806138986687594 -12.833887943482997 -0.34485117178087482
-3.1936369722809439 -12.795393413168112 0.16738442979909723
-3.0498301412285396 -12.650217145574819 0.77070547598375028
-3.1220480376748583 -12.763650645078094 1.4056187707883026
-3.0914400953326346 -12.685632636001865 2.0113929403320978
-3.0963233942652031 -12.317817501759359 2.5433809542714454
-3.1411892525538647 -12.11434325451869 3.124985643494214
-2.9221747334995607 -11.755498514045616 3.6088999385931579
-2.905608739804848 -11.667233590821443 4.2696998851487127
-2.5057814101771019 -10.973457013061241 4.4995504328711
-2.4819898714653825 -10.764488504070236 4.9219841618362024
-2.9299315226693552 -11.193062091901579 5.5719221513084429
-3.0019187445612854 -11.183340941038326 6.0468603579244791
-3.4952467262514775 -11.524654278622423 6.6458708419934727
-3.2570162057936543 -11.379853866779934 7.1507126740420981
-2.7495176243640311 -11.020369447866782 7.5483097685454394
-2.3840934338914148 -10.743160968135701 8.0547312100430251
-2.724451075326209 -11.33492885102816 8.4852231708888528
-2.9084849787216935 -11.70366832902493 8.891807860560883
-3.1432041603593506 -12.127105077517202 9.2995131017004464
-3.1162503322346109 -12.396080309049257 9.8557881786830617
-3.0102770173609068 -12.61922354924099 10.505841537377396
-3.3717878161545962 -13.112832770540505 10.73506958889778
-3.7417988434261025 -13.569575081990982 10.962355422296232
-4.0081755534558727 -14.032207059551876 11.231596838929924
-4.3905661747430855 -14.474156833551943 11.480635083891107
-4.75205988083236 -14.931474450887405 11.755948559372408
-4.4933835332857495 -15.58028353435296 11.833506687987104
-4.4224169792584442 -16.158035808872043 11.958257807737285
-4.3063601736763468 -16.756128783969729 12.100200904369469
-4.2098383881996453 -17.351410399650835 12.174972455188067
-4.0747148497644776 -17.943203388343768 12.3851724145412
-3.9982737993130475 -18.544635688519946 12.40234454049526
-4.0521725483666753 -19.13800700061341 12.124745028258126
-4.0075044000861553 -19.72828131544896 12.010880792680451
-4.0547359758509387 -20.325879335259522 11.816182414891088
-4.0384360197008471 -20.920062882237271 11.65659108043474
-3.7249621956935539 -21.472076176819549 11.569427629728009
-3.5275297896048738 -22.035734464646669 11.455357298877306
-3.3053356811706793 -22.617054938818995 11.33272112497321
-3.039731040457784 -23.1121642035469 11.282086400581671
-2.937148604824726 -23.873026805296995 11.001126524446711
-2.4185501571086907 -23.978614016049438 11.296304994970287
-1.8440606265331645 -23.957012786077975 11.69102605615141
-1.3522083920132144 -24.114268525198863 11.937527721429309
-0.81471181154941241 -24.104606910576294 12.31881593899098
-0.2855311156029226 -24.296551022922777 12.545714205514546
0.25926771368137641 -24.542122174076614 12.730025407180205
0.79449197107009262 -24.741931436614287 12.952514298390165
1.3354785000483993 -24.966439655410984 13.155118972281153
1.8742925788325613 -25.155959438491788 13.36542059783306
2.4036283300978867 -25.47321717213984 13.573465647350954
2.9868819088699143 -25.361526392514776 13.786274983777243
3.5610663850843816 -25.258090858954397 13.995746876744358
4.1338624438834657 -25.203448200534513 14.206609787011157
4.7091340331226554 -25.111760474330861 14.417027509026578
5.2829093966037277 -25.039452059564677 14.627405162055668
5.8570852571209393 -24.959016724775331 14.838387791556153
6.4320267417828623 -24.880949480155042 15.047476504884047
7.0044106881589032 -24.803590493277227 15.261376410593833
7.5822625385577247 -24.723333811892743 15.465020998785709
8.1516834153328492 -24.646953468736317 15.685560843292153
8.725353716159157 -24.572156321644577 15.892680288812389
9.3316163555878724 -24.466148654332535 16.056488488202294
9.7493918255281056 -24.502168202324068 16.532299396789575
10.182460584819994 -24.479549793230333 16.973070444882776
10.629347334999302 -24.477397541314957 17.399657998850074
11.174633720266828 -24.684724659817235 17.659301534426
11.671740067696028 -24.809413735354717 17.989778152896832
12.179850225760962 -24.957915303565596 18.293424752303846
12.787041163537355 -25.141874758658993 18.535796613244401
12.876227421818125 -25.113184770574758 19.203369093775102
12.965700507525092 -25.088689188616165 19.836420509950436
13.289632969601527 -25.156535912256665 20.309098728163782
14.123742359808375 -25.425223632157099 20.433739191812492
