#pt3d 300
2.734892 27.984612 -14.429330
2.669902 27.745722 -14.175301
2.604912 27.506832 -13.921270
2.539922 27.267942 -13.667241
2.474932 27.029053 -13.413211
2.409942 26.790163 -13.159182
2.344952 26.551273 -12.905151
2.279962 26.312384 -12.651122
2.214972 26.073494 -12.397092
2.149982 25.834604 -12.143063
2.084992 25.595716 -11.889033
2.020002 25.356827 -11.635003
1.955012 25.117937 -11.380974
1.890022 24.879047 -11.126944
1.825032 24.640158 -10.872914
1.760042 24.401268 -10.618884
1.695052 24.162378 -10.364855
1.630062 23.923489 -10.110825
1.565072 23.684599 -9.856795
1.500082 23.445709 -9.602765
1.435092 23.206820 -9.348736
1.370102 22.967932 -9.094706
1.305112 22.729042 -8.840676
1.240122 22.490152 -8.586646
1.175132 22.251263 -8.332617
1.110142 22.012373 -8.078587
1.045152 21.773483 -7.824557
0.980162 21.534594 -7.570528
0.915172 21.295704 -7.316498
0.850182 21.056814 -7.062468
0.785192 20.817924 -6.808438
0.720202 20.579035 -6.554409
0.655212 20.340147 -6.300379
0.590222 20.101257 -6.046349
0.525232 19.862368 -5.792319
0.460242 19.623478 -5.538290
0.387104 19.382988 -5.288636
0.285147 19.136839 -5.054461
0.169178 18.889482 -4.829188
0.030897 18.640205 -4.618090
-0.128406 18.391674 -4.422459
-0.300237 18.143587 -4.236045
-0.498645 17.900036 -4.071678
-0.704600 17.658501 -3.913929
-0.930128 17.423250 -3.773867
-1.164966 17.192566 -3.642509
-1.410140 16.966949 -3.520812
-1.666254 16.748764 -3.408937
-1.926727 16.533541 -3.300975
-2.197579 16.327578 -3.200900
-2.469850 16.122972 -3.101797
-2.749757 15.927135 -3.006286
-3.030323 15.732290 -2.910724
-3.315231 15.544001 -2.814819
-3.600604 15.356730 -2.718342
-3.888039 15.173975 -2.619325
-4.175655 14.992003 -2.519415
-4.463851 14.812563 -2.416618
-4.752038 14.633440 -2.313250
-5.040208 14.454933 -2.208768
-5.328660 14.275423 -2.106841
-5.617333 14.095121 -2.006932
-5.908508 13.909933 -1.924869
-6.202660 13.719741 -1.874339
-6.493724 13.527339 -1.907329
-6.718724 13.378016 -2.120282
-6.828071 13.313506 -2.450309
-6.893054 13.285047 -2.797826
-6.939389 13.275154 -3.149363
-6.983450 13.269033 -3.501261
-7.026072 13.265298 -3.853386
-7.069911 13.260110 -4.205344
-7.113825 13.253470 -4.557256
-7.157939 13.240951 -4.908995
-7.200526 13.224118 -5.260682
-7.240011 13.198527 -5.612262
-7.273849 13.163996 -5.963475
-7.300875 13.118679 -6.314244
-7.313881 13.056499 -6.662798
-7.318285 12.983975 -7.009992
-7.293638 12.882086 -7.348447
-7.256443 12.768570 -7.681622
-7.184952 12.624942 -7.997981
-7.088206 12.462150 -8.296218
-6.972213 12.284753 -8.580647
-6.818508 12.083312 -8.828563
-6.653678 11.875926 -9.063283
-6.467577 11.657585 -9.271890
-6.268630 11.433904 -9.461139
-6.060770 11.206517 -9.636958
-5.841226 10.974398 -9.790536
-5.618858 10.741133 -9.938736
-5.388065 10.502397 -10.063385
-5.156615 10.262795 -10.185011
-4.921690 10.016413 -10.284657
-4.686952 9.767979 -10.378833
-4.452932 9.511621 -10.451900
-4.220894 9.251209 -10.514425
-3.992737 8.982859 -10.556320
-3.770171 8.708394 -10.579770
-3.553166 8.427848 -10.584873
-3.347861 8.140409 -10.560315
-3.147490 7.850065 -10.523244
-2.968023 7.555189 -10.442441
-2.795931 7.260619 -10.348125
-2.644674 6.967942 -10.216656
-2.510655 6.681198 -10.059154
-2.390855 6.399349 -9.880178
-2.302228 6.134590 -9.662121
-2.226788 5.878467 -9.429960
-2.177971 5.640845 -9.171164
-2.151483 5.420537 -8.895535
-2.137665 5.210053 -8.610352
-2.155008 5.024093 -8.308788
-2.181046 4.844350 -8.004484
-2.223987 4.676690 -7.694857
-2.279541 4.515812 -7.383818
-2.341783 4.358530 -7.072031
-2.416411 4.203943 -6.761632
-2.493403 4.048888 -6.452052
-2.576335 3.891534 -6.145156
-2.660719 3.730956 -5.840364
-2.746735 3.566758 -5.537935
-2.832847 3.396370 -5.239012
-2.918997 3.223511 -4.941487
-3.003984 3.041828 -4.648937
-3.088655 2.858008 -4.357654
-3.172107 2.666199 -4.071178
-3.254976 2.470343 -3.787349
-3.336932 2.268142 -3.507669
-3.417462 2.058594 -3.233124
-3.497081 1.844351 -2.961860
-3.572513 1.617588 -2.699825
-3.646260 1.386791 -2.440857
-3.711287 1.139675 -2.194832
-3.770405 0.884919 -1.955689
-3.819501 0.617209 -1.728217
-3.853451 0.335363 -1.516303
-3.880049 0.046657 -1.311940
-3.879272 -0.260544 -1.134638
-3.869017 -0.572215 -0.966832
-3.838365 -0.893414 -0.819474
-3.790191 -1.219717 -0.690601
-3.731099 -1.549201 -0.573249
-3.649999 -1.881739 -0.480921
-3.563694 -2.214679 -0.394807
-3.460090 -2.547762 -0.330425
-3.351808 -2.880359 -0.272638
-3.233711 -3.211939 -0.228692
-3.110943 -3.542607 -0.192261
-2.983332 -3.872332 -0.163621
-2.852419 -4.201188 -0.141008
-2.719644 -4.529555 -0.121792
-2.585686 -4.857558 -0.104768
-2.451395 -5.185461 -0.088359
-2.318267 -5.513601 -0.067807
-2.185505 -5.841786 -0.045906
-2.055726 -6.170250 -0.012868
-1.927083 -6.498487 0.025297
-1.801653 -6.826079 0.077966
-1.678277 -7.152041 0.142574
-1.557308 -7.476092 0.221190
-1.438666 -7.795054 0.320175
-1.321132 -8.111593 0.428857
-1.204558 -8.417144 0.565887
-1.087714 -8.719254 0.709976
-0.968617 -9.007252 0.879377
-0.846738 -9.287840 1.058219
-0.720206 -9.556042 1.252849
-0.585920 -9.810924 1.459205
-0.446616 -10.057184 1.673151
-0.292180 -10.284120 1.897513
-0.133124 -10.505603 2.124217
0.046220 -10.706315 2.355244
0.233392 -10.900309 2.585313
0.436944 -11.080241 2.813378
0.654107 -11.250211 3.035941
0.881614 -11.412607 3.254323
1.126466 -11.564322 3.461016
1.376043 -11.713200 3.664359
1.642518 -11.853708 3.851631
1.912133 -11.993076 4.035002
2.191643 -12.128846 4.206067
2.474985 -12.263624 4.371319
2.763513 -12.397059 4.528704
3.055495 -12.529608 4.680254
3.349897 -12.661537 4.827717
3.647054 -12.791554 4.971266
3.945202 -12.920885 5.113408
4.245468 -13.045653 5.255158
4.546064 -13.169559 5.396967
4.847982 -13.284908 5.543128
5.149877 -13.397757 5.691140
5.451681 -13.500217 5.846830
5.752471 -13.596176 6.008151
6.051710 -13.682156 6.178113
6.346953 -13.756133 6.359801
6.639895 -13.823195 6.548244
6.922598 -13.872725 6.756508
7.200632 -13.916797 6.971889
7.466221 -13.948042 7.204933
7.720584 -13.972532 7.450437
7.966349 -13.991848 7.705485
8.193246 -14.005759 7.977656
8.413861 -14.019012 8.254925
8.620199 -14.031939 8.543161
8.819278 -14.046749 8.836250
9.011956 -14.063220 9.133616
9.198751 -14.084400 9.434389
9.384005 -14.107005 9.736038
9.568096 -14.137080 10.037747
9.753024 -14.169566 10.338657
9.940589 -14.209662 10.637044
10.130595 -14.256177 10.932834
10.323570 -14.310495 11.225466
10.519239 -14.378917 11.513124
10.716161 -14.453889 11.798473
10.911343 -14.556894 12.076107
11.102983 -14.672281 12.350772
11.286362 -14.814289 12.619154
11.452568 -14.986181 12.880130
11.606150 -15.176821 13.136092
11.728596 -15.402061 13.381238
11.827229 -15.644973 13.618827
11.909140 -15.900173 13.851133
11.956839 -16.171717 14.074320
11.996234 -16.445251 14.296412
12.021729 -16.722124 14.516673
12.043012 -16.997082 14.739730
12.062294 -17.271130 14.964117
12.092758 -17.535852 15.198210
12.130540 -17.796097 15.435717
12.193587 -18.041409 15.684052
12.281689 -18.271067 15.937727
12.396659 -18.483940 16.197130
12.559893 -18.659519 16.456161
12.739373 -18.822544 16.715067
12.975372 -18.927645 16.957083
13.215594 -19.028416 17.197834
13.455816 -19.129187 17.438587
13.696037 -19.229956 17.679340
13.936259 -19.330727 17.920092
14.176481 -19.431498 18.160845
14.416703 -19.532269 18.401596
14.656925 -19.633039 18.642349
14.897147 -19.733810 18.883101
15.137369 -19.834581 19.123854
15.377591 -19.935350 19.364607
15.617813 -20.036121 19.605358
15.858035 -20.136892 19.846111
16.098257 -20.237663 20.086863
16.338478 -20.338434 20.327616
16.578701 -20.439205 20.568369
16.818922 -20.539976 20.809120
17.059145 -20.640747 21.049873
17.299366 -20.741516 21.290625
17.539589 -20.842287 21.531378
17.779810 -20.943058 21.772129
18.020033 -21.043829 22.012882
18.260254 -21.144600 22.253635
18.500477 -21.245371 22.494387
18.740698 -21.346142 22.735140
18.980921 -21.446913 22.975891
19.221142 -21.547682 23.216644
19.461363 -21.648453 23.457396
19.701586 -21.749224 23.698149
19.941807 -21.849995 23.938902
20.182030 -21.950766 24.179653
20.422251 -22.051537 24.420406
20.662474 -22.152308 24.661158
20.902695 -22.253077 24.901911
21.142918 -22.353848 25.142664
21.383139 -22.454618 25.383415
21.623362 -22.555389 25.624168
21.863583 -22.656160 25.864920
22.103806 -22.756931 26.105673
22.344027 -22.857702 26.346424
22.584249 -22.958473 26.587177
22.824471 -23.059242 26.827930
23.064692 -23.160013 27.068682
23.304914 -23.260784 27.309435
23.545135 -23.361555 27.550186
23.785358 -23.462326 27.790939
24.025579 -23.563097 28.031691
24.265802 -23.663868 28.272444
24.506023 -23.764637 28.513197
24.746246 -23.865408 28.753948
24.986467 -23.966179 28.994701
25.226690 -24.066950 29.235453
25.466911 -24.167721 29.476206
25.707134 -24.268492 29.716957
25.947355 -24.369263 29.957710
26.187578 -24.470034 30.198463
26.427799 -24.570803 30.439215
26.668020 -24.671574 30.679968
26.908243 -24.772345 30.920719
27.148464 -24.873116 31.161472
27.388687 -24.973886 31.402225
27.628908 -25.074657 31.642977
27.869131 -25.175428 31.883730
