#pt3d 300
-0.124964 29.684248 -12.829705
-0.232301 29.432039 -12.543771
-0.339638 29.179832 -12.257835
-0.446974 28.927624 -11.971901
-0.554311 28.675417 -11.685966
-0.661648 28.423208 -11.400031
-0.768984 28.171000 -11.114097
-0.876321 27.918793 -10.828161
-0.983658 27.666584 -10.542227
-1.090994 27.414375 -10.256291
-1.198331 27.162169 -9.970357
-1.305667 26.909960 -9.684422
-1.413004 26.657751 -9.398487
-1.520341 26.405544 -9.112553
-1.627677 26.153336 -8.826617
-1.735014 25.901129 -8.540683
-1.842351 25.648920 -8.254748
-1.949687 25.396711 -7.968813
-2.057024 25.144505 -7.682878
-2.164361 24.892296 -7.396944
-2.271697 24.640087 -7.111009
-2.379034 24.387880 -6.825074
-2.486371 24.135672 -6.539139
-2.593707 23.883463 -6.253204
-2.701044 23.631256 -5.967269
-2.808380 23.379047 -5.681334
-2.915717 23.126841 -5.395400
-3.023054 22.874632 -5.109465
-3.130390 22.622423 -4.823530
-3.237727 22.370216 -4.537595
-3.345064 22.118008 -4.251660
-3.452400 21.865799 -3.965726
-3.559737 21.613592 -3.679791
-3.667744 21.357176 -3.398439
-3.781146 21.066877 -3.153990
-3.894548 20.776579 -2.909540
-4.015381 20.447672 -2.725508
-4.137672 20.112108 -2.557674
-4.266293 19.748882 -2.465951
-4.396905 19.379910 -2.436700
-4.528629 19.009050 -2.465305
-4.658159 18.653580 -2.582569
-4.783444 18.320303 -2.751583
-4.905684 18.002560 -2.952909
-5.021907 17.713861 -3.197930
-5.135051 17.438904 -3.458759
-5.245082 17.177835 -3.735572
-5.351208 16.932138 -4.027287
-5.456007 16.691660 -4.324064
-5.556544 16.464703 -4.632667
-5.656616 16.239189 -4.942533
-5.751812 16.024456 -5.261463
-5.846592 15.810272 -5.580871
-5.935730 15.603543 -5.906763
-6.023880 15.397515 -6.233346
-6.104672 15.196706 -6.565065
-6.183406 14.996645 -6.897688
-6.252358 14.800138 -7.234615
-6.317267 14.604390 -7.572702
-6.369884 14.410947 -7.914316
-6.415063 14.218263 -8.257262
-6.446295 14.026999 -8.602706
-6.465022 13.836545 -8.949248
-6.470040 13.646976 -9.296994
-6.456213 13.458355 -9.644718
-6.431387 13.270288 -9.992430
-6.381436 13.083296 -10.337784
-6.325263 12.896569 -10.682554
-6.239805 12.710530 -11.021598
-6.150135 12.524389 -11.359406
-6.037802 12.337452 -11.690049
-5.920304 12.149467 -12.018147
-5.788174 11.958519 -12.339034
-5.651706 11.764488 -12.656116
-5.507455 11.564927 -12.966367
-5.361554 11.359211 -13.271644
-5.213423 11.145185 -13.570205
-5.067344 10.921080 -13.862032
-4.923488 10.686046 -14.146555
-4.786086 10.436063 -14.420798
-4.654053 10.173644 -14.686491
-4.534117 9.889742 -14.934315
-4.420530 9.594563 -15.172761
-4.327225 9.269182 -15.377334
-4.241639 8.933419 -15.567542
-4.180823 8.567764 -15.707137
-4.138120 8.188036 -15.800877
-4.113320 7.796913 -15.847456
-4.119356 7.403727 -15.799944
-4.149267 7.035064 -15.668728
-4.198132 6.702040 -15.468433
-4.263093 6.411737 -15.207912
-4.345942 6.198940 -14.884274
-4.437728 6.036528 -14.537753
-4.536345 5.913098 -14.175248
-4.646843 5.861638 -13.798379
-4.763061 5.846130 -13.421897
-4.885332 5.868680 -13.045825
-5.015139 5.946961 -12.680860
-5.147039 6.043044 -12.320422
-5.283172 6.191573 -11.979401
-5.419113 6.354165 -11.645608
-5.554630 6.547977 -11.327866
-5.687698 6.755807 -11.018579
-5.817813 6.980527 -10.719481
-5.943172 7.214195 -10.425437
-6.064370 7.455684 -10.135813
-6.179180 7.699001 -9.845174
-6.289192 7.943690 -9.553775
-6.391780 8.181951 -9.254625
-6.489372 8.415884 -8.950257
-6.578668 8.632919 -8.631655
-6.663449 8.840760 -8.305306
-6.739021 9.016088 -7.959011
-6.811501 9.180500 -7.606018
-6.874115 9.288963 -7.230705
-6.934611 9.381241 -6.851275
-6.988023 9.408736 -6.459765
-7.039130 9.400730 -6.069272
-7.087092 9.344302 -5.680165
-7.132524 9.226834 -5.306610
-7.176853 9.083182 -4.940589
-7.217768 8.865861 -4.611977
-7.256393 8.624697 -4.302861
-7.290977 8.341438 -4.028165
-7.317941 8.023238 -3.797115
-7.341252 7.688290 -3.586986
-7.348005 7.318803 -3.444826
-7.348800 6.943729 -3.321502
-7.334130 6.555123 -3.246277
-7.307640 6.163847 -3.198985
-7.270268 5.770113 -3.177408
-7.216907 5.378094 -3.182082
-7.157805 4.986690 -3.196182
-7.081065 4.599168 -3.224170
-7.001183 4.212298 -3.252660
-6.907484 3.828144 -3.275784
-6.810345 3.444659 -3.290668
-6.705893 3.062596 -3.288037
-6.598810 2.682699 -3.261895
-6.489784 2.304402 -3.218382
-6.382660 1.932730 -3.134631
-6.277031 1.563717 -3.038096
-6.177609 1.203136 -2.907770
-6.082211 0.845954 -2.766319
-5.992143 0.493271 -2.610142
-5.907485 0.141861 -2.448282
-5.825751 -0.208862 -2.283353
-5.748614 -0.563209 -2.124098
-5.672515 -0.918374 -1.966125
-5.598621 -1.281421 -1.826128
-5.524850 -1.645186 -1.687907
-5.450043 -2.017443 -1.575135
-5.374898 -2.390143 -1.464294
-5.295492 -2.768429 -1.377786
-5.215261 -3.146929 -1.293247
-5.127376 -3.527415 -1.226950
-5.038055 -3.907711 -1.161685
-4.937126 -4.286475 -1.104762
-4.833595 -4.664372 -1.047183
-4.714203 -5.036988 -0.985604
-4.589279 -5.406701 -0.919370
-4.445448 -5.766499 -0.837227
-4.289915 -6.116811 -0.740678
-4.116671 -6.452771 -0.622329
-3.923188 -6.762578 -0.472599
-3.719441 -7.059119 -0.306953
-3.490334 -7.301386 -0.093166
-3.255463 -7.522380 0.134169
-3.010216 -7.705077 0.385893
-2.759151 -7.852111 0.653293
-2.505337 -7.982308 0.928095
-2.246248 -8.076805 1.212231
-1.986005 -8.166035 1.497081
-1.719889 -8.234759 1.782297
-1.451377 -8.300767 2.065820
-1.175752 -8.358710 2.344320
-0.895518 -8.415820 2.618223
-0.607417 -8.471509 2.884278
-0.312160 -8.528008 3.141954
-0.009670 -8.585324 3.391159
0.302346 -8.643291 3.627895
0.619414 -8.701603 3.858018
0.947370 -8.757323 4.072873
1.277997 -8.811948 4.283983
1.617518 -8.858352 4.482631
1.958640 -8.900142 4.679409
2.303096 -8.932322 4.872290
2.647215 -8.954041 5.067030
2.991109 -8.968789 5.263010
3.329539 -8.967901 5.468697
3.665398 -8.962465 5.678395
3.992399 -8.944919 5.901220
4.313460 -8.923100 6.131854
4.627230 -8.896040 6.372073
4.931716 -8.866879 6.623535
5.232204 -8.836811 6.879839
5.522208 -8.810179 7.148267
5.810350 -8.784955 7.418822
6.090913 -8.768656 7.697941
6.369926 -8.756519 7.978717
6.644900 -8.755223 8.263807
6.918576 -8.761759 8.549921
7.190508 -8.778821 8.837411
7.461937 -8.807050 9.124328
7.732974 -8.843951 9.410799
8.004607 -8.894306 9.694495
8.276509 -8.950708 9.976944
8.550135 -9.021886 10.254240
8.824164 -9.096518 10.530333
9.100812 -9.186882 10.798968
9.377797 -9.279266 11.066581
9.657396 -9.387288 11.325509
9.937284 -9.498472 11.582666
10.218484 -9.624073 11.831744
10.499501 -9.756510 12.077216
10.780149 -9.902890 12.315331
11.058765 -10.061992 12.547161
11.335377 -10.233660 12.772782
11.605853 -10.426479 12.987963
11.873755 -10.628172 13.198765
12.128224 -10.860455 13.393888
12.378492 -11.100264 13.584968
12.612076 -11.367291 13.761103
12.836730 -11.644970 13.931206
13.046656 -11.940217 14.091360
13.242567 -12.247794 14.244983
13.427592 -12.564950 14.393531
13.595829 -12.892780 14.538233
13.756949 -13.225135 14.681303
13.900790 -13.564798 14.825302
14.040151 -13.906357 14.969543
14.163081 -14.251561 15.119721
14.283037 -14.597425 15.270973
14.387712 -14.943831 15.431870
14.490206 -15.290317 15.594141
14.578005 -15.635377 15.767560
14.664130 -15.980275 15.942249
14.735033 -16.323399 16.126923
14.804844 -16.666393 16.312313
14.857416 -17.009323 16.503424
14.907813 -17.352684 16.694250
14.941275 -17.699411 16.882795
14.968543 -18.048611 17.067337
14.980556 -18.403900 17.242018
14.992571 -18.759190 17.416700
15.004584 -19.114479 17.591381
15.016599 -19.469769 17.766064
15.028612 -19.825058 17.940744
15.040627 -20.180347 18.115427
15.052640 -20.535639 18.290108
15.064654 -20.890928 18.464790
15.076668 -21.246218 18.639471
15.088682 -21.601507 18.814154
15.100697 -21.956797 18.988834
15.112710 -22.312086 19.163517
15.124724 -22.667376 19.338198
15.136738 -23.022665 19.512880
15.148752 -23.377954 19.687561
15.160766 -23.733246 19.862244
15.172780 -24.088535 20.036924
15.184793 -24.443825 20.211607
15.196808 -24.799114 20.386288
15.208821 -25.154404 20.560968
15.220836 -25.509693 20.735651
15.232849 -25.864983 20.910332
15.244864 -26.220272 21.085014
15.256878 -26.575563 21.259695
15.268891 -26.930853 21.434378
15.280906 -27.286142 21.609058
15.292919 -27.641432 21.783741
15.304934 -27.996721 21.958422
15.316947 -28.352011 22.133104
15.328961 -28.707300 22.307785
15.340975 -29.062590 22.482468
15.352989 -29.417879 22.657148
15.365003 -29.773170 22.831831
15.377017 -30.128460 23.006512
15.389030 -30.483749 23.181194
15.401045 -30.839039 23.355875
15.413058 -31.194328 23.530556
15.425073 -31.549618 23.705238
15.437087 -31.904907 23.879919
15.449100 -32.260197 24.054602
15.461115 -32.615486 24.229282
15.473128 -32.970776 24.403965
15.485143 -33.326065 24.578646
15.497156 -33.681355 24.753328
15.509171 -34.036644 24.928009
15.521184 -34.391937 25.102692
15.533198 -34.747227 25.277372
15.545212 -35.102516 25.452055
15.557226 -35.457806 25.626736
15.569240 -35.813095 25.801418
15.581254 -36.168385 25.976099
15.593268 -36.523674 26.150782
15.605282 -36.878963 26.325462
15.617296 -37.234253 26.500145
15.629310 -37.589542 26.674826
15.641324 -37.944832 26.849506
