#pt3d 300
5.958575 29.323809 0.424005
5.796538 29.051579 0.231516
5.634501 28.779348 0.039026
5.472465 28.507118 -0.153464
5.310428 28.234888 -0.345954
5.148392 27.962660 -0.538444
4.986355 27.690430 -0.730934
4.824318 27.418200 -0.923424
4.662282 27.145969 -1.115914
4.500245 26.873739 -1.308403
4.338209 26.601509 -1.500893
4.176172 26.329279 -1.693383
4.014135 26.057049 -1.885873
3.852099 25.784819 -2.078363
3.690062 25.512589 -2.270853
3.528025 25.240360 -2.463343
3.365989 24.968130 -2.655833
3.203952 24.695900 -2.848322
3.041915 24.423670 -3.040812
2.879879 24.151440 -3.233302
2.717842 23.879210 -3.425792
2.555806 23.606979 -3.618282
2.393769 23.334749 -3.810772
2.231732 23.062519 -4.003262
2.069696 22.790289 -4.195752
1.907659 22.518059 -4.388241
1.745623 22.245831 -4.580731
1.583586 21.973600 -4.773221
1.421549 21.701370 -4.965711
1.259513 21.429140 -5.158201
1.097476 21.156910 -5.350691
0.935439 20.884680 -5.543180
0.773403 20.612450 -5.735671
0.611366 20.340219 -5.928160
0.449329 20.067989 -6.120650
0.248753 19.789980 -6.251400
0.027921 19.508934 -6.349703
-0.221068 19.238075 -6.374865
-0.476478 18.969540 -6.383348
-0.745653 18.721781 -6.324950
-1.015490 18.475924 -6.261602
-1.288710 18.249718 -6.153905
-1.561956 18.025007 -6.043598
-1.835466 17.815428 -5.906901
-2.109147 17.607113 -5.768735
-2.384232 17.409174 -5.618514
-2.660390 17.212433 -5.468733
-2.941394 17.021088 -5.320947
-3.226980 16.830320 -5.182003
-3.519974 16.640488 -5.057361
-3.825212 16.448704 -4.974229
-4.136487 16.255903 -4.938290
-4.448442 16.063635 -4.976838
-4.739021 15.879393 -5.114809
-4.982055 15.710312 -5.336454
-5.191507 15.547704 -5.593472
-5.378110 15.387304 -5.870372
-5.537739 15.222522 -6.161547
-5.686527 15.047789 -6.452353
-5.826315 14.864797 -6.742853
-5.955669 14.658921 -7.022367
-6.082380 14.447023 -7.298807
-6.198371 14.202225 -7.551862
-6.311656 13.950380 -7.798402
-6.414684 13.671835 -8.020247
-6.511262 13.382308 -8.229391
-6.597415 13.075036 -8.418015
-6.672182 12.756360 -8.590766
-6.737380 12.428102 -8.750182
-6.785729 12.090812 -8.895303
-6.826547 11.749483 -9.034033
-6.844937 11.403059 -9.164211
-6.858736 11.055593 -9.292639
-6.844658 10.708033 -9.420686
-6.826417 10.361063 -9.549545
-6.782339 10.018800 -9.684936
-6.731201 9.679029 -9.823389
-6.659701 9.346447 -9.970678
-6.578863 9.018675 -10.123116
-6.483635 8.698314 -10.283484
-6.378842 8.384249 -10.449727
-6.264708 8.076332 -10.621710
-6.142174 7.774616 -10.798561
-6.013687 7.477295 -10.978863
-5.878053 7.184710 -11.161532
-5.738256 6.894882 -11.345582
-5.591428 6.607758 -11.528308
-5.440977 6.322029 -11.710353
-5.281675 6.036970 -11.885647
-5.118531 5.752202 -12.058009
-4.941841 5.466545 -12.214458
-4.761386 5.180639 -12.366482
-4.558642 4.893610 -12.484181
-4.347776 4.607467 -12.585696
-4.116337 4.324020 -12.644950
-3.867942 4.051735 -12.648581
-3.609968 3.792457 -12.605748
-3.345221 3.560203 -12.490057
-3.091670 3.368126 -12.304032
-2.851201 3.203560 -12.078795
-2.631014 3.073699 -11.810333
-2.439732 2.979806 -11.508532
-2.260919 2.900393 -11.194233
-2.115956 2.854734 -10.856123
-1.984439 2.820071 -10.512155
-1.877121 2.805200 -10.157642
-1.790928 2.804271 -9.797845
-1.721585 2.814463 -9.433832
-1.681438 2.839681 -9.066681
-1.651208 2.870003 -8.698463
-1.659055 2.914888 -8.330681
-1.676128 2.962492 -7.963790
-1.724093 3.018551 -7.600508
-1.787434 3.077150 -7.240408
-1.868994 3.138757 -6.884080
-1.969836 3.200764 -6.533001
-2.077776 3.262917 -6.183855
-2.204637 3.320271 -5.840294
-2.334938 3.374704 -5.497635
-2.475171 3.420704 -5.157582
-2.620715 3.457073 -4.818775
-2.771522 3.483896 -4.481203
-2.929740 3.489542 -4.146276
-3.090528 3.487848 -3.812267
-3.260923 3.448439 -3.485445
-3.433326 3.396693 -3.162098
-3.611339 3.309809 -2.848762
-3.790144 3.193883 -2.546796
-3.969619 3.053374 -2.254455
-4.141403 2.864716 -1.986475
-4.307540 2.657563 -1.729203
-4.455331 2.406730 -1.499730
-4.583195 2.130796 -1.290658
-4.694250 1.833689 -1.098795
-4.763426 1.506632 -0.939994
-4.816608 1.171813 -0.792262
-4.831323 0.822361 -0.669446
-4.823833 0.469609 -0.558533
-4.794830 0.113660 -0.459153
-4.742033 -0.241800 -0.369465
-4.680790 -0.597086 -0.283217
-4.602644 -0.949710 -0.199915
-4.522671 -1.301951 -0.116577
-4.438233 -1.652012 -0.028571
-4.355185 -2.001861 0.061433
-4.277988 -2.350818 0.159855
-4.205932 -2.699601 0.262258
-4.144702 -3.048017 0.373050
-4.092319 -3.396133 0.488654
-4.050749 -3.743884 0.610139
-4.019105 -4.091304 0.735158
-3.995097 -4.438470 0.862896
-3.978053 -4.785851 0.991068
-3.964672 -5.133344 1.119467
-3.951910 -5.482017 1.244675
-3.939395 -5.831161 1.368608
-3.919651 -6.182083 1.486293
-3.897494 -6.533599 1.601892
-3.860356 -6.886243 1.709580
-3.818889 -7.239214 1.814981
-3.755480 -7.590957 1.912709
-3.687083 -7.942420 2.008692
-3.590257 -8.288248 2.100023
-3.488593 -8.632871 2.190930
-3.354508 -8.965461 2.284858
-3.210542 -9.291879 2.383686
-3.043334 -9.603776 2.494044
-2.855986 -9.892914 2.628431
-2.655267 -10.159328 2.786764
-2.440989 -10.387742 2.985081
-2.228020 -10.550311 3.240401
-2.028917 -10.658026 3.531216
-1.844974 -10.721107 3.845346
-1.673715 -10.752142 4.172537
-1.510203 -10.757983 4.505174
-1.341136 -10.758771 4.835017
-1.166328 -10.757103 5.161793
-0.970334 -10.758876 5.476437
-0.757127 -10.765003 5.778937
-0.528430 -10.775049 6.070509
-0.269144 -10.791148 6.334586
0.000024 -10.808345 6.588236
0.291492 -10.827005 6.816525
0.593246 -10.843962 7.030418
0.905533 -10.859172 7.229573
1.227021 -10.869774 7.413451
1.552302 -10.878474 7.591029
1.883390 -10.881115 7.757657
2.215329 -10.882794 7.922671
2.549154 -10.880079 8.083828
2.882749 -10.877233 8.245451
3.215288 -10.873779 8.409228
3.546769 -10.871361 8.575117
3.876200 -10.870943 8.745095
4.203731 -10.873219 8.918629
4.529525 -10.877960 9.095415
4.853477 -10.886266 9.275395
5.176714 -10.895957 9.456618
5.499589 -10.907898 9.638348
5.822707 -10.919862 9.819642
6.147610 -10.930788 9.997787
6.473774 -10.940102 10.173651
6.802512 -10.946129 10.344862
7.133429 -10.948140 10.511805
7.466410 -10.946351 10.674708
7.801726 -10.937577 10.832397
8.138124 -10.925570 10.987671
8.475873 -10.903410 11.138762
8.813880 -10.879314 11.289056
9.151071 -10.841474 11.438340
9.487781 -10.801395 11.588030
9.821496 -10.748095 11.740380
10.153511 -10.690305 11.894583
10.481328 -10.621428 12.053357
10.805879 -10.546425 12.215785
11.126410 -10.463885 12.382710
11.442756 -10.375809 12.554584
11.756497 -10.284287 12.729534
12.066840 -10.191707 12.909874
12.376299 -10.098849 13.091616
12.685228 -10.014354 13.278268
12.994694 -9.933882 13.465637
13.306425 -9.869525 13.655635
13.619820 -9.818961 13.846402
13.935380 -9.786368 14.038175
14.251808 -9.783193 14.230319
14.568599 -9.792286 14.422617
14.880749 -9.848510 14.614492
15.189555 -9.918292 14.806115
15.490314 -10.020630 14.997134
15.781983 -10.145065 15.187975
16.066608 -10.286625 15.378676
16.337666 -10.450721 15.570592
16.605076 -10.620875 15.762833
16.857841 -10.807721 15.959283
17.109085 -10.995803 16.156519
17.349607 -11.189994 16.361109
17.588951 -11.383625 16.567533
17.821869 -11.574207 16.783970
18.053930 -11.761801 17.003736
18.282852 -11.938417 17.235725
18.511774 -12.115033 17.467716
18.740694 -12.291650 17.699705
18.969616 -12.468266 17.931694
19.198538 -12.644882 18.163683
19.427458 -12.821499 18.395674
19.656380 -12.998115 18.627663
19.885302 -13.174731 18.859652
20.114222 -13.351348 19.091640
20.343143 -13.527964 19.323631
20.572065 -13.704580 19.555620
20.800987 -13.881197 19.787609
21.029907 -14.057813 20.019598
21.258829 -14.234429 20.251589
21.487751 -14.411046 20.483578
21.716671 -14.587662 20.715567
21.945593 -14.764278 20.947556
22.174515 -14.940895 21.179546
22.403435 -15.117511 21.411535
22.632357 -15.294127 21.643524
22.861279 -15.470744 21.875513
23.090199 -15.647360 22.107504
23.319120 -15.823977 22.339493
23.548042 -16.000593 22.571482
23.776964 -16.177210 22.803471
24.005884 -16.353825 23.035461
24.234806 -16.530441 23.267450
24.463728 -16.707058 23.499439
24.692648 -16.883675 23.731428
24.921570 -17.060291 23.963419
25.150492 -17.236908 24.195408
25.379412 -17.413523 24.427397
25.608334 -17.590139 24.659386
25.837255 -17.766756 24.891376
26.066177 -17.943373 25.123365
26.295097 -18.119989 25.355354
26.524019 -18.296606 25.587343
26.752941 -18.473221 25.819334
26.981861 -18.649837 26.051323
27.210783 -18.826454 26.283312
27.439705 -19.003071 26.515301
27.668625 -19.179688 26.747292
27.897547 -19.356304 26.979280
28.126469 -19.532919 27.211269
28.355391 -19.709536 27.443258
28.584311 -19.886152 27.675249
28.813232 -20.062769 27.907238
29.042154 -20.239386 28.139227
29.271074 -20.416002 28.371216
29.499996 -20.592617 28.603207
29.728918 -20.769234 28.835196
29.957838 -20.945850 29.067184
30.186760 -21.122467 29.299173
30.415682 -21.299084 29.531162
30.644604 -21.475700 29.763153
30.873524 -21.652315 29.995142
31.102446 -21.828932 30.227131
31.331367 -22.005548 30.459120
31.560287 -22.182165 30.691111
31.789209 -22.358782 30.923100
