#pt3d 300
3.191203 30.520752 -5.005316
3.100489 30.149061 -4.938671
3.009775 29.777372 -4.872025
2.919061 29.405682 -4.805380
2.828348 29.033993 -4.738735
2.737634 28.662302 -4.672089
2.646920 28.290613 -4.605444
2.556206 27.918924 -4.538799
2.465492 27.547234 -4.472153
2.374778 27.175545 -4.405508
2.284064 26.803854 -4.338863
2.193350 26.432165 -4.272217
2.102636 26.060474 -4.205572
2.011922 25.688786 -4.138927
1.921208 25.317097 -4.072281
1.830494 24.945406 -4.005636
1.739780 24.573717 -3.938991
1.649066 24.202026 -3.872346
1.558352 23.830338 -3.805700
1.467638 23.458647 -3.739055
1.376924 23.086958 -3.672410
1.286211 22.715269 -3.605764
1.195497 22.343578 -3.539119
1.104783 21.971889 -3.472474
1.014069 21.600199 -3.405828
0.923355 21.228510 -3.339183
0.832641 20.856819 -3.272538
0.741927 20.485130 -3.205893
0.651213 20.113440 -3.139247
0.560499 19.741751 -3.072602
0.469785 19.370062 -3.005957
0.379071 18.998371 -2.939311
0.288357 18.626682 -2.872666
0.193911 18.255796 -2.818467
0.068419 17.891594 -2.867787
-0.062089 17.534035 -2.935332
-0.209858 17.199337 -3.065583
-0.362350 16.872894 -3.208575
-0.525279 16.564695 -3.379722
-0.692962 16.261061 -3.554105
-0.869653 15.966072 -3.734621
-1.051815 15.670755 -3.908718
-1.243124 15.374888 -4.072082
-1.440984 15.074013 -4.215661
-1.646460 14.767316 -4.336246
-1.857953 14.452783 -4.414788
-2.072654 14.134072 -4.470921
-2.288082 13.811525 -4.460606
-2.502352 13.490005 -4.430086
-2.713856 13.171382 -4.362486
-2.925540 12.856013 -4.281931
-3.139839 12.541892 -4.204316
-3.361793 12.227833 -4.150217
-3.595389 11.920083 -4.180440
-3.824496 11.638209 -4.304987
-4.039070 11.389632 -4.505900
-4.238942 11.168169 -4.754302
-4.418757 10.976717 -5.040372
-4.594977 10.789318 -5.331175
-4.765273 10.608594 -5.629776
-4.934573 10.425806 -5.927676
-5.102949 10.241101 -6.224926
-5.271282 10.048779 -6.517213
-5.439580 9.850234 -6.805449
-5.605525 9.640504 -7.086798
-5.769588 9.421824 -7.362635
-5.925545 9.189715 -7.631757
-6.075930 8.948379 -7.896266
-6.208139 8.693203 -8.157022
-6.332347 8.431936 -8.416128
-6.423527 8.161418 -8.679091
-6.504946 7.889958 -8.944208
-6.545513 7.622433 -9.222792
-6.568354 7.362914 -9.509524
-6.561857 7.116644 -9.809746
-6.527172 6.891828 -10.123284
-6.477286 6.678580 -10.444003
-6.393857 6.495082 -10.775534
-6.304183 6.316689 -11.108509
-6.181772 6.159678 -11.441956
-6.053719 6.003434 -11.773350
-5.896062 5.851222 -12.093974
-5.729239 5.695684 -12.407561
-5.532947 5.529452 -12.698524
-5.323325 5.353897 -12.972245
-5.086657 5.159424 -13.210976
-4.833755 4.949735 -13.412972
-4.562443 4.722787 -13.573311
-4.279194 4.479767 -13.668674
-3.989641 4.228259 -13.729722
-3.704603 3.969174 -13.696121
-3.423889 3.710169 -13.635946
-3.170520 3.460046 -13.480812
-2.941280 3.222784 -13.284642
-2.746738 3.004016 -13.029459
-2.618268 2.828693 -12.712403
-2.526817 2.679742 -12.369199
-2.516937 2.594172 -11.990512
-2.553268 2.551622 -11.610332
-2.626180 2.543128 -11.228972
-2.741912 2.586038 -10.861865
-2.865681 2.639101 -10.497684
-3.008048 2.732407 -10.148615
-3.149607 2.829191 -9.800295
-3.285663 2.949662 -9.457075
-3.415494 3.074287 -9.113216
-3.523550 3.213447 -8.767121
-3.614803 3.357900 -8.419147
-3.676951 3.511520 -8.067917
-3.707385 3.672568 -7.716954
-3.714315 3.839119 -7.366189
-3.679538 4.015697 -7.022643
-3.633443 4.195130 -6.681447
-3.555084 4.384252 -6.351421
-3.472764 4.574974 -6.023375
-3.380145 4.769856 -5.700471
-3.289235 4.963151 -5.376145
-3.200342 5.154567 -5.050136
-3.122048 5.334366 -4.715212
-3.049971 5.507349 -4.375056
-2.997911 5.648719 -4.017624
-2.951368 5.780550 -3.655572
-2.929801 5.855102 -3.275045
-2.914681 5.908068 -2.892258
-2.915467 5.907791 -2.503899
-2.924100 5.867312 -2.119773
-2.939947 5.789887 -1.739539
-2.961250 5.663523 -1.374428
-2.984806 5.516952 -1.015560
-3.010664 5.321797 -0.681671
-3.036974 5.117095 -0.352689
-3.064058 4.866896 -0.057357
-3.091215 4.612673 0.234944
-3.120191 4.315244 0.482977
-3.149812 4.013370 0.724554
-3.184221 3.678492 0.918193
-3.221651 3.335670 1.093994
-3.266742 2.972701 1.224546
-3.319334 2.602417 1.323424
-3.379813 2.224439 1.388989
-3.452268 1.844702 1.414022
-3.529725 1.464230 1.422125
-3.620253 1.088113 1.390684
-3.712796 0.712932 1.352893
-3.813064 0.343228 1.288946
-3.913511 -0.025696 1.221266
-4.014559 -0.392023 1.141158
-4.113352 -0.758327 1.058314
-4.208093 -1.124588 0.970560
-4.297760 -1.491754 0.881453
-4.381601 -1.859959 0.790792
-4.458726 -2.229451 0.699619
-4.530305 -2.600005 0.608023
-4.594785 -2.971780 0.516294
-4.654444 -3.344384 0.424474
-4.706142 -3.718284 0.333323
-4.752779 -4.093007 0.242597
-4.787860 -4.469530 0.154653
-4.815770 -4.847170 0.068437
-4.823016 -5.227056 -0.010332
-4.819529 -5.608109 -0.085232
-4.774962 -5.989027 -0.141908
-4.714717 -6.368902 -0.191224
-4.584410 -6.734534 -0.203754
-4.415099 -7.079631 -0.191259
-4.201613 -7.401469 -0.150422
-3.931075 -7.663833 -0.060958
-3.646474 -7.903123 0.045380
-3.341539 -8.102448 0.179948
-3.032876 -8.281404 0.331578
-2.721451 -8.445283 0.495840
-2.414407 -8.599225 0.676677
-2.109016 -8.749418 0.863767
-1.813678 -8.900331 1.065638
-1.520617 -9.051406 1.270858
-1.239521 -9.207919 1.488285
-0.959839 -9.365075 1.707154
-0.688499 -9.524211 1.934912
-0.416980 -9.682101 2.163297
-0.144166 -9.832168 2.395410
0.132421 -9.974773 2.627446
0.416915 -10.101737 2.859323
0.710423 -10.209369 3.088904
1.011475 -10.300815 3.316563
1.323317 -10.358714 3.539896
1.638248 -10.406469 3.761985
1.958458 -10.410837 3.981690
2.277398 -10.404880 4.202432
2.592397 -10.366899 4.426388
2.900224 -10.311453 4.655607
3.199636 -10.235514 4.891000
3.483475 -10.139410 5.137279
3.759802 -10.033580 5.388808
4.014374 -9.912039 5.655498
4.264451 -9.788198 5.925498
4.497585 -9.661429 6.209051
4.728493 -9.537626 6.495620
4.953922 -9.421121 6.789613
5.181465 -9.313787 7.085296
5.411302 -9.216404 7.382811
5.650870 -9.133350 7.676709
5.895322 -9.057491 7.968792
6.157684 -8.996641 8.248360
6.423591 -8.938670 8.525387
6.712650 -8.891479 8.780419
7.005102 -8.845075 9.031402
7.315463 -8.802821 9.260998
7.630328 -8.761316 9.484179
7.956160 -8.721635 9.691745
8.285103 -8.683558 9.894528
8.618406 -8.647732 10.090612
8.950336 -8.615951 10.289649
9.281193 -8.587330 10.490991
9.600315 -8.567300 10.711009
9.914314 -8.550635 10.938667
10.197731 -8.548280 11.204172
10.462140 -8.553077 11.486768
10.698800 -8.568316 11.794312
10.896278 -8.599667 12.126363
11.077372 -8.639457 12.467137
11.229160 -8.698622 12.819675
11.370829 -8.774346 13.172803
11.503885 -8.864161 13.526431
11.631138 -8.987751 13.871638
11.756515 -9.125279 14.211938
11.877702 -9.299864 14.536988
11.991857 -9.500218 14.848161
12.099627 -9.723968 15.146732
12.184718 -9.988265 15.417409
12.259300 -10.266469 15.676723
12.305702 -10.575183 15.907735
12.335353 -10.896383 16.122381
12.348322 -11.230021 16.320728
12.345542 -11.573010 16.502312
12.337607 -11.919061 16.678410
12.328616 -12.267716 16.849234
12.322953 -12.615332 17.022001
12.337705 -12.955939 17.207994
12.370988 -13.286348 17.406557
12.438517 -13.597913 17.628347
12.550698 -13.870461 17.875416
12.694197 -14.115646 18.140209
12.891510 -14.285536 18.423264
13.106420 -14.430805 18.712286
13.321329 -14.576076 19.001308
13.536239 -14.721345 19.290333
13.751148 -14.866615 19.579355
13.966058 -15.011885 19.868378
14.180967 -15.157155 20.157402
14.395877 -15.302424 20.446424
14.610786 -15.447695 20.735447
14.825696 -15.592964 21.024471
15.040606 -15.738235 21.313494
15.255516 -15.883504 21.602518
15.470426 -16.028774 21.891541
15.685335 -16.174044 22.180563
15.900245 -16.319315 22.469587
16.115154 -16.464584 22.758610
16.330063 -16.609854 23.047632
16.544973 -16.755123 23.336657
16.759882 -16.900394 23.625679
16.974792 -17.045664 23.914701
17.189701 -17.190933 24.203726
17.404612 -17.336203 24.492748
17.619520 -17.481474 24.781771
17.834431 -17.626743 25.070795
18.049339 -17.772013 25.359818
18.264250 -17.917282 25.648842
18.479158 -18.062553 25.937864
18.694069 -18.207823 26.226887
18.908978 -18.353092 26.515911
19.123888 -18.498362 26.804934
19.338797 -18.643633 27.093956
19.553707 -18.788902 27.382980
19.768616 -18.934172 27.672003
19.983526 -19.079441 27.961025
20.198435 -19.224712 28.250050
20.413345 -19.369982 28.539072
20.628254 -19.515251 28.828094
20.843164 -19.660522 29.117119
21.058073 -19.805792 29.406141
21.272984 -19.951061 29.695164
21.487892 -20.096331 29.984188
21.702803 -20.241602 30.273211
21.917711 -20.386871 30.562235
22.132622 -20.532141 30.851257
22.347530 -20.677410 31.140280
22.562441 -20.822681 31.429304
22.777349 -20.967951 31.718327
22.992260 -21.113220 32.007351
23.207169 -21.258490 32.296371
23.422079 -21.403761 32.585396
23.636988 -21.549030 32.874420
23.851898 -21.694300 33.163441
24.066807 -21.839569 33.452465
24.281717 -21.984840 33.741489
24.496626 -22.130110 34.030510
24.711536 -22.275379 34.319534
24.926445 -22.420650 34.608559
25.141356 -22.565920 34.897579
