#pt3d 300
4.064126 28.326820 -7.943620
3.770709 28.053967 -7.833670
3.477292 27.781115 -7.723720
3.183876 27.508263 -7.613770
2.890459 27.235411 -7.503820
2.597043 26.962559 -7.393870
2.303626 26.689707 -7.283920
2.010210 26.416855 -7.173970
1.716793 26.144003 -7.064020
1.423376 25.871151 -6.954070
1.129960 25.598299 -6.844120
0.836543 25.325447 -6.734169
0.543127 25.052593 -6.624219
0.249710 24.779741 -6.514269
-0.043707 24.506889 -6.404319
-0.337123 24.234037 -6.294369
-0.630540 23.961185 -6.184419
-0.923956 23.688334 -6.074469
-1.217373 23.415482 -5.964519
-1.510789 23.142630 -5.854569
-1.804206 22.869778 -5.744619
-2.097623 22.596926 -5.634669
-2.391039 22.324074 -5.524719
-2.684456 22.051220 -5.414769
-2.977872 21.778368 -5.304819
-3.271289 21.505516 -5.194869
-3.564705 21.232664 -5.084918
-3.858122 20.959812 -4.974968
-4.151538 20.686960 -4.865018
-4.444955 20.414108 -4.755068
-4.738372 20.141256 -4.645118
-5.030995 19.868155 -4.533959
-5.301097 19.587948 -4.388494
-5.571199 19.307743 -4.243027
-5.823085 19.023460 -4.074671
-6.074475 18.739067 -3.905691
-6.313908 18.451725 -3.724802
-6.552694 18.164223 -3.543268
-6.785817 17.873188 -3.360012
-7.019021 17.581484 -3.177969
-7.253457 17.285112 -3.005244
-7.490918 16.985851 -2.842480
-7.733421 16.681776 -2.696326
-7.985498 16.370472 -2.587997
-8.243491 16.054989 -2.515505
-8.507812 15.735298 -2.493723
-8.767966 15.419673 -2.566740
-9.010262 15.116984 -2.709445
-9.229918 14.828848 -2.908354
-9.427259 14.554284 -3.149757
-9.583078 14.298548 -3.437768
-9.720978 14.047380 -3.737661
-9.836881 13.801823 -4.052142
-9.925099 13.557324 -4.375848
-10.004114 13.313180 -4.702621
-10.051203 13.063775 -5.031459
-10.095087 12.813698 -5.360297
-10.107733 12.553426 -5.683916
-10.118234 12.292238 -6.006749
-10.100369 12.018948 -6.319196
-10.079882 11.744473 -6.630278
-10.032703 11.457967 -6.927463
-9.982409 11.170246 -7.222754
-9.906584 10.872573 -7.502524
-9.826641 10.573879 -7.779793
-9.722254 10.269129 -8.042207
-9.611955 9.964120 -8.301556
-9.478661 9.658105 -8.548978
-9.336886 9.353752 -8.793304
-9.174484 9.053444 -9.030097
-9.000797 8.758340 -9.264913
-8.810088 8.471087 -9.496745
-8.606176 8.193922 -9.729053
-8.389723 7.926338 -9.961816
-8.160231 7.673592 -10.198099
-7.922536 7.430178 -10.436598
-7.674241 7.204151 -10.680890
-7.420910 6.986380 -10.927933
-7.160523 6.785007 -11.181139
-6.896882 6.591194 -11.437186
-6.629206 6.409653 -11.697781
-6.359083 6.235553 -11.961131
-6.086526 6.068531 -12.226437
-5.811529 5.908607 -12.493703
-5.534641 5.751430 -12.760608
-5.254165 5.599466 -13.026822
-4.971941 5.447806 -13.291317
-4.683317 5.297255 -13.549504
-4.392344 5.145668 -13.804271
-4.090975 4.989492 -14.043888
-3.783094 4.828541 -14.270828
-3.462733 4.658440 -14.473474
-3.123742 4.469968 -14.618485
-2.775399 4.262355 -14.665384
-2.476262 4.054873 -14.506290
-2.337142 3.915373 -14.154066
-2.323423 3.842970 -13.749701
-2.368107 3.804336 -13.340290
-2.455973 3.791571 -12.934400
-2.577359 3.799998 -12.537948
-2.711869 3.816724 -12.145191
-2.876439 3.854468 -11.765990
-3.047496 3.896749 -11.389716
-3.243200 3.959522 -11.029120
-3.445888 4.028101 -10.672967
-3.667534 4.117285 -10.333790
-3.898172 4.216241 -10.002664
-4.142093 4.336540 -9.689626
-4.395276 4.471721 -9.389201
-4.655825 4.629840 -9.108193
-4.922354 4.806580 -8.842946
-5.188970 5.008672 -8.598138
-5.455648 5.229286 -8.368262
-5.712561 5.477262 -8.157288
-5.964405 5.739440 -7.956121
-6.193930 6.028735 -7.766724
-6.417177 6.325658 -7.580637
-6.602948 6.645412 -7.391550
-6.779083 6.968079 -7.198909
-6.913245 7.299215 -6.986824
-7.023449 7.626292 -6.758137
-7.100210 7.947701 -6.506275
-7.129042 8.242296 -6.217112
-7.132064 8.517901 -5.908470
-7.082116 8.741145 -5.561630
-6.996810 8.911895 -5.196229
-6.885503 9.041444 -4.818738
-6.732359 9.083148 -4.434762
-6.559801 9.067234 -4.060881
-6.371364 9.001652 -3.697523
-6.163274 8.844363 -3.374120
-5.951356 8.634082 -3.090602
-5.737842 8.378496 -2.844674
-5.533453 8.058567 -2.675851
-5.344006 7.710759 -2.560879
-5.165234 7.344088 -2.483249
-5.017644 6.955722 -2.478827
-4.881227 6.564687 -2.493036
-4.766048 6.168579 -2.542663
-4.666725 5.771486 -2.610466
-4.580606 5.373572 -2.693405
-4.510357 4.975076 -2.786676
-4.448828 4.576261 -2.885623
-4.400812 4.176034 -2.985889
-4.359389 3.775120 -3.086798
-4.328390 3.371799 -3.181244
-4.302831 2.967221 -3.272316
-4.284673 2.559766 -3.350726
-4.270916 2.150599 -3.421608
-4.261845 1.738907 -3.474822
-4.255882 1.325538 -3.516311
-4.252110 0.910938 -3.535908
-4.249865 0.495478 -3.540231
-4.247287 0.081073 -3.519085
-4.244481 -0.332611 -3.480503
-4.238479 -0.742030 -3.413785
-4.230450 -1.148746 -3.329238
-4.215694 -1.547275 -3.215075
-4.197173 -1.941224 -3.084337
-4.167321 -2.322485 -2.923643
-4.132158 -2.697800 -2.748906
-4.079412 -3.055039 -2.544719
-4.020386 -3.405822 -2.330016
-3.935079 -3.731256 -2.087159
-3.844000 -4.051122 -1.838119
-3.714903 -4.335011 -1.563960
-3.578406 -4.611730 -1.286497
-3.400054 -4.847468 -0.994522
-3.206477 -5.067037 -0.701519
-2.979105 -5.250716 -0.406232
-2.727825 -5.406000 -0.116183
-2.455323 -5.536077 0.169216
-2.155927 -5.630044 0.440062
-1.846856 -5.711019 0.705672
-1.513798 -5.755724 0.949482
-1.177900 -5.796104 1.190633
-0.824238 -5.806741 1.408441
-0.469817 -5.816006 1.624940
-0.104718 -5.805967 1.823012
0.260927 -5.794847 2.019935
0.632834 -5.771348 2.203684
1.004987 -5.747233 2.386825
1.380334 -5.715144 2.562084
1.755730 -5.682711 2.737167
2.131901 -5.644825 2.909477
2.507993 -5.606654 3.081891
2.882829 -5.563920 3.255967
3.257421 -5.520771 3.430451
3.629138 -5.472731 3.609753
4.000327 -5.423885 3.789897
4.367567 -5.369034 3.976328
4.733905 -5.312751 4.164044
5.095939 -5.249631 4.357894
5.456768 -5.184443 4.553234
5.813645 -5.112472 4.753458
6.169313 -5.038323 4.954984
6.522007 -4.958811 5.159719
6.873869 -4.877985 5.365349
7.224042 -4.794486 5.572804
7.574043 -4.711629 5.780802
7.923728 -4.629949 5.989797
8.273881 -4.551720 6.199279
8.624855 -4.479578 6.409618
8.976535 -4.414258 6.620812
9.329432 -4.360713 6.833479
9.682537 -4.318048 7.047795
10.035978 -4.292942 7.264774
10.387847 -4.284125 7.484702
10.737593 -4.297296 7.708610
11.081564 -4.334294 7.937392
11.419950 -4.394337 8.170888
11.744214 -4.488004 8.411557
12.060419 -4.600858 8.656320
12.348445 -4.757778 8.910039
12.629481 -4.925515 9.165946
12.864082 -5.144259 9.430037
13.087232 -5.372144 9.694794
13.267421 -5.634316 9.962054
13.425175 -5.909802 10.228179
13.549052 -6.205391 10.492588
13.643894 -6.514098 10.752370
13.714948 -6.833552 11.008359
13.755928 -7.163770 11.256011
13.781005 -7.499679 11.499253
13.778975 -7.843834 11.731217
13.765996 -8.191321 11.958627
13.730697 -8.545158 12.172932
13.687306 -8.901298 12.382486
13.626654 -9.262685 12.577830
13.559736 -9.625978 12.768016
13.479954 -9.993877 12.943410
13.395320 -10.363513 13.113223
13.301438 -10.737322 13.268008
13.204016 -11.112728 13.417036
13.100302 -11.491929 13.551122
12.994282 -11.872520 13.679732
12.884433 -12.256468 13.794070
12.773336 -12.641508 13.903762
12.660580 -13.029457 14.000531
12.547377 -13.418185 14.093840
12.434450 -13.809388 14.176380
12.321580 -14.201097 14.256723
12.210763 -14.594916 14.329159
12.100240 -14.989037 14.400465
11.993395 -15.385027 14.466814
11.886879 -15.781185 14.532720
11.785290 -16.178997 14.596400
11.683928 -16.576883 14.659979
11.582566 -16.974770 14.723558
11.481205 -17.372658 14.787137
11.379843 -17.770544 14.850716
11.278481 -18.168432 14.914294
11.177119 -18.566319 14.977873
11.075758 -18.964207 15.041451
10.974397 -19.362093 15.105030
10.873034 -19.759981 15.168609
10.771673 -20.157867 15.232187
10.670311 -20.555754 15.295766
10.568950 -20.953642 15.359344
10.467587 -21.351528 15.422923
10.366226 -21.749416 15.486502
10.264864 -22.147303 15.550080
10.163503 -22.545191 15.613659
10.062141 -22.943077 15.677238
9.960779 -23.340963 15.740816
9.859418 -23.738852 15.804395
9.758056 -24.136738 15.867973
9.656694 -24.534626 15.931552
9.555332 -24.932512 15.995131
9.453971 -25.330400 16.058710
9.352609 -25.728287 16.122288
9.251247 -26.126173 16.185867
9.149886 -26.524061 16.249445
9.048524 -26.921947 16.313025
8.947163 -27.319836 16.376602
8.845800 -27.717722 16.440182
8.744439 -28.115610 16.503759
8.643077 -28.513496 16.567339
8.541716 -28.911383 16.630917
8.440353 -29.309271 16.694496
8.338992 -29.707157 16.758076
8.237631 -30.105045 16.821653
8.136269 -30.502932 16.885233
8.034907 -30.900820 16.948811
7.933545 -31.298706 17.012390
7.832183 -31.696592 17.075968
7.730822 -32.094479 17.139547
7.629460 -32.492367 17.203125
7.528099 -32.890255 17.266705
7.426737 -33.288143 17.330282
7.325375 -33.686028 17.393862
7.224013 -34.083916 17.457439
7.122652 -34.481804 17.521019
7.021290 -34.879688 17.584597
6.919928 -35.277576 17.648176
6.818566 -35.675465 17.711754
6.717205 -36.073353 17.775333
6.615843 -36.471237 17.838911
6.514482 -36.869125 17.902491
6.413120 -37.267014 17.966070
