#pt3d 300
4.671413 24.781769 -3.059333
4.543606 24.445663 -3.061940
4.415798 24.109560 -3.064548
4.287991 23.773455 -3.067156
4.160183 23.437349 -3.069764
4.032376 23.101246 -3.072372
3.904568 22.765141 -3.074980
3.776761 22.429037 -3.077588
3.648953 22.092932 -3.080195
3.521146 21.756826 -3.082803
3.393338 21.420723 -3.085411
3.265531 21.084618 -3.088019
3.137723 20.748512 -3.090627
3.009916 20.412409 -3.093235
2.882108 20.076303 -3.095843
2.754301 19.740198 -3.098450
2.626493 19.404095 -3.101058
2.498686 19.067989 -3.103666
2.370878 18.731886 -3.106274
2.243071 18.395781 -3.108882
2.115264 18.059675 -3.111490
1.987456 17.723572 -3.114098
1.859649 17.387466 -3.116705
1.731841 17.051361 -3.119313
1.604034 16.715258 -3.121921
1.476226 16.379152 -3.124529
1.348419 16.043049 -3.127137
1.220611 15.706944 -3.129745
1.092804 15.370839 -3.132353
0.964996 15.034734 -3.134960
0.837189 14.698629 -3.137568
0.709381 14.362525 -3.140176
0.581574 14.026420 -3.142784
0.453766 13.690315 -3.145392
0.325959 13.354211 -3.148000
0.198151 13.018106 -3.150608
0.045730 12.693409 -3.145081
-0.125611 12.377480 -3.133302
-0.323947 12.079621 -3.108845
-0.536786 11.791472 -3.077577
-0.779250 11.531630 -3.026707
-1.029328 11.279780 -2.970315
-1.304412 11.062489 -2.890181
-1.584549 10.855688 -2.802899
-1.876760 10.673945 -2.698542
-2.173624 10.507379 -2.584189
-2.475232 10.356287 -2.459642
-2.780065 10.220572 -2.326269
-3.086664 10.093280 -2.188061
-3.396347 9.978455 -2.046074
-3.707044 9.867726 -1.902844
-4.022717 9.765225 -1.764532
-4.339323 9.664268 -1.627142
-4.664483 9.566628 -1.508708
-4.991668 9.468719 -1.397070
-5.327773 9.368603 -1.317583
-5.666896 9.264576 -1.267384
-6.009309 9.156283 -1.249116
-6.342591 9.037264 -1.309432
-6.656803 8.912528 -1.421369
-6.946554 8.782405 -1.587280
-7.182944 8.648516 -1.822867
-7.375708 8.515862 -2.093030
-7.538138 8.384757 -2.384911
-7.649533 8.259326 -2.702977
-7.734728 8.139606 -3.030097
-7.796716 8.024947 -3.365237
-7.823961 7.923140 -3.708720
-7.839578 7.826812 -4.054505
-7.829427 7.744818 -4.404479
-7.805008 7.672933 -4.755625
-7.769418 7.608964 -5.107689
-7.713840 7.558090 -5.459291
-7.649759 7.508701 -5.809559
-7.576124 7.460015 -6.158117
-7.487699 7.400477 -6.501547
-7.388197 7.324513 -6.838336
-7.278051 7.231691 -7.167361
-7.155478 7.117936 -7.485705
-7.016213 6.981021 -7.787401
-6.867483 6.834576 -8.079801
-6.706435 6.677192 -8.360161
-6.531448 6.513967 -8.628309
-6.351261 6.348562 -8.891904
-6.154551 6.182093 -9.142650
-5.956609 6.015592 -9.392449
-5.743922 5.851631 -9.631591
-5.531234 5.687670 -9.870732
-5.306961 5.526837 -10.101244
-5.082341 5.366097 -10.331497
-4.849783 5.206549 -10.554545
-4.615952 5.047191 -10.776438
-4.376447 4.885968 -10.990732
-4.135135 4.724151 -11.202609
-3.888334 4.556118 -11.402845
-3.639732 4.386045 -11.599264
-3.382605 4.200228 -11.768396
-3.120368 4.001394 -11.909285
-2.853875 3.778672 -11.978037
-2.628489 3.548164 -11.862974
-2.526986 3.391268 -11.568048
-2.509148 3.301496 -11.223053
-2.526288 3.241961 -10.869296
-2.569396 3.204338 -10.514283
-2.624124 3.174409 -10.160341
-2.687289 3.150065 -9.807176
-2.761389 3.129768 -9.455955
-2.839300 3.110882 -9.105411
-2.927349 3.093892 -8.757216
-3.017867 3.077365 -8.409595
-3.118073 3.063327 -8.064556
-3.219937 3.049716 -7.719960
-3.331029 3.043084 -7.378030
-3.443535 3.039068 -7.036565
-3.561548 3.047846 -6.697001
-3.679922 3.068118 -6.358285
-3.798721 3.101886 -6.020566
-3.910226 3.164982 -5.684762
-4.012981 3.245931 -5.350412
-4.103130 3.349276 -5.017995
-4.162750 3.481081 -4.688961
-4.198962 3.623481 -4.361526
-4.211361 3.774046 -4.035434
-4.182612 3.923982 -3.709857
-4.128246 4.062177 -3.383115
-4.054265 4.189085 -3.055254
-3.950928 4.284340 -2.724262
-3.835503 4.351863 -2.391525
-3.710712 4.397898 -2.057435
-3.577214 4.386635 -1.723867
-3.444337 4.351794 -1.392949
-3.313082 4.275318 -1.067018
-3.189527 4.155585 -0.752774
-3.069537 4.015827 -0.443941
-2.965899 3.818089 -0.162127
-2.867373 3.605945 0.109428
-2.782279 3.356297 0.353852
-2.706579 3.084025 0.573831
-2.639150 2.791831 0.772286
-2.584079 2.473665 0.928330
-2.532953 2.147480 1.070093
-2.494022 1.800637 1.156653
-2.458111 1.450545 1.225276
-2.428786 1.093365 1.254779
-2.402894 0.735530 1.256753
-2.379624 0.377196 1.237705
-2.358309 0.021491 1.191428
-2.337456 -0.333501 1.138060
-2.315687 -0.685735 1.069030
-2.292978 -1.038053 1.000768
-2.267390 -1.390627 0.934856
-2.238918 -1.744640 0.879689
-2.207492 -2.100125 0.835524
-2.171068 -2.457191 0.820070
-2.132774 -2.814517 0.816406
-2.089470 -3.169536 0.853753
-2.044844 -3.521823 0.906529
-1.997949 -3.869421 0.985803
-1.949664 -4.211461 1.084401
-1.900477 -4.549896 1.195534
-1.849262 -4.882585 1.321725
-1.797443 -5.213568 1.452389
-1.741365 -5.540885 1.590277
-1.684601 -5.867611 1.729329
-1.619604 -6.192868 1.868194
-1.553652 -6.517954 2.007037
-1.473880 -6.842175 2.140463
-1.392689 -7.166306 2.273332
-1.290398 -7.487643 2.398021
-1.186470 -7.808762 2.522074
-1.051715 -8.121518 2.637506
-0.911821 -8.431980 2.752160
-0.737806 -8.726922 2.861867
-0.548583 -9.011220 2.971490
-0.330235 -9.275134 3.080951
-0.083798 -9.509109 3.194469
0.178299 -9.726365 3.310256
0.475103 -9.884204 3.437936
0.779280 -10.018170 3.571181
1.095642 -10.112681 3.713625
1.415398 -10.166505 3.866858
1.736460 -10.204657 4.024247
2.052677 -10.200150 4.195405
2.367174 -10.190080 4.369004
2.674730 -10.157548 4.552468
2.979414 -10.120015 4.739478
3.278189 -10.072196 4.933784
3.574044 -10.022003 5.131819
3.865691 -9.968390 5.335228
4.155088 -9.915114 5.541872
4.441980 -9.862211 5.752115
4.727716 -9.811665 5.964478
5.012471 -9.763119 6.178641
5.297538 -9.718036 6.393129
5.582789 -9.675009 6.607810
5.870184 -9.635716 6.820319
6.158331 -9.597733 7.032066
6.450566 -9.562788 7.238653
6.743589 -9.528321 7.444211
7.041697 -9.495352 7.642586
7.340853 -9.462353 7.839338
7.643685 -9.429252 8.030401
7.947803 -9.395575 8.219282
8.253798 -9.361057 8.404980
8.560386 -9.325114 8.589416
8.867387 -9.288178 8.772975
9.173559 -9.249066 8.957460
9.479477 -9.209286 9.142230
9.782898 -9.166813 9.330479
10.085879 -9.123943 9.519343
10.385755 -9.078703 9.712568
10.685001 -9.033136 9.906675
10.981729 -8.986262 10.104321
11.277816 -8.939469 10.302935
11.572445 -8.892859 10.503757
11.866715 -8.847473 10.705373
12.160435 -8.803972 10.908215
12.454147 -8.764082 11.111769
12.747853 -8.728195 11.316113
13.041502 -8.700143 11.521644
13.335105 -8.678209 11.728100
13.627491 -8.671515 11.937046
13.919292 -8.672138 12.147187
14.206048 -8.700696 12.361902
14.490979 -8.737468 12.577865
14.763132 -8.816374 12.799257
15.026345 -8.914519 13.021885
15.273109 -9.048068 13.246785
15.493189 -9.221786 13.469590
15.699557 -9.415417 13.691067
15.857587 -9.660567 13.901390
15.997498 -9.919435 14.105343
16.100855 -10.205976 14.296443
16.175982 -10.507174 14.475057
16.225931 -10.821442 14.642531
16.248253 -11.144859 14.795607
16.250170 -11.475036 14.938043
16.234013 -11.808292 15.069945
16.194080 -12.145603 15.187991
16.154150 -12.482914 15.306037
16.114218 -12.820225 15.424083
16.074287 -13.157536 15.542129
16.034357 -13.494846 15.660174
15.994425 -13.832157 15.778220
15.954494 -14.169468 15.896266
15.914562 -14.506779 16.014313
15.874632 -14.844090 16.132359
15.834701 -15.181400 16.250404
15.794769 -15.518711 16.368450
15.754838 -15.856022 16.486496
15.714907 -16.193333 16.604542
15.674975 -16.530643 16.722588
15.635045 -16.867954 16.840633
15.595114 -17.205265 16.958679
15.555182 -17.542576 17.076725
15.515251 -17.879887 17.194771
15.475320 -18.217197 17.312817
15.435389 -18.554508 17.430862
15.395458 -18.891819 17.548908
15.355527 -19.229130 17.666954
15.315596 -19.566441 17.785000
15.275664 -19.903751 17.903044
15.235733 -20.241062 18.021090
15.195802 -20.578373 18.139135
15.155871 -20.915684 18.257181
15.115940 -21.252995 18.375227
15.076009 -21.590305 18.493273
15.036077 -21.927616 18.611319
14.996146 -22.264927 18.729364
14.956215 -22.602238 18.847410
14.916285 -22.939548 18.965456
14.876353 -23.276859 19.083502
14.836422 -23.614170 19.201548
14.796491 -23.951481 19.319593
14.756559 -24.288792 19.437639
14.716628 -24.626102 19.555685
14.676698 -24.963413 19.673731
14.636766 -25.300724 19.791777
14.596835 -25.638035 19.909822
14.556904 -25.975346 20.027868
14.516973 -26.312656 20.145914
14.477041 -26.649967 20.263960
14.437110 -26.987278 20.382006
14.397180 -27.324589 20.500051
14.357248 -27.661900 20.618097
14.317317 -27.999210 20.736143
14.277386 -28.336521 20.854189
14.237454 -28.673832 20.972235
14.197523 -29.011143 21.090281
14.157593 -29.348454 21.208326
14.117661 -29.685764 21.326372
14.077730 -30.023075 21.444418
14.037799 -30.360386 21.562464
13.997868 -30.697697 21.680510
13.957936 -31.035007 21.798555
13.918006 -31.372318 21.916601
13.878075 -31.709631 22.034647
13.838143 -32.046940 22.152693
13.798212 -32.384251 22.270739
13.758281 -32.721561 22.388784
