#pt3d 300
-2.498830 29.650408 4.146200
-2.496745 29.333853 3.910416
-2.494659 29.017296 3.674633
-2.492574 28.700739 3.438849
-2.490489 28.384184 3.203065
-2.488404 28.067627 2.967281
-2.486318 27.751070 2.731497
-2.484233 27.434515 2.495713
-2.482148 27.117958 2.259930
-2.480063 26.801401 2.024146
-2.477977 26.484844 1.788362
-2.475892 26.168289 1.552578
-2.473807 25.851732 1.316794
-2.471721 25.535175 1.081010
-2.469636 25.218620 0.845227
-2.467551 24.902063 0.609443
-2.465466 24.585506 0.373659
-2.463380 24.268950 0.137875
-2.461295 23.952394 -0.097909
-2.459210 23.635838 -0.333693
-2.457125 23.319281 -0.569476
-2.455039 23.002726 -0.805260
-2.452954 22.686169 -1.041044
-2.450869 22.369612 -1.276828
-2.448783 22.053057 -1.512612
-2.446698 21.736500 -1.748396
-2.444613 21.419943 -1.984179
-2.442528 21.103386 -2.219963
-2.440442 20.786831 -2.455747
-2.438357 20.470274 -2.691531
-2.436272 20.153717 -2.927315
-2.434187 19.837162 -3.163099
-2.432101 19.520605 -3.398882
-2.453962 19.196981 -3.621180
-2.510929 18.862999 -3.823705
-2.593106 18.525913 -4.008296
-2.710562 18.184488 -4.167791
-2.858470 17.845308 -4.300286
-3.030782 17.507927 -4.411145
-3.235640 17.180199 -4.486116
-3.451327 16.855679 -4.549148
-3.694944 16.546253 -4.573119
-3.941978 16.239162 -4.591326
-4.203308 15.943480 -4.582097
-4.465795 15.649156 -4.567997
-4.731749 15.358893 -4.539310
-4.995614 15.067038 -4.508034
-5.255859 14.772419 -4.472270
-5.508248 14.470882 -4.439728
-5.752614 14.162279 -4.410478
-5.979315 13.840027 -4.395926
-6.197250 13.511001 -4.388670
-6.382424 13.163902 -4.416300
-6.555887 12.812828 -4.457938
-6.695683 12.453318 -4.541693
-6.814815 12.096386 -4.655491
-6.914397 11.741896 -4.797711
-6.988209 11.403052 -4.984453
-7.054882 11.069298 -5.183964
-7.101326 10.760953 -5.425982
-7.144550 10.458905 -5.675656
-7.176856 10.178204 -5.951281
-7.204829 9.905874 -6.235118
-7.224569 9.649458 -6.534562
-7.236737 9.401620 -6.841162
-7.239289 9.164679 -7.156849
-7.226517 8.936331 -7.478149
-7.201715 8.714729 -7.803854
-7.146619 8.502855 -8.131769
-7.080867 8.294391 -8.460426
-6.963284 8.098841 -8.782515
-6.828609 7.907316 -9.099170
-6.657687 7.724322 -9.404302
-6.459651 7.547076 -9.695220
-6.246560 7.373022 -9.978245
-6.011102 7.200192 -10.243616
-5.772830 7.026589 -10.506044
-5.528281 6.845783 -10.757663
-5.285301 6.661201 -11.007927
-5.047757 6.463532 -11.253500
-4.815284 6.258790 -11.497737
-4.595335 6.036582 -11.738677
-4.384353 5.803107 -11.976116
-4.189899 5.548864 -12.207103
-4.010947 5.275396 -12.426622
-3.848907 4.980954 -12.633633
-3.717572 4.651500 -12.803178
-3.607441 4.301820 -12.942214
-3.543491 3.917254 -13.004065
-3.537480 3.530706 -12.953127
-3.580280 3.177377 -12.803363
-3.662351 2.872272 -12.572943
-3.778368 2.643541 -12.272896
-3.909927 2.477358 -11.943234
-4.048494 2.339921 -11.600295
-4.198322 2.279184 -11.240199
-4.349215 2.233684 -10.879486
-4.503997 2.243817 -10.516518
-4.658517 2.278925 -10.156528
-4.812582 2.357654 -9.801744
-4.962972 2.471570 -9.456788
-5.110041 2.617281 -9.120715
-5.247360 2.807338 -8.804653
-5.380985 3.014192 -8.496169
-5.497247 3.267015 -8.216504
-5.609017 3.527658 -7.942470
-5.704186 3.813721 -7.687682
-5.791402 4.105263 -7.436629
-5.865592 4.405780 -7.191697
-5.927554 4.706402 -6.943787
-5.979192 5.007113 -6.693362
-6.013121 5.299389 -6.430727
-6.038653 5.587665 -6.162303
-6.039182 5.855970 -5.873395
-6.033643 6.119430 -5.579516
-5.994541 6.347285 -5.259876
-5.949119 6.567059 -4.935889
-5.870161 6.740366 -4.590149
-5.778945 6.889790 -4.238417
-5.664343 6.993640 -3.875254
-5.531401 7.037625 -3.508894
-5.388156 7.041001 -3.142570
-5.234720 6.944524 -2.791919
-5.089545 6.775953 -2.471687
-4.956215 6.546085 -2.183853
-4.852243 6.241118 -1.955836
-4.779614 5.898715 -1.779161
-4.724257 5.538373 -1.629359
-4.703763 5.158203 -1.525166
-4.694563 4.775576 -1.430542
-4.703663 4.388970 -1.351424
-4.723951 4.002687 -1.273453
-4.753153 3.616662 -1.196397
-4.790065 3.233594 -1.109084
-4.830497 2.851876 -1.017087
-4.873170 2.475692 -0.905830
-4.916353 2.100765 -0.790195
-4.954843 1.732700 -0.652964
-4.991731 1.365435 -0.513219
-5.019516 1.001612 -0.362662
-5.042860 0.637186 -0.212955
-5.057146 0.271528 -0.064980
-5.063975 -0.098059 0.072934
-5.064529 -0.470953 0.202380
-5.056174 -0.850940 0.307914
-5.045169 -1.233037 0.406336
-5.026272 -1.622275 0.469074
-5.006475 -2.012229 0.525549
-4.983059 -2.405048 0.556392
-4.958662 -2.798176 0.580093
-4.932392 -3.191896 0.590156
-4.904302 -3.585536 0.597182
-4.873975 -3.979078 0.600476
-4.839269 -4.372167 0.607676
-4.800570 -4.764841 0.618436
-4.752568 -5.155767 0.641212
-4.698218 -5.545502 0.672189
-4.626434 -5.929725 0.723973
-4.546832 -6.311477 0.785089
-4.437626 -6.679246 0.875801
-4.321484 -7.043580 0.973263
-4.162166 -7.379832 1.105016
-3.991002 -7.706014 1.243707
-3.783891 -8.001638 1.403449
-3.554557 -8.273421 1.571306
-3.302169 -8.520473 1.747578
-3.022345 -8.731328 1.927160
-2.731997 -8.928298 2.108011
-2.415210 -9.083224 2.284771
-2.094574 -9.231548 2.460432
-1.755873 -9.345885 2.627807
-1.414568 -9.454491 2.793203
-1.063316 -9.541193 2.951035
-0.709854 -9.622136 3.106669
-0.351375 -9.690004 3.257312
0.008482 -9.753080 3.406609
0.370455 -9.808800 3.553840
0.732905 -9.860531 3.701297
1.095855 -9.908065 3.848991
1.458505 -9.951078 3.998739
1.820948 -9.990989 4.149896
2.182523 -10.023925 4.304688
2.543752 -10.054093 4.460923
2.903727 -10.072228 4.621756
3.263472 -10.088147 4.783412
3.621439 -10.085531 4.949724
3.978946 -10.078980 5.116683
4.334288 -10.053839 5.286702
4.688274 -10.020421 5.457721
5.039682 -9.971258 5.630643
5.388364 -9.910377 5.804946
5.734470 -9.838415 5.980556
6.076408 -9.753472 6.158261
6.416376 -9.662388 6.336957
6.751166 -9.559238 6.518743
7.084951 -9.453744 6.701131
7.413434 -9.338902 6.887450
7.741333 -9.223228 7.074271
8.065906 -9.102947 7.263984
8.389963 -8.982098 7.454211
8.712701 -8.859796 7.645754
9.035723 -8.737937 7.837101
9.359136 -8.616689 8.028174
9.684481 -8.498177 8.217649
10.011380 -8.381866 8.405837
10.342451 -8.273026 8.591077
10.675470 -8.167673 8.774940
11.014750 -8.077767 8.955336
11.355545 -7.991603 9.134892
11.703138 -7.932467 9.312175
12.051468 -7.877860 9.489370
12.403101 -7.860069 9.667818
12.753824 -7.852498 9.847675
13.101207 -7.882428 10.032705
13.442387 -7.932961 10.222669
13.773856 -8.015753 10.420355
14.087092 -8.130413 10.629022
14.387905 -8.266786 10.845171
14.649940 -8.444105 11.079677
14.898330 -8.633473 11.319990
15.091760 -8.858625 11.580177
15.259842 -9.093285 11.846944
15.384639 -9.344178 12.124945
15.467606 -9.602038 12.410140
15.525833 -9.864019 12.699592
15.535694 -10.125465 12.994443
15.535983 -10.386626 13.290341
15.494614 -10.640219 13.589984
15.448645 -10.892101 13.890182
15.378153 -11.134868 14.193335
15.303122 -11.374746 14.497559
15.215654 -11.606712 14.804719
15.125607 -11.835692 15.113323
15.031259 -12.059692 15.424335
14.938185 -12.282549 15.736544
14.846388 -12.504262 16.049950
14.762444 -12.730095 16.362547
14.682599 -12.958079 16.674725
14.622541 -13.200345 16.980337
14.569245 -13.447577 17.283060
14.547991 -13.718746 17.569105
14.543714 -14.001143 17.843044
14.569624 -14.303501 18.095461
14.627172 -14.621912 18.318323
14.706112 -14.951176 18.521204
14.785052 -15.280439 18.724083
14.863992 -15.609703 18.926962
14.942932 -15.938967 19.129843
15.021872 -16.268230 19.332722
15.100812 -16.597494 19.535601
15.179752 -16.926758 19.738482
15.258692 -17.256021 19.941360
15.337632 -17.585285 20.144239
15.416572 -17.914551 20.347120
15.495512 -18.243814 20.549999
15.574452 -18.573078 20.752878
15.653392 -18.902342 20.955759
15.732332 -19.231606 21.158638
15.811272 -19.560869 21.361517
15.890212 -19.890133 21.564398
15.969152 -20.219397 21.767277
16.048092 -20.548660 21.970156
16.127031 -20.877924 22.173037
16.205973 -21.207188 22.375916
16.284912 -21.536451 22.578794
16.363852 -21.865715 22.781675
16.442793 -22.194979 22.984554
16.521732 -22.524242 23.187435
16.600672 -22.853506 23.390314
16.679613 -23.182770 23.593193
16.758553 -23.512033 23.796074
16.837492 -23.841297 23.998953
16.916433 -24.170561 24.201832
16.995373 -24.499826 24.404713
17.074312 -24.829090 24.607592
17.153252 -25.158354 24.810471
17.232193 -25.487617 25.013351
17.311132 -25.816881 25.216230
17.390072 -26.146145 25.419109
17.469013 -26.475409 25.621990
17.547953 -26.804672 25.824869
17.626892 -27.133936 26.027748
17.705833 -27.463200 26.230629
17.784773 -27.792463 26.433508
17.863712 -28.121727 26.636387
17.942652 -28.450991 26.839268
18.021593 -28.780254 27.042147
18.100533 -29.109518 27.245026
18.179472 -29.438782 27.447906
18.258413 -29.768045 27.650785
18.337353 -30.097309 27.853664
18.416292 -30.426573 28.056545
18.495234 -30.755838 28.259424
18.574173 -31.085102 28.462303
18.653112 -31.414366 28.665184
18.732054 -31.743629 28.868063
18.810993 -32.072891 29.070942
18.889933 -32.402157 29.273823
18.968872 -32.731419 29.476702
19.047813 -33.060684 29.679581
