#pt3d 300
-3.212444 30.517525 -2.752752
-3.273891 30.177315 -2.904206
-3.335339 29.837103 -3.055660
-3.396786 29.496893 -3.207115
-3.458234 29.156681 -3.358569
-3.519681 28.816471 -3.510023
-3.581129 28.476261 -3.661478
-3.642576 28.136049 -3.812932
-3.704024 27.795839 -3.964386
-3.765471 27.455627 -4.115840
-3.826919 27.115417 -4.267294
-3.888366 26.775206 -4.418749
-3.949814 26.434996 -4.570203
-4.011261 26.094786 -4.721657
-4.072709 25.754574 -4.873112
-4.134156 25.414364 -5.024566
-4.195604 25.074152 -5.176020
-4.257051 24.733942 -5.327475
-4.318499 24.393732 -5.478929
-4.379947 24.053520 -5.630383
-4.441394 23.713310 -5.781837
-4.502841 23.373098 -5.933291
-4.564289 23.032888 -6.084746
-4.625737 22.692678 -6.236200
-4.687184 22.352467 -6.387654
-4.748631 22.012257 -6.539109
-4.810079 21.672045 -6.690563
-4.871527 21.331835 -6.842017
-4.932974 20.991623 -6.993472
-4.994422 20.651413 -7.144926
-5.055870 20.311203 -7.296380
-5.117317 19.970991 -7.447834
-5.178764 19.630781 -7.599288
-5.240212 19.290569 -7.750743
-5.323646 18.931746 -7.805820
-5.418838 18.568014 -7.811144
-5.531518 18.213324 -7.748251
-5.652436 17.865820 -7.667565
-5.784066 17.527662 -7.563735
-5.926645 17.196716 -7.452382
-6.079013 16.872219 -7.334303
-6.243876 16.553375 -7.218379
-6.420234 16.239731 -7.104436
-6.610028 15.931146 -6.999991
-6.813555 15.627733 -6.905254
-7.032336 15.330800 -6.828522
-7.264740 15.039651 -6.767869
-7.515788 14.760351 -6.742479
-7.775680 14.487028 -6.734753
-8.053024 14.238559 -6.796406
-8.328222 14.009969 -6.906793
-8.593381 13.807305 -7.077503
-8.830359 13.637206 -7.317014
-9.008080 13.497950 -7.619280
-9.140194 13.362538 -7.944586
-9.236348 13.216475 -8.278097
-9.305161 13.050136 -8.609196
-9.351910 12.843749 -8.921729
-9.390445 12.594975 -9.201497
-9.426250 12.318530 -9.453835
-9.461227 12.012993 -9.672653
-9.496687 11.683732 -9.852539
-9.531559 11.346750 -10.018357
-9.563541 10.997867 -10.158767
-9.589998 10.646373 -10.293405
-9.610014 10.291835 -10.421310
-9.613670 9.938331 -10.553027
-9.609845 9.585299 -10.686486
-9.571179 9.242079 -10.838199
-9.520034 8.904089 -10.996431
-9.428301 8.584945 -11.175846
-9.310834 8.282229 -11.365339
-9.165608 7.997235 -11.565702
-8.984856 7.738823 -11.771519
-8.792571 7.489038 -11.979104
-8.564424 7.264200 -12.178596
-8.331450 7.041586 -12.374689
-8.074125 6.828630 -12.550449
-7.810687 6.614910 -12.714634
-7.532156 6.399302 -12.850252
-7.247133 6.177492 -12.955118
-6.955642 5.949503 -13.029359
-6.665934 5.709869 -13.029959
-6.386022 5.467640 -12.980199
-6.126505 5.224787 -12.853191
-5.925693 5.007656 -12.621635
-5.774678 4.822979 -12.336057
-5.668370 4.670259 -12.009328
-5.624832 4.572803 -11.647300
-5.609341 4.506748 -11.277950
-5.615896 4.465373 -10.902846
-5.649716 4.463639 -10.527350
-5.689139 4.471056 -10.152240
-5.743369 4.507793 -9.780532
-5.799646 4.550965 -9.409963
-5.860517 4.608574 -9.041950
-5.921079 4.670616 -8.674634
-5.981337 4.737017 -8.308004
-6.037102 4.802032 -7.940429
-6.091171 4.866525 -7.572495
-6.134727 4.921288 -7.201610
-6.174467 4.972150 -6.829846
-6.203136 5.011628 -6.455577
-6.222576 5.041734 -6.080072
-6.233091 5.062776 -5.703370
-6.227222 5.066388 -5.326237
-6.216144 5.064452 -4.948972
-6.180545 5.032498 -4.574580
-6.138471 4.990527 -4.202452
-6.076801 4.918244 -3.837172
-6.002483 4.819218 -3.481889
-5.916460 4.695445 -3.135857
-5.815972 4.523229 -2.816498
-5.711481 4.332225 -2.509254
-5.601810 4.091235 -2.240268
-5.495356 3.828335 -1.993691
-5.392817 3.538761 -1.774395
-5.303177 3.224049 -1.588292
-5.218586 2.899495 -1.415183
-5.156868 2.554236 -1.276344
-5.099059 2.206374 -1.142203
-5.066909 1.846716 -1.032338
-5.039762 1.485973 -0.925452
-5.035528 1.120261 -0.832208
-5.037784 0.754137 -0.741293
-5.059027 0.386804 -0.657190
-5.086740 0.019737 -0.574382
-5.128409 -0.346758 -0.494366
-5.174922 -0.712717 -0.414815
-5.229490 -1.077784 -0.336037
-5.285439 -1.442654 -0.257333
-5.343145 -1.807275 -0.178726
-5.396420 -2.172586 -0.100312
-5.445635 -2.538530 -0.022076
-5.481061 -2.906108 0.055238
-5.508565 -3.274626 0.132023
-5.507813 -3.644367 0.206434
-5.499645 -4.014429 0.280223
-5.443238 -4.381136 0.349490
-5.373103 -4.744886 0.417452
-5.260928 -5.099544 0.481420
-5.121182 -5.443401 0.543274
-4.954371 -5.776655 0.603053
-4.753554 -6.089845 0.662205
-4.540896 -6.396049 0.721138
-4.296744 -6.676720 0.783929
-4.048871 -6.954032 0.847558
-3.779092 -7.207746 0.920403
-3.507170 -7.458321 0.995306
-3.221759 -7.689139 1.083177
-2.934037 -7.915145 1.174955
-2.637262 -8.122304 1.282041
-2.337641 -8.321167 1.395408
-2.031026 -8.499645 1.524212
-1.720288 -8.661968 1.662265
-1.403969 -8.802423 1.812839
-1.082183 -8.911701 1.974989
-0.757140 -9.002407 2.144037
-0.427846 -9.040957 2.323432
-0.098282 -9.062081 2.504724
0.230139 -9.034732 2.688705
0.555490 -8.983777 2.871377
0.877387 -8.906272 3.052575
1.193501 -8.803039 3.230316
1.507319 -8.689595 3.406685
1.815057 -8.556199 3.579643
2.121952 -8.420165 3.752156
2.424890 -8.273463 3.922933
2.727523 -8.125986 4.093571
3.028684 -7.974749 4.263533
3.329842 -7.823100 4.433131
3.630992 -7.670401 4.601800
3.932633 -7.517299 4.769212
4.235022 -7.363584 4.934712
4.538529 -7.208903 5.097208
4.843055 -7.053345 5.256967
5.149425 -6.896266 5.411579
5.456745 -6.738403 5.563536
5.766875 -6.579613 5.708617
6.077702 -6.420592 5.851995
6.392534 -6.263144 5.988169
6.708003 -6.106274 6.123529
7.028121 -5.955184 6.254502
7.349343 -5.806446 6.385366
7.674774 -5.666682 6.515819
8.001877 -5.532717 6.647875
8.332232 -5.410036 6.783052
8.664165 -5.298120 6.923048
8.997809 -5.197863 7.068265
9.331596 -5.115037 7.223046
9.665464 -5.042210 7.383313
9.996155 -4.994564 7.558316
10.326086 -4.952924 7.736834
10.647850 -4.944099 7.933895
10.967578 -4.941181 8.133937
11.277874 -4.965177 8.347473
11.584130 -4.999485 8.564772
11.882422 -5.054116 8.789481
12.175805 -5.121886 9.016563
12.463730 -5.204263 9.246283
12.746952 -5.301638 9.475590
13.026762 -5.409893 9.704598
13.301937 -5.535228 9.930124
13.574765 -5.669217 10.153887
13.840812 -5.823449 10.372339
14.104510 -5.984693 10.588952
14.355032 -6.171598 10.800140
14.603070 -6.363339 11.010306
14.823967 -6.588795 11.217203
15.035600 -6.821898 11.424111
15.211780 -7.083648 11.631247
15.357394 -7.360913 11.838963
15.470969 -7.654440 12.047289
15.523255 -7.964873 12.253470
15.550808 -8.280024 12.457582
15.519979 -8.600986 12.653770
15.463903 -8.921614 12.842766
15.378809 -9.241855 13.023492
15.270556 -9.561646 13.191279
15.151763 -9.881230 13.353177
15.020650 -10.204112 13.497843
14.887222 -10.527613 13.639271
14.755306 -10.859664 13.760829
14.624338 -11.192819 13.880295
14.506540 -11.536747 13.981756
14.392479 -11.882517 14.080642
14.295892 -12.236900 14.167480
14.205902 -12.593319 14.252378
14.130992 -12.954389 14.332843
14.062875 -13.316190 14.415631
14.003084 -13.678886 14.501270
13.945546 -14.038871 14.598565
13.889401 -14.397180 14.703064
13.823516 -14.744287 14.835058
13.753667 -15.087049 14.975998
13.657504 -15.402600 15.159404
13.548102 -15.701408 15.358736
13.411273 -15.965532 15.591059
13.252156 -16.191916 15.843678
13.073227 -16.384750 16.114338
12.876073 -16.535410 16.395554
12.664099 -16.651773 16.685352
12.452125 -16.768139 16.975151
12.240150 -16.884504 17.264952
12.028176 -17.000870 17.554750
11.816202 -17.117233 17.844551
11.604228 -17.233599 18.134350
11.392254 -17.349964 18.424150
11.180281 -17.466330 18.713949
10.968307 -17.582693 19.003748
10.756332 -17.699059 19.293549
10.544358 -17.815424 19.583347
10.332384 -17.931789 19.873148
10.120410 -18.048153 20.162947
9.908436 -18.164518 20.452745
9.696462 -18.280884 20.742546
9.484488 -18.397249 21.032345
9.272514 -18.513613 21.322145
9.060540 -18.629978 21.611944
8.848566 -18.746344 21.901743
8.636592 -18.862709 22.191544
8.424618 -18.979073 22.481342
8.212644 -19.095438 22.771143
8.000670 -19.211803 23.060942
7.788696 -19.328167 23.350740
7.576722 -19.444532 23.640541
7.364748 -19.560898 23.930340
7.152774 -19.677263 24.220140
6.940800 -19.793627 24.509939
6.728826 -19.909992 24.799740
6.516852 -20.026358 25.089539
6.304878 -20.142723 25.379337
6.092904 -20.259087 25.669138
5.880930 -20.375452 25.958937
5.668956 -20.491817 26.248737
5.456982 -20.608183 26.538536
5.245008 -20.724546 26.828335
5.033034 -20.840912 27.118135
4.821060 -20.957277 27.407934
4.609086 -21.073643 27.697735
4.397111 -21.190006 27.987534
4.185138 -21.306372 28.277332
3.973164 -21.422737 28.567133
3.761189 -21.539103 28.856932
3.549216 -21.655466 29.146732
3.337242 -21.771832 29.436531
3.125268 -21.888197 29.726330
2.913294 -22.004562 30.016130
2.701319 -22.120926 30.305929
2.489346 -22.237291 30.595730
2.277371 -22.353657 30.885529
2.065398 -22.470022 31.175329
1.853423 -22.586386 31.465128
1.641449 -22.702751 31.754927
1.429475 -22.819117 32.044727
1.217501 -22.935482 32.334526
1.005527 -23.051846 32.624325
0.793553 -23.168211 32.914124
0.581579 -23.284576 33.203926
0.369605 -23.400942 33.493725
