#pt3d 300
-5.218992 29.557278 -8.309003
-5.336546 29.227882 -8.336049
-5.454100 28.898485 -8.363094
-5.571654 28.569088 -8.390140
-5.689208 28.239693 -8.417186
-5.806762 27.910295 -8.444231
-5.924315 27.580900 -8.471277
-6.041870 27.251503 -8.498322
-6.159423 26.922106 -8.525368
-6.276978 26.592710 -8.552414
-6.394531 26.263313 -8.579459
-6.512085 25.933918 -8.606505
-6.629640 25.604521 -8.633551
-6.747193 25.275124 -8.660596
-6.864748 24.945728 -8.687642
-6.982301 24.616331 -8.714687
-7.099855 24.286936 -8.741734
-7.217409 23.957539 -8.768779
-7.334963 23.628141 -8.795824
-7.452517 23.298746 -8.822870
-7.570071 22.969349 -8.849916
-7.687625 22.639954 -8.876962
-7.805179 22.310556 -8.904007
-7.922733 21.981159 -8.931052
-8.040287 21.651764 -8.958098
-8.157841 21.322367 -8.985144
-8.275394 20.992971 -9.012190
-8.392949 20.663574 -9.039235
-8.510503 20.334177 -9.066280
-8.628057 20.004782 -9.093327
-8.745610 19.675385 -9.120372
-8.863165 19.345989 -9.147418
-8.980719 19.016592 -9.174463
-9.098272 18.687195 -9.201509
-9.215827 18.357800 -9.228555
-9.333381 18.028402 -9.255600
-9.450934 17.699007 -9.282646
-9.574381 17.371595 -9.281777
-9.702260 17.045681 -9.259909
-9.833380 16.723623 -9.218843
-9.968228 16.406012 -9.155673
-10.105180 16.093168 -9.077385
-10.244571 15.785865 -8.981538
-10.385797 15.484256 -8.872101
-10.528386 15.186877 -8.752575
-10.673488 14.895578 -8.621784
-10.820164 14.606191 -8.488411
-10.970103 14.318699 -8.354548
-11.125848 14.027050 -8.237583
-11.288099 13.726874 -8.160355
-11.452670 13.420341 -8.169139
-11.599869 13.131901 -8.297915
-11.715610 12.878087 -8.510031
-11.807447 12.642591 -8.753019
-11.884265 12.409651 -9.003631
-11.950356 12.174364 -9.255108
-12.004888 11.932914 -9.503665
-12.044625 11.680556 -9.743815
-12.076864 11.423183 -9.979740
-12.088400 11.153788 -10.204117
-12.086620 10.880235 -10.423034
-12.067390 10.601236 -10.634793
-12.021711 10.320983 -10.839976
-11.964515 10.040184 -11.042295
-11.866202 9.767393 -11.239450
-11.757417 9.498511 -11.435836
-11.611884 9.245254 -11.630086
-11.450497 9.002292 -11.823503
-11.264047 8.775604 -12.015601
-11.059449 8.564252 -12.205459
-10.839665 8.365732 -12.393441
-10.603596 8.182549 -12.576395
-10.358370 8.007990 -12.756521
-10.099676 7.844583 -12.927553
-9.834877 7.686230 -13.094462
-9.558276 7.533123 -13.245969
-9.277351 7.381938 -13.391834
-8.984658 7.229348 -13.509832
-8.688822 7.075742 -13.618039
-8.383344 6.913982 -13.677783
-8.078440 6.746408 -13.693707
-7.780055 6.573740 -13.648816
-7.508178 6.401664 -13.509297
-7.313938 6.259190 -13.254299
-7.200484 6.160353 -12.940804
-7.146151 6.099013 -12.602930
-7.131080 6.064861 -12.254912
-7.159729 6.066085 -11.905298
-7.205998 6.085052 -11.558869
-7.267214 6.119070 -11.215143
-7.344643 6.174441 -10.877772
-7.426070 6.235292 -10.542063
-7.517918 6.316673 -10.213439
-7.610613 6.402060 -9.886160
-7.705955 6.499972 -9.563088
-7.799920 6.603558 -9.241443
-7.892461 6.713009 -8.921272
-7.978320 6.826482 -8.600665
-8.060313 6.940301 -8.279190
-8.131650 7.050921 -7.954033
-8.193615 7.152696 -7.624296
-8.248312 7.247045 -7.290970
-8.287116 7.315910 -6.949203
-8.317553 7.365183 -6.603850
-8.340300 7.396450 -6.255199
-8.348697 7.383600 -5.904804
-8.351159 7.349757 -5.556552
-8.345683 7.287666 -5.211346
-8.328909 7.185993 -4.876637
-8.306782 7.066975 -4.548034
-8.272154 6.910358 -4.236065
-8.228442 6.731604 -3.938612
-8.176496 6.532779 -3.654318
-8.108981 6.303073 -3.398664
-8.036047 6.063329 -3.153860
-7.948386 5.798470 -2.941215
-7.854960 5.524089 -2.744941
-7.753954 5.237185 -2.570195
-7.647966 4.939411 -2.419070
-7.539768 4.636816 -2.278423
-7.431578 4.323676 -2.163389
-7.324461 4.008423 -2.053266
-7.223435 3.685674 -1.960104
-7.127222 3.360311 -1.871541
-7.039567 3.030300 -1.791155
-6.962008 2.696985 -1.714736
-6.892153 2.361148 -1.641342
-6.837558 2.022098 -1.570325
-6.787456 1.682101 -1.500009
-6.755703 1.339732 -1.430601
-6.726920 0.997122 -1.361244
-6.711299 0.653587 -1.292020
-6.699029 0.309945 -1.222827
-6.693873 -0.033927 -1.153700
-6.690672 -0.377833 -1.084662
-6.689709 -0.721779 -1.015725
-6.687016 -1.065726 -0.946850
-6.683174 -1.409673 -0.878017
-6.671438 -1.753370 -0.808988
-6.656897 -2.096978 -0.739891
-6.625040 -2.439210 -0.670039
-6.588526 -2.780884 -0.599979
-6.526125 -3.118648 -0.528744
-6.451093 -3.453248 -0.457076
-6.351582 -3.781717 -0.384565
-6.224697 -4.099777 -0.311727
-6.082325 -4.411947 -0.238703
-5.897934 -4.701399 -0.166578
-5.700653 -4.981710 -0.095215
-5.477300 -5.243063 -0.025499
-5.236190 -5.487917 0.042334
-4.984135 -5.722599 0.109004
-4.714952 -5.937902 0.173373
-4.442431 -6.149243 0.237324
-4.158562 -6.345530 0.300116
-3.872991 -6.539187 0.363076
-3.581533 -6.723761 0.426618
-3.288307 -6.905050 0.491234
-2.991606 -7.079889 0.557959
-2.692736 -7.249842 0.627243
-2.391104 -7.413574 0.699785
-2.086102 -7.568375 0.777070
-1.778427 -7.716091 0.858117
-1.465437 -7.846528 0.947113
-1.150323 -7.970056 1.039285
-0.828162 -8.061428 1.143301
-0.504493 -8.141244 1.250826
-0.176979 -8.184649 1.368738
0.149756 -8.200871 1.492472
0.475765 -8.191681 1.621647
0.793967 -8.137341 1.757584
1.108247 -8.067152 1.895458
1.410314 -7.958655 2.037008
1.704856 -7.833850 2.179591
1.990294 -7.689318 2.323423
2.265749 -7.527993 2.468224
2.536394 -7.358580 2.613492
2.798001 -7.176665 2.760046
3.057960 -6.992474 2.906834
3.312282 -6.802051 3.055529
3.566427 -6.611588 3.204481
3.819927 -6.421749 3.355317
4.074255 -6.233365 3.506550
4.331297 -6.049746 3.659080
4.590780 -5.869880 3.811844
4.854221 -5.696104 3.964988
5.121818 -5.528470 4.117625
5.392785 -5.365816 4.269852
5.668816 -5.210300 4.420341
5.946591 -5.057243 4.570230
6.228738 -4.909296 4.717044
6.511342 -4.761495 4.863127
6.795099 -4.613070 5.006321
7.077959 -4.461921 5.148383
7.359366 -4.306364 5.288610
7.637295 -4.143583 5.427413
7.912879 -3.975936 5.565254
8.181888 -3.796757 5.701410
8.449306 -3.614789 5.837159
8.708366 -3.419709 5.970888
8.966437 -3.223083 6.104208
9.219981 -3.019395 6.235656
9.473593 -2.815208 6.366191
9.727329 -2.610083 6.495008
9.985025 -2.409055 6.622289
10.246416 -2.211849 6.748135
10.518647 -2.028539 6.871469
10.795282 -1.850874 6.993782
11.091415 -1.704833 7.111909
11.393551 -1.571890 7.228508
11.711479 -1.475295 7.340950
12.037582 -1.412593 7.449849
12.369802 -1.375255 7.556095
12.704651 -1.397083 7.656907
13.037255 -1.439794 7.756205
13.362961 -1.527518 7.852499
13.678058 -1.645166 7.948095
13.984875 -1.786165 8.043146
14.271531 -1.962831 8.139437
14.553276 -2.148115 8.236039
14.806708 -2.368911 8.336409
15.055218 -2.594329 8.437612
15.278197 -2.843724 8.543134
15.491821 -3.099869 8.650285
15.683054 -3.372175 8.761334
15.860559 -3.652087 8.874672
16.019032 -3.942543 8.991179
16.159100 -4.240688 9.110371
16.283884 -4.545218 9.231791
16.385012 -4.856799 9.356120
16.475245 -5.171628 9.481791
16.535889 -5.491920 9.610674
16.590605 -5.813284 9.740198
16.609730 -6.137312 9.873210
16.622204 -6.461117 10.006823
16.605576 -6.783939 10.143064
16.575661 -7.104827 10.280495
16.523764 -7.422518 10.419894
16.471865 -7.740208 10.559293
16.419968 -8.057898 10.698692
16.368071 -8.375587 10.838091
16.316174 -8.693278 10.977490
16.264277 -9.010968 11.116889
16.212379 -9.328658 11.256289
16.160482 -9.646348 11.395687
16.108585 -9.964038 11.535087
16.056688 -10.281729 11.674485
16.004791 -10.599419 11.813885
15.952893 -10.917109 11.953283
15.900996 -11.234798 12.092683
15.849098 -11.552488 12.232081
15.797201 -11.870179 12.371481
15.745304 -12.187869 12.510880
15.693407 -12.505559 12.650279
15.641510 -12.823249 12.789678
15.589612 -13.140939 12.929077
15.537715 -13.458630 13.068476
15.485818 -13.776320 13.207875
15.433921 -14.094009 13.347274
15.382024 -14.411699 13.486673
15.330126 -14.729389 13.626072
15.278229 -15.047080 13.765471
15.226332 -15.364770 13.904870
15.174435 -15.682460 14.044270
15.122538 -16.000151 14.183668
15.070641 -16.317841 14.323068
15.018743 -16.635530 14.462467
14.966846 -16.953220 14.601866
14.914948 -17.270910 14.741265
14.863051 -17.588600 14.880664
14.811154 -17.906290 15.020063
14.759256 -18.223980 15.159462
14.707359 -18.541670 15.298862
14.655462 -18.859362 15.438260
14.603565 -19.177052 15.577660
14.551668 -19.494741 15.717058
14.499770 -19.812431 15.856458
14.447873 -20.130121 15.995856
14.395976 -20.447811 16.135256
14.344079 -20.765501 16.274654
14.292182 -21.083191 16.414053
14.240284 -21.400881 16.553453
14.188387 -21.718571 16.692852
14.136490 -22.036263 16.832251
14.084593 -22.353952 16.971649
14.032696 -22.671642 17.111050
13.980798 -22.989332 17.250448
13.928901 -23.307022 17.389847
13.877004 -23.624712 17.529245
13.825107 -23.942402 17.668646
13.773210 -24.260092 17.808044
13.721312 -24.577782 17.947443
13.669415 -24.895472 18.086842
13.617517 -25.213163 18.226242
13.565620 -25.530853 18.365641
13.513723 -25.848543 18.505039
13.461825 -26.166233 18.644438
13.409928 -26.483923 18.783838
13.358031 -26.801613 18.923237
13.306134 -27.119303 19.062635
