#pt3d 300
-3.264388 28.719126 -0.433271
-3.309551 28.401289 -0.638434
-3.354714 28.083452 -0.843598
-3.399876 27.765617 -1.048761
-3.445039 27.447781 -1.253925
-3.490201 27.129946 -1.459088
-3.535364 26.812109 -1.664252
-3.580527 26.494274 -1.869415
-3.625689 26.176437 -2.074579
-3.670852 25.858603 -2.279742
-3.716015 25.540766 -2.484906
-3.761177 25.222931 -2.690069
-3.806340 24.905094 -2.895233
-3.851502 24.587259 -3.100396
-3.896665 24.269423 -3.305560
-3.941828 23.951588 -3.510724
-3.986990 23.633751 -3.715887
-4.032153 23.315916 -3.921051
-4.077315 22.998079 -4.126214
-4.122478 22.680243 -4.331378
-4.167641 22.362408 -4.536541
-4.212803 22.044571 -4.741705
-4.257966 21.726736 -4.946868
-4.303129 21.408899 -5.152032
-4.348291 21.091064 -5.357195
-4.393454 20.773228 -5.562359
-4.438616 20.455393 -5.767522
-4.483779 20.137556 -5.972686
-4.528942 19.819721 -6.177849
-4.574104 19.501884 -6.383013
-4.619267 19.184050 -6.588176
-4.664430 18.866213 -6.793340
-4.709592 18.548378 -6.998504
-4.754755 18.230541 -7.203667
-4.799917 17.912704 -7.408831
-4.883790 17.568277 -7.547987
-4.968380 17.223356 -7.685919
-5.084559 16.870098 -7.762058
-5.207622 16.515020 -7.824732
-5.358589 16.166122 -7.827020
-5.514616 15.818890 -7.818357
-5.693225 15.487319 -7.760815
-5.876935 15.160647 -7.694644
-6.073318 14.846147 -7.607039
-6.278226 14.538754 -7.514460
-6.489071 14.236311 -7.418419
-6.711900 13.938402 -7.336311
-6.938871 13.639530 -7.273904
-7.169624 13.339059 -7.240189
-7.397903 13.035108 -7.265756
-7.606964 12.734051 -7.365139
-7.786068 12.443204 -7.528114
-7.931501 12.165418 -7.741247
-8.046083 11.900157 -7.989432
-8.115966 11.650571 -8.268672
-8.165465 11.405640 -8.555455
-8.195782 11.165088 -8.849338
-8.195237 10.927286 -9.146779
-8.185797 10.689783 -9.444304
-8.148583 10.451871 -9.739540
-8.100614 10.213385 -10.032352
-8.031874 9.973789 -10.320485
-7.947746 9.733786 -10.603692
-7.847939 9.493365 -10.881879
-7.729121 9.253882 -11.152870
-7.599057 9.014954 -11.419606
-7.447733 8.779297 -11.677555
-7.289283 8.544737 -11.932558
-7.109261 8.315970 -12.178141
-6.925618 8.088176 -12.422141
-6.722302 7.867628 -12.656962
-6.517772 7.647529 -12.891214
-6.297197 7.434300 -13.117118
-6.076290 7.221203 -13.342805
-5.844083 7.012542 -13.561190
-5.611653 6.803916 -13.779364
-5.371338 6.596560 -13.990084
-5.130935 6.389171 -14.200668
-4.884737 6.179638 -14.402246
-4.638437 5.969989 -14.603570
-4.387310 5.754752 -14.792672
-4.135739 5.538739 -14.980202
-3.879435 5.314454 -15.150951
-3.621554 5.086923 -15.314312
-3.359208 4.850207 -15.456761
-3.093214 4.604221 -15.572228
-2.824565 4.349888 -15.659662
-2.554656 4.082125 -15.684227
-2.299689 3.810746 -15.611732
-2.089833 3.560932 -15.423107
-1.954040 3.361542 -15.133548
-1.888022 3.214702 -14.791509
-1.871056 3.104729 -14.428947
-1.887597 3.019158 -14.058370
-1.944649 2.959685 -13.686402
-2.023132 2.911368 -13.317365
-2.118548 2.871866 -12.950640
-2.248504 2.846882 -12.593513
-2.391024 2.826698 -12.241285
-2.560804 2.816695 -11.900366
-2.753495 2.815890 -11.572486
-2.961351 2.821175 -11.253238
-3.203208 2.843836 -10.959970
-3.456038 2.874227 -10.677481
-3.730604 2.920981 -10.417521
-4.018700 2.985258 -10.177724
-4.314606 3.059649 -9.949564
-4.620446 3.164002 -9.747941
-4.926583 3.277668 -9.552401
-5.232343 3.416115 -9.372137
-5.533401 3.569730 -9.197183
-5.829285 3.740041 -9.028071
-6.114105 3.928725 -8.860229
-6.392782 4.127610 -8.693091
-6.654759 4.343878 -8.521221
-6.910969 4.566147 -8.347716
-7.146615 4.801838 -8.163664
-7.376584 5.041234 -7.976701
-7.583535 5.288764 -7.774658
-7.784044 5.538570 -7.568396
-7.959170 5.790947 -7.343713
-8.126469 6.044118 -7.113349
-8.264024 6.293888 -6.861480
-8.392676 6.542639 -6.603173
-8.482219 6.779595 -6.319381
-8.563806 7.014081 -6.030457
-8.588229 7.221542 -5.711843
-8.591810 7.415491 -5.386320
-8.546565 7.577787 -5.044612
-8.446385 7.693044 -4.698618
-8.308871 7.771926 -4.355137
-8.115138 7.786324 -4.027400
-7.883963 7.738720 -3.732085
-7.634003 7.652596 -3.460648
-7.365053 7.509502 -3.231864
-7.094671 7.329201 -3.036818
-6.823442 7.126890 -2.861728
-6.565291 6.880314 -2.729681
-6.312257 6.624452 -2.606456
-6.081176 6.336075 -2.513763
-5.861990 6.037085 -2.429825
-5.666832 5.716656 -2.363569
-5.492137 5.384227 -2.305016
-5.340329 5.038378 -2.255079
-5.216950 4.681761 -2.208904
-5.112402 4.318013 -2.165220
-5.041221 3.947166 -2.119223
-4.982648 3.573637 -2.072351
-4.957076 3.197985 -2.016104
-4.937623 2.821939 -1.958119
-4.944532 2.448368 -1.883947
-4.953541 2.075243 -1.807714
-4.975044 1.707106 -1.711987
-4.996092 1.340158 -1.612123
-5.015088 0.978580 -1.493582
-5.027758 0.619666 -1.367262
-5.027777 0.266083 -1.225382
-5.009039 -0.081371 -1.071703
-4.974010 -0.423501 -0.907777
-4.900617 -0.751194 -0.729208
-4.811906 -1.072488 -0.545613
-4.673071 -1.368911 -0.350653
-4.511892 -1.650340 -0.153314
-4.319238 -1.910646 0.047377
-4.094403 -2.141880 0.248326
-3.856727 -2.361514 0.449380
-3.586833 -2.542053 0.648419
-3.312407 -2.715640 0.847087
-3.018547 -2.857106 1.044026
-2.720909 -2.989710 1.240795
-2.412654 -3.097410 1.437089
-2.101631 -3.195026 1.633721
-1.784965 -3.272086 1.831041
-1.466744 -3.338627 2.029191
-1.145844 -3.387042 2.228767
-0.824437 -3.424247 2.429449
-0.502265 -3.444606 2.631792
-0.180542 -3.452289 2.835223
0.140623 -3.444164 3.040012
0.460281 -3.421052 3.245493
0.778526 -3.383878 3.451624
1.093954 -3.328795 3.657578
1.407629 -3.262556 3.863423
1.717039 -3.176056 4.067837
2.024968 -3.082525 4.271756
2.327648 -2.968431 4.472902
2.629478 -2.851062 4.673559
2.926789 -2.717370 4.870749
3.223720 -2.581974 5.067310
3.519023 -2.439271 5.261175
3.814904 -2.296545 5.454133
4.111907 -2.153772 5.645330
4.411691 -2.015554 5.835453
4.714332 -1.882017 6.024471
5.022776 -1.760558 6.211992
5.334306 -1.645519 6.398719
5.654528 -1.552609 6.582711
5.976632 -1.464491 6.766110
6.308779 -1.409766 6.944525
6.642239 -1.361492 7.121765
6.981958 -1.344190 7.293353
7.322897 -1.339380 7.462327
7.666330 -1.360150 7.625953
8.009525 -1.397448 7.786073
8.352437 -1.454367 7.942032
8.692917 -1.529217 8.094824
9.031399 -1.618797 8.245013
9.365212 -1.725652 8.393637
9.695944 -1.843912 8.541225
10.019854 -1.977949 8.689851
10.339664 -2.121470 8.839099
10.650367 -2.279340 8.992438
10.955753 -2.445590 9.148168
11.248975 -2.625509 9.311220
11.535436 -2.813023 9.478342
11.804891 -3.014624 9.656161
12.066350 -3.222847 9.839009
12.302830 -3.446651 10.036001
12.531476 -3.675341 10.237430
12.722495 -3.921704 10.455912
12.904882 -4.171604 10.677706
13.040609 -4.437775 10.914102
13.158458 -4.708385 11.153406
13.236898 -4.988778 11.399125
13.282179 -5.274542 11.645200
13.301382 -5.564530 11.891552
13.275261 -5.858551 12.131355
13.236850 -6.153591 12.369182
13.149869 -6.450060 12.592099
13.054138 -6.746347 12.810838
12.925477 -7.041954 13.013851
12.784911 -7.336782 13.209044
12.622764 -7.630197 13.390061
12.448573 -7.922336 13.560863
12.260438 -8.212998 13.719832
12.061733 -8.502094 13.867789
11.854038 -8.789857 14.006378
11.637882 -9.075968 14.134614
11.415955 -9.360953 14.255790
11.187755 -9.644383 14.368378
10.955929 -9.926917 14.476005
10.719915 -10.208188 14.577529
10.481791 -10.488822 14.675979
10.243667 -10.769457 14.774428
10.005542 -11.050092 14.872879
9.767418 -11.330726 14.971329
9.529294 -11.611361 15.069779
9.291169 -11.891995 15.168229
9.053045 -12.172629 15.266680
8.814920 -12.453264 15.365129
8.576797 -12.733899 15.463580
8.338672 -13.014533 15.562030
8.100548 -13.295168 15.660480
7.862423 -13.575803 15.758930
7.624299 -13.856437 15.857380
7.386175 -14.137072 15.955831
7.148050 -14.417706 16.054281
6.909926 -14.698340 16.152731
6.671802 -14.978975 16.251181
6.433678 -15.259610 16.349630
6.195553 -15.540244 16.448082
5.957429 -15.820879 16.546532
5.719305 -16.101513 16.644981
5.481180 -16.382149 16.743431
5.243056 -16.662783 16.841881
5.004932 -16.943417 16.940332
4.766808 -17.224052 17.038782
4.528683 -17.504686 17.137232
4.290559 -17.785320 17.235682
4.052434 -18.065956 17.334133
3.814310 -18.346590 17.432583
3.576186 -18.627224 17.531033
3.338062 -18.907860 17.629482
3.099937 -19.188494 17.727932
2.861813 -19.469128 17.826384
2.623689 -19.749763 17.924833
2.385564 -20.030397 18.023283
2.147440 -20.311031 18.121733
1.909316 -20.591667 18.220184
1.671191 -20.872301 18.318634
1.433067 -21.152935 18.417084
1.194943 -21.433571 18.515533
0.956819 -21.714205 18.613983
0.718694 -21.994839 18.712435
0.480570 -22.275475 18.810884
0.242446 -22.556108 18.909334
0.004321 -22.836742 19.007784
-0.233803 -23.117378 19.106236
-0.471927 -23.398012 19.204685
-0.710052 -23.678646 19.303135
-0.948176 -23.959282 19.401585
-1.186300 -24.239916 19.500034
-1.424424 -24.520550 19.598486
-1.662549 -24.801186 19.696936
-1.900673 -25.081820 19.795385
-2.138797 -25.362453 19.893835
-2.376922 -25.643089 19.992287
-2.615046 -25.923723 20.090736
-2.853170 -26.204357 20.189186
-3.091295 -26.484993 20.287636
