#pt3d 300
1.769445 30.282814 -3.467346
1.599636 29.943300 -3.515157
1.429827 29.603785 -3.562968
1.260018 29.264271 -3.610778
1.090209 28.924757 -3.658589
0.920400 28.585243 -3.706400
0.750591 28.245729 -3.754210
0.580782 27.906216 -3.802021
0.410973 27.566702 -3.849832
0.241164 27.227188 -3.897643
0.071355 26.887674 -3.945453
-0.098454 26.548159 -3.993264
-0.268263 26.208645 -4.041075
-0.438072 25.869131 -4.088886
-0.607881 25.529617 -4.136696
-0.777690 25.190104 -4.184507
-0.947499 24.850590 -4.232318
-1.117307 24.511076 -4.280129
-1.287116 24.171562 -4.327940
-1.456925 23.832048 -4.375751
-1.626734 23.492533 -4.423561
-1.796543 23.153019 -4.471372
-1.966352 22.813505 -4.519183
-2.136161 22.473991 -4.566993
-2.305970 22.134478 -4.614804
-2.475779 21.794964 -4.662615
-2.645588 21.455450 -4.710426
-2.815397 21.115936 -4.758236
-2.985206 20.776421 -4.806047
-3.155015 20.436907 -4.853858
-3.324824 20.097393 -4.901669
-3.494633 19.757879 -4.949480
-3.664442 19.418365 -4.997290
-3.834251 19.078852 -5.045101
-4.034856 18.754276 -5.058745
-4.243539 18.433620 -5.063428
-4.475424 18.131361 -5.029647
-4.709558 17.831528 -4.990574
-4.954401 17.546518 -4.918379
-5.199601 17.263912 -4.839579
-5.446184 16.990589 -4.735260
-5.691058 16.719234 -4.622893
-5.931931 16.452478 -4.491696
-6.168806 16.186321 -4.352695
-6.399493 15.921085 -4.201617
-6.624398 15.654071 -4.045249
-6.843883 15.385387 -3.883922
-7.057237 15.110476 -3.724984
-7.268020 14.832479 -3.567988
-7.476138 14.540768 -3.433890
-7.686352 14.239436 -3.331359
-7.899065 13.928613 -3.283165
-8.111346 13.618458 -3.333234
-8.307529 13.340149 -3.504574
-8.472545 13.118320 -3.769058
-8.612544 12.939752 -4.076025
-8.741651 12.779243 -4.397953
-8.861590 12.633564 -4.730793
-8.976726 12.493066 -5.067508
-9.090503 12.354031 -5.405316
-9.203577 12.208527 -5.740624
-9.316624 12.062415 -6.075672
-9.429917 11.901226 -6.403656
-9.543109 11.739377 -6.731325
-9.653296 11.558084 -7.049731
-9.762997 11.375802 -7.367694
-9.862582 11.172929 -7.676426
-9.959946 10.967982 -7.984356
-10.037697 10.744740 -8.285202
-10.107061 10.517675 -8.584763
-10.148864 10.278055 -8.880102
-10.167634 10.034349 -9.173342
-10.158998 9.785782 -9.464083
-10.104723 9.538449 -9.749766
-10.029593 9.292859 -10.032721
-9.902805 9.057806 -10.306702
-9.755021 8.830325 -10.575360
-9.582296 8.611839 -10.837697
-9.387643 8.404046 -11.092840
-9.185379 8.199964 -11.345488
-8.968523 8.003686 -11.592106
-8.750427 7.807960 -11.838099
-8.526355 7.613577 -12.079756
-8.302021 7.418782 -12.320826
-8.075294 7.220216 -12.556531
-7.848208 7.020860 -12.791184
-7.617713 6.814056 -13.015895
-7.386481 6.606316 -13.238875
-7.147490 6.388725 -13.443639
-6.906744 6.169775 -13.644487
-6.652812 5.940601 -13.815921
-6.394159 5.709156 -13.975123
-6.120119 5.470306 -14.094466
-5.836873 5.230187 -14.178045
-5.543379 4.988657 -14.221807
-5.243363 4.757093 -14.183749
-4.946617 4.536931 -14.098372
-4.660337 4.338744 -13.939765
-4.404305 4.178231 -13.709142
-4.169128 4.041353 -13.443543
-3.970054 3.943066 -13.131934
-3.804269 3.878928 -12.795217
-3.655083 3.831823 -12.446109
-3.549213 3.829909 -12.078443
-3.454197 3.839660 -11.708757
-3.384424 3.876546 -11.334374
-3.330927 3.930586 -10.959941
-3.289298 3.997136 -10.585470
-3.265398 4.078796 -10.212548
-3.246759 4.163043 -9.839831
-3.238574 4.248681 -9.467018
-3.234425 4.325392 -9.092295
-3.233199 4.395371 -8.716154
-3.234508 4.435552 -8.335662
-3.236145 4.458005 -7.954187
-3.238155 4.460138 -7.571589
-3.241643 4.428599 -7.190437
-3.246804 4.384277 -6.810702
-3.255170 4.319894 -6.433640
-3.269749 4.240573 -6.059795
-3.287217 4.154305 -5.687447
-3.318545 4.050759 -5.320451
-3.355290 3.942007 -4.955669
-3.405195 3.820638 -4.596267
-3.468242 3.685511 -4.244321
-3.540428 3.540819 -3.897559
-3.634544 3.366715 -3.570341
-3.736769 3.178336 -3.254415
-3.853918 2.961790 -2.961542
-3.980108 2.715297 -2.699054
-4.110206 2.451711 -2.454892
-4.240813 2.154487 -2.252431
-4.365589 1.842982 -2.070434
-4.484475 1.517052 -1.909107
-4.586097 1.175457 -1.770738
-4.681782 0.829588 -1.638319
-4.752915 0.473758 -1.517010
-4.815533 0.116824 -1.395014
-4.856884 -0.242864 -1.271302
-4.884588 -0.601446 -1.141811
-4.895354 -0.958655 -1.005147
-4.889092 -1.311415 -0.858161
-4.870271 -1.660893 -0.703561
-4.832596 -2.003111 -0.537411
-4.786121 -2.341939 -0.365871
-4.719424 -2.672539 -0.185638
-4.646780 -3.000718 -0.002850
-4.551424 -3.321644 0.182119
-4.452439 -3.641410 0.367436
-4.325799 -3.955435 0.545521
-4.194690 -4.268667 0.721457
-4.035294 -4.577085 0.882271
-3.865458 -4.882953 1.035908
-3.671418 -5.182905 1.172904
-3.458861 -5.475154 1.296540
-3.229877 -5.760569 1.408323
-2.975538 -6.029125 1.504504
-2.713142 -6.292035 1.595967
-2.423865 -6.528700 1.677815
-2.128661 -6.757187 1.760066
-1.817564 -6.963745 1.843393
-1.499137 -7.155638 1.932018
-1.172877 -7.331863 2.026304
-0.840930 -7.489533 2.131596
-0.506061 -7.637670 2.242542
-0.168605 -7.766297 2.368303
0.169505 -7.889997 2.497805
0.507150 -7.995411 2.643432
0.844743 -8.098762 2.790878
1.179699 -8.185165 2.954319
1.514448 -8.270569 3.118712
1.845153 -8.340422 3.298004
2.175325 -8.408680 3.478755
2.500500 -8.461950 3.673215
2.824327 -8.511928 3.870537
3.142137 -8.547197 4.080640
3.457095 -8.576669 4.295516
3.765348 -8.592508 4.521614
4.068592 -8.599974 4.754422
4.365471 -8.596799 4.995759
4.655403 -8.584159 5.244833
4.940671 -8.565167 5.499100
5.218683 -8.538466 5.760510
5.494389 -8.509316 6.024190
5.765116 -8.477545 6.292673
6.035324 -8.445724 6.561681
6.304899 -8.417837 6.831758
6.575108 -8.391741 7.101348
6.848296 -8.374064 7.368644
7.123268 -8.360393 7.634236
7.402652 -8.356621 7.895619
7.684621 -8.358795 8.154077
7.970652 -8.370317 8.407935
8.259150 -8.389012 8.658404
8.550335 -8.415524 8.905182
8.842717 -8.449805 9.149466
9.136037 -8.490177 9.391797
9.428107 -8.539281 9.633936
9.719482 -8.593236 9.875969
10.005835 -8.657823 10.121263
10.290393 -8.726206 10.367719
10.564730 -8.808767 10.621199
10.837308 -8.893771 10.875888
11.093342 -8.997771 11.140500
11.346163 -9.105204 11.406606
11.583191 -9.229488 11.680032
11.813932 -9.360557 11.955360
12.033098 -9.504118 12.234193
12.245361 -9.656478 12.513502
12.451710 -9.816380 12.793221
12.654143 -9.985250 13.070446
12.855039 -10.157651 13.346689
13.057659 -10.338285 13.616304
13.260860 -10.520372 13.884507
13.470371 -10.709684 14.142689
13.681530 -10.901002 14.397926
13.898417 -11.099289 14.642944
14.116804 -11.302802 14.882076
14.337417 -11.514062 15.112490
14.555889 -11.736840 15.333582
14.772942 -11.967264 15.548486
14.979366 -12.218740 15.749430
15.181951 -12.476797 15.946010
15.364073 -12.761985 16.124588
15.536850 -13.056564 16.295746
15.690719 -13.370149 16.451885
15.827827 -13.697283 16.593618
15.952789 -14.034238 16.724907
16.058397 -14.384422 16.836090
16.159002 -14.738029 16.942074
16.243816 -15.101699 17.025166
16.327433 -15.466205 17.105780
16.404148 -15.836036 17.166859
16.481083 -16.206173 17.225435
16.559353 -16.578176 17.268774
16.639513 -16.950006 17.309536
16.728067 -17.321074 17.338839
16.820736 -17.691198 17.365829
16.927956 -18.057997 17.384642
17.042608 -18.422392 17.401588
17.177307 -18.780310 17.413504
17.324539 -19.132793 17.424265
17.495337 -19.475058 17.432854
17.666134 -19.817322 17.441444
17.836931 -20.159586 17.450033
18.007730 -20.501852 17.458622
18.178528 -20.844116 17.467213
18.349325 -21.186380 17.475801
18.520123 -21.528645 17.484392
18.690920 -21.870909 17.492981
18.861717 -22.213175 17.501572
19.032516 -22.555439 17.510160
19.203314 -22.897703 17.518749
19.374111 -23.239967 17.527340
19.544909 -23.582233 17.535929
19.715706 -23.924498 17.544519
19.886505 -24.266762 17.553108
20.057302 -24.609026 17.561699
20.228100 -24.951292 17.570288
20.398897 -25.293556 17.578878
20.569695 -25.635820 17.587467
20.740494 -25.978085 17.596056
20.911291 -26.320349 17.604647
21.082088 -26.662615 17.613235
21.252886 -27.004879 17.621826
21.423683 -27.347143 17.630415
21.594481 -27.689407 17.639006
21.765280 -28.031673 17.647594
21.936077 -28.373938 17.656183
22.106874 -28.716202 17.664774
22.277672 -29.058466 17.673363
22.448469 -29.400732 17.681953
22.619268 -29.742996 17.690542
22.790066 -30.085260 17.699133
22.960863 -30.427525 17.707722
23.131660 -30.769789 17.716312
23.302458 -31.112055 17.724901
23.473255 -31.454319 17.733490
23.644054 -31.796583 17.742081
23.814852 -32.138847 17.750669
23.985649 -32.481113 17.759260
24.156446 -32.823376 17.767849
24.327244 -33.165642 17.776440
24.498043 -33.507908 17.785028
24.668840 -33.850170 17.793617
24.839638 -34.192436 17.802208
25.010435 -34.534698 17.810797
25.181232 -34.876965 17.819387
25.352032 -35.219231 17.827976
25.522829 -35.561493 17.836567
25.693626 -35.903759 17.845156
25.864424 -36.246025 17.853746
26.035221 -36.588287 17.862335
26.206018 -36.930553 17.870924
26.376818 -37.272816 17.879515
26.547615 -37.615082 17.888103
26.718412 -37.957348 17.896694
26.889210 -38.299610 17.905283
27.060007 -38.641876 17.913874
27.230806 -38.984138 17.922462
