#pt3d 300
-5.334087 31.261312 -7.734614
-5.323333 30.887838 -7.658706
-5.312578 30.514362 -7.582799
-5.301824 30.140888 -7.506891
-5.291070 29.767414 -7.430984
-5.280315 29.393940 -7.355076
-5.269561 29.020464 -7.279169
-5.258807 28.646990 -7.203261
-5.248052 28.273516 -7.127354
-5.237298 27.900042 -7.051446
-5.226543 27.526566 -6.975539
-5.215789 27.153091 -6.899632
-5.205035 26.779617 -6.823724
-5.194281 26.406143 -6.747817
-5.183526 26.032667 -6.671909
-5.172771 25.659193 -6.596002
-5.162017 25.285719 -6.520094
-5.151263 24.912245 -6.444187
-5.140509 24.538769 -6.368279
-5.129754 24.165295 -6.292372
-5.119000 23.791821 -6.216465
-5.108245 23.418346 -6.140557
-5.097491 23.044870 -6.064650
-5.086737 22.671396 -5.988742
-5.075983 22.297922 -5.912835
-5.065228 21.924448 -5.836927
-5.054474 21.550972 -5.761020
-5.043719 21.177498 -5.685112
-5.032965 20.804024 -5.609205
-5.022211 20.430550 -5.533297
-5.011456 20.057074 -5.457390
-5.000702 19.683599 -5.381482
-4.989947 19.310125 -5.305574
-4.979193 18.936651 -5.229667
-5.003040 18.565140 -5.154508
-5.059243 18.195467 -5.080050
-5.150258 17.833134 -5.010365
-5.266532 17.476124 -4.944146
-5.416909 17.131342 -4.887622
-5.583741 16.792461 -4.835777
-5.782150 16.469589 -4.799342
-5.989486 16.151245 -4.767264
-6.224265 15.851352 -4.757083
-6.462540 15.553810 -4.749693
-6.722785 15.276058 -4.771759
-6.984738 15.000648 -4.798259
-7.258195 14.741026 -4.854635
-7.532815 14.486094 -4.922327
-7.810298 14.242723 -5.017898
-8.084702 14.006444 -5.134941
-8.355929 13.777475 -5.274117
-8.613638 13.557996 -5.448130
-8.864850 13.342371 -5.636720
-9.087148 13.136844 -5.868460
-9.290765 12.934974 -6.117956
-9.469540 12.737966 -6.391064
-9.603719 12.545658 -6.690763
-9.713820 12.354939 -7.000799
-9.779184 12.166098 -7.325495
-9.803514 11.977151 -7.654496
-9.803021 11.788022 -7.985143
-9.749404 11.597461 -8.310985
-9.671002 11.406238 -8.630239
-9.565323 11.214286 -8.942245
-9.422287 11.022435 -9.238542
-9.265562 10.831048 -9.528220
-9.080007 10.641554 -9.802121
-8.880394 10.454469 -10.067183
-8.667916 10.269589 -10.324153
-8.439713 10.090252 -10.571246
-8.206789 9.913336 -10.815742
-7.965154 9.742953 -11.056458
-7.721851 9.577329 -11.298754
-7.477036 9.416011 -11.542481
-7.235386 9.263560 -11.794878
-6.996477 9.115000 -12.052051
-6.764190 8.974266 -12.319628
-6.539437 8.839947 -12.596571
-6.319064 8.709355 -12.878958
-6.110090 8.586374 -13.173170
-5.903715 8.464538 -13.469649
-5.703093 8.345121 -13.771065
-5.504027 8.224274 -14.072935
-5.306188 8.102297 -14.375164
-5.106021 7.972803 -14.672656
-4.905196 7.841185 -14.968809
-4.696707 7.693003 -15.251512
-4.486257 7.540550 -15.530200
-4.266541 7.367894 -15.789576
-4.042588 7.184492 -16.036703
-3.811204 6.982252 -16.262362
-3.574032 6.760135 -16.459824
-3.333156 6.525298 -16.639244
-3.088309 6.261695 -16.763987
-2.844040 5.988436 -16.863110
-2.602221 5.697392 -16.909773
-2.369530 5.398052 -16.898073
-2.144634 5.096370 -16.846889
-1.938121 4.799715 -16.725611
-1.751389 4.520018 -16.550827
-1.579564 4.255269 -16.339231
-1.434548 4.024384 -16.072729
-1.308906 3.824864 -15.775373
-1.196033 3.646564 -15.458213
-1.107959 3.517530 -15.110428
-1.029014 3.410517 -14.754265
-0.961859 3.331941 -14.387281
-0.907070 3.289542 -14.012945
-0.856929 3.261336 -13.636259
-0.817764 3.271193 -13.257142
-0.782500 3.295600 -12.878765
-0.753286 3.342568 -12.501536
-0.730820 3.411821 -12.127623
-0.711387 3.491090 -11.755198
-0.703406 3.597200 -11.389098
-0.699968 3.709921 -11.025105
-0.707039 3.837716 -10.665968
-0.725874 3.974840 -10.310940
-0.752353 4.118028 -9.958580
-0.800962 4.269381 -9.612119
-0.857815 4.421953 -9.267583
-0.936943 4.576178 -8.928003
-1.032031 4.727903 -8.591797
-1.142587 4.877206 -8.258861
-1.278662 5.016864 -7.931566
-1.422936 5.153175 -7.606113
-1.598266 5.270226 -7.288435
-1.781366 5.380139 -6.973121
-1.986467 5.469846 -6.664499
-2.203753 5.543343 -6.360766
-2.434823 5.598505 -6.062564
-2.679640 5.626513 -5.772509
-2.931506 5.640599 -5.486631
-3.195421 5.615811 -5.213223
-3.461700 5.583060 -4.942390
-3.734653 5.501459 -4.689016
-4.007335 5.410908 -4.439268
-4.278758 5.278924 -4.206307
-4.546751 5.130280 -3.980993
-4.808046 4.949113 -3.770602
-5.060016 4.744943 -3.572044
-5.302594 4.517608 -3.385401
-5.527233 4.262673 -3.214458
-5.742634 3.993526 -3.051600
-5.928725 3.694325 -2.907470
-6.108471 3.388716 -2.767346
-6.245744 3.053963 -2.647106
-6.373624 2.715131 -2.529954
-6.462432 2.359331 -2.425647
-6.531373 1.998971 -2.325333
-6.568707 1.631359 -2.231373
-6.576472 1.262300 -2.139451
-6.562533 0.892179 -2.049024
-6.511888 0.526620 -1.955592
-6.449705 0.162495 -1.861215
-6.346917 -0.189101 -1.756111
-6.237317 -0.537692 -1.648289
-6.094310 -0.868599 -1.524150
-5.942419 -1.192178 -1.393249
-5.768022 -1.497194 -1.245223
-5.581868 -1.787453 -1.084408
-5.382222 -2.060774 -0.908916
-5.169899 -2.309711 -0.714652
-4.951031 -2.546060 -0.510699
-4.720448 -2.747119 -0.283844
-4.487405 -2.939703 -0.051863
-4.246103 -3.092548 0.200669
-4.003327 -3.234508 0.457344
-3.756424 -3.345981 0.725623
-3.507654 -3.440792 0.997859
-3.256538 -3.514653 1.275070
-3.002640 -3.569021 1.553788
-2.746907 -3.610518 1.833501
-2.486511 -3.632309 2.110874
-2.224499 -3.647266 2.387437
-1.955109 -3.643854 2.657089
-1.684613 -3.637688 2.925705
-1.403729 -3.615158 3.182518
-1.121435 -3.591035 3.437541
-0.828766 -3.555526 3.679295
-0.533307 -3.517631 3.917064
-0.228878 -3.472070 4.142026
0.079460 -3.423584 4.360723
0.394587 -3.370019 4.568536
0.714037 -3.313218 4.768520
1.037917 -3.253099 4.960481
1.365747 -3.189683 5.144356
1.696001 -3.124244 5.323273
2.029209 -3.055809 5.495399
2.363447 -2.986331 5.665160
2.699334 -2.914822 5.830759
3.035491 -2.842982 5.995679
3.371962 -2.771119 6.159946
3.708366 -2.699561 6.324479
4.044088 -2.630786 6.491577
4.379545 -2.563651 6.659829
4.714107 -2.502042 6.831973
5.048255 -2.444883 7.006320
5.381705 -2.395234 7.184385
5.714741 -2.354737 7.365289
6.047413 -2.322317 7.548699
6.379704 -2.305798 7.734609
6.711837 -2.295911 7.921561
7.043192 -2.310144 8.109419
7.374293 -2.329670 8.297267
7.703501 -2.376890 8.483688
8.031684 -2.431991 8.669251
8.356865 -2.510170 8.852299
8.679381 -2.600550 9.033808
8.998026 -2.708663 9.213078
9.311837 -2.831291 9.390936
9.621301 -2.966976 9.567522
9.923478 -3.117784 9.743946
10.220966 -3.278324 9.920265
10.508468 -3.453771 10.098463
10.790812 -3.636913 10.277632
11.059813 -3.834836 10.461055
11.322971 -4.039232 10.646342
11.567782 -4.259087 10.838368
11.806161 -4.484363 11.032758
12.017731 -4.727142 11.236271
12.223501 -4.973708 11.441758
12.387408 -5.240984 11.658504
12.539019 -5.512775 11.877446
12.644998 -5.800546 12.103978
12.716329 -6.095436 12.332136
12.752925 -6.397461 12.561924
12.722897 -6.703174 12.786242
12.663671 -7.007578 13.005539
12.549933 -7.306646 13.212862
12.398237 -7.596332 13.406243
12.223747 -7.880383 13.591253
12.008391 -8.148895 13.754639
11.785591 -8.414201 13.913241
11.538401 -8.668048 14.054022
11.286608 -8.919828 14.189838
11.023643 -9.166591 14.313609
10.758615 -9.413526 14.432339
10.490297 -9.660736 14.543033
10.223575 -9.911554 14.649180
9.958734 -10.166625 14.749972
9.700377 -10.429629 14.846609
9.447505 -10.699341 14.939732
9.194633 -10.969053 15.032854
8.941759 -11.238765 15.125978
8.688887 -11.508476 15.219100
8.436014 -11.778188 15.312222
8.183141 -12.047900 15.405346
7.930268 -12.317612 15.498468
7.677396 -12.587323 15.591591
7.424523 -12.857035 15.684714
7.171650 -13.126746 15.777837
6.918777 -13.396459 15.870959
6.665905 -13.666170 15.964083
6.413032 -13.935882 16.057205
6.160160 -14.205593 16.150328
5.907287 -14.475306 16.243450
5.654414 -14.745017 16.336575
5.401541 -15.014729 16.429697
5.148668 -15.284440 16.522820
4.895796 -15.554152 16.615942
4.642923 -15.823864 16.709064
4.390050 -16.093576 16.802187
4.137177 -16.363287 16.895309
3.884305 -16.632999 16.988434
3.631432 -16.902710 17.081556
3.378559 -17.172422 17.174679
3.125687 -17.442135 17.267801
2.872814 -17.711845 17.360924
2.619941 -17.981558 17.454046
2.367069 -18.251270 17.547171
2.114196 -18.520981 17.640293
1.861323 -18.790693 17.733416
1.608450 -19.060404 17.826538
1.355577 -19.330116 17.919661
1.102705 -19.599829 18.012783
0.849832 -19.869539 18.105907
0.596959 -20.139252 18.199030
0.344087 -20.408964 18.292152
0.091214 -20.678675 18.385275
-0.161659 -20.948387 18.478397
-0.414532 -21.218098 18.571520
-0.667404 -21.487810 18.664644
-0.920277 -21.757523 18.757767
-1.173150 -22.027233 18.850889
-1.426023 -22.296946 18.944012
-1.678895 -22.566656 19.037134
-1.931768 -22.836369 19.130257
-2.184641 -23.106081 19.223381
-2.437513 -23.375792 19.316504
-2.690386 -23.645504 19.409626
-2.943259 -23.915216 19.502748
-3.196132 -24.184927 19.595871
-3.449004 -24.454639 19.688993
-3.701877 -24.724350 19.782118
-3.954750 -24.994062 19.875240
-4.207623 -25.263775 19.968363
-4.460495 -25.533485 20.061485
-4.713368 -25.803198 20.154608
-4.966241 -26.072910 20.247730
