#pt3d 300
7.927701 25.263063 -1.069711
7.683596 25.047913 -1.173196
7.439492 24.832762 -1.276681
7.195387 24.617611 -1.380166
6.951283 24.402460 -1.483651
6.707179 24.187309 -1.587136
6.463075 23.972158 -1.690620
6.218970 23.757008 -1.794105
5.974866 23.541857 -1.897590
5.730762 23.326704 -2.001075
5.486657 23.111553 -2.104560
5.242553 22.896402 -2.208045
4.998449 22.681252 -2.311530
4.754344 22.466101 -2.415015
4.510240 22.250950 -2.518500
4.266136 22.035799 -2.621984
4.022032 21.820648 -2.725470
3.777927 21.605497 -2.828954
3.533823 21.390347 -2.932439
3.289719 21.175196 -3.035924
3.045614 20.960045 -3.139409
2.801510 20.744894 -3.242894
2.557406 20.529743 -3.346379
2.313302 20.314592 -3.449864
2.069197 20.099442 -3.553349
1.825093 19.884291 -3.656834
1.580989 19.669140 -3.760319
1.336884 19.453989 -3.863803
1.092780 19.238838 -3.967288
0.848676 19.023687 -4.070773
0.604571 18.808535 -4.174258
0.360467 18.593384 -4.277743
0.116363 18.378233 -4.381228
-0.127741 18.163082 -4.484713
-0.371846 17.947931 -4.588198
-0.615950 17.732780 -4.691683
-0.860054 17.517630 -4.795167
-1.104159 17.302479 -4.898653
-1.352562 17.077190 -4.962024
-1.601288 16.850952 -5.021018
-1.850822 16.619606 -5.049259
-2.100261 16.387838 -5.073264
-2.349307 16.154348 -5.079897
-2.598261 15.920734 -5.082692
-2.847060 15.686916 -5.079011
-3.096334 15.453590 -5.076409
-3.345916 15.220586 -5.074506
-3.597049 14.989614 -5.086891
-3.848623 14.760485 -5.110946
-4.100801 14.534569 -5.155153
-4.350215 14.317028 -5.237643
-4.594404 14.107734 -5.349160
-4.831709 13.907900 -5.491231
-5.053024 13.724270 -5.675312
-5.262467 13.549003 -5.879401
-5.463027 13.379132 -6.097205
-5.649647 13.213419 -6.330225
-5.829431 13.045493 -6.566885
-6.003282 12.875645 -6.806705
-6.167600 12.696006 -7.046045
-6.328887 12.512790 -7.284705
-6.479572 12.315272 -7.518942
-6.624835 12.111320 -7.750772
-6.760004 11.895388 -7.978124
-6.883023 11.669048 -8.201777
-6.996954 11.434925 -8.422668
-7.087560 11.188129 -8.640155
-7.169614 10.937500 -8.856771
-7.217164 10.677174 -9.072538
-7.246386 10.415820 -9.289130
-7.247698 10.152902 -9.506978
-7.210256 9.895788 -9.727327
-7.154039 9.642587 -9.948746
-7.052046 9.405198 -10.171971
-6.930258 9.178225 -10.394731
-6.784135 8.964057 -10.616916
-6.613601 8.765987 -10.835895
-6.434018 8.573884 -11.053684
-6.232490 8.396346 -11.264403
-6.028115 8.220315 -11.473680
-5.808972 8.049992 -11.672558
-5.587317 7.878807 -11.867682
-5.356536 7.704490 -12.049176
-5.122358 7.524642 -12.219922
-4.882852 7.336123 -12.373817
-4.639846 7.132282 -12.498009
-4.395415 6.918193 -12.600518
-4.153707 6.680446 -12.641008
-3.926084 6.431331 -12.615488
-3.721917 6.181152 -12.519161
-3.551174 5.942111 -12.349180
-3.427507 5.734537 -12.107922
-3.347068 5.568015 -11.822812
-3.293361 5.431093 -11.516695
-3.263803 5.322738 -11.194248
-3.264487 5.257173 -10.859478
-3.276228 5.209563 -10.522330
-3.303131 5.187383 -10.182669
-3.342473 5.190554 -9.843861
-3.386998 5.205283 -9.505784
-3.438748 5.239569 -9.170028
-3.491610 5.280840 -8.835284
-3.545105 5.326942 -8.501222
-3.594951 5.371699 -8.166411
-3.640694 5.408639 -7.830174
-3.682420 5.437749 -7.492566
-3.714504 5.441298 -7.152648
-3.741601 5.427659 -6.812979
-3.764175 5.398434 -6.473535
-3.779649 5.335317 -6.138342
-3.793558 5.258942 -5.806237
-3.805245 5.163482 -5.478615
-3.816755 5.046555 -5.158285
-3.828301 4.921641 -4.840758
-3.842578 4.772072 -4.534145
-3.858284 4.616106 -4.231052
-3.877814 4.443029 -3.937370
-3.900841 4.258792 -3.651166
-3.927493 4.062981 -3.372718
-3.960138 3.850705 -3.107638
-3.995153 3.631917 -2.847847
-4.038769 3.390383 -2.610547
-4.084824 3.142175 -2.381215
-4.137047 2.877021 -2.172524
-4.193038 2.599955 -1.981889
-4.251714 2.314399 -1.804123
-4.313491 2.013917 -1.654468
-4.375422 1.709266 -1.513802
-4.437078 1.396283 -1.392039
-4.496354 1.079166 -1.280617
-4.553902 0.759045 -1.176709
-4.604867 0.435346 -1.080846
-4.653396 0.110853 -0.986395
-4.692735 -0.215290 -0.893286
-4.726847 -0.541486 -0.798574
-4.752626 -0.867769 -0.701306
-4.768169 -1.193191 -0.599479
-4.777539 -1.518094 -0.494902
-4.770473 -1.840701 -0.383514
-4.758696 -2.162593 -0.270426
-4.727152 -2.481157 -0.151648
-4.687799 -2.798295 -0.031946
-4.632269 -3.112480 0.089669
-4.562413 -3.423850 0.210444
-4.481297 -3.733007 0.330561
-4.379218 -4.037535 0.445896
-4.271060 -4.340693 0.559757
-4.137124 -4.636975 0.663986
-3.996821 -4.931072 0.765193
-3.837199 -5.218537 0.857231
-3.666181 -5.500833 0.943432
-3.482189 -5.777245 1.022988
-3.282678 -6.044342 1.095561
-3.076008 -6.307142 1.164912
-2.850711 -6.555324 1.229498
-2.620929 -6.799370 1.293892
-2.375566 -7.027372 1.360207
-2.124224 -7.246825 1.431327
-1.864015 -7.453597 1.509574
-1.596654 -7.643193 1.603961
-1.326160 -7.823918 1.707130
-1.052820 -7.978919 1.840717
-0.782286 -8.119951 1.992092
-0.514954 -8.245049 2.163762
-0.260333 -8.343872 2.368072
-0.012746 -8.431910 2.585209
0.221677 -8.501875 2.823404
0.444777 -8.559576 3.074877
0.661804 -8.610697 3.333473
0.867051 -8.650397 3.603405
1.070552 -8.688293 3.874923
1.269364 -8.721178 4.150564
1.468488 -8.752894 4.426113
1.668079 -8.782866 4.701524
1.871605 -8.811719 4.974129
2.077872 -8.839789 5.244780
2.293069 -8.865083 5.508595
2.510781 -8.889595 5.770486
2.743116 -8.907120 6.020075
2.979261 -8.921877 6.266024
3.227946 -8.927400 6.499928
3.484106 -8.924904 6.725225
3.748080 -8.914025 6.941524
4.021599 -8.888648 7.143968
4.298465 -8.857832 7.341306
4.583161 -8.809856 7.523604
4.869452 -8.756745 7.701696
5.158686 -8.694164 7.872029
5.449063 -8.626287 8.038260
5.740106 -8.555330 8.202106
6.031260 -8.483601 8.365416
6.322282 -8.413017 8.529428
6.612641 -8.348166 8.696974
6.902223 -8.289469 8.867917
7.190844 -8.238361 9.043051
7.477471 -8.200783 9.224518
7.763319 -8.168487 9.408457
8.045528 -8.156941 9.600296
8.326642 -8.150620 9.793768
8.604344 -8.160372 9.992193
8.879760 -8.179015 10.192891
9.152493 -8.208097 10.396255
9.421490 -8.248814 10.602386
9.688603 -8.295396 10.809909
9.949919 -8.355854 11.021106
10.209869 -8.419371 11.233149
10.461164 -8.498741 11.450260
10.709469 -8.582705 11.668851
10.948611 -8.680750 11.891973
11.179566 -8.789863 12.118094
11.401880 -8.910658 12.347379
11.606727 -9.053464 12.579767
11.802853 -9.206920 12.812893
11.973950 -9.389675 13.045082
12.126801 -9.592135 13.272202
12.263809 -9.811705 13.494923
12.365247 -10.065415 13.699480
12.451300 -10.331978 13.893032
12.516434 -10.615816 14.071300
12.557002 -10.916596 14.226660
12.587955 -11.223461 14.372494
12.598214 -11.541625 14.495995
12.600266 -11.863183 14.609841
12.591759 -12.189106 14.711271
12.573642 -12.517680 14.801731
12.550552 -12.847626 14.886517
12.518209 -13.178991 14.962032
12.484050 -13.510635 15.035731
12.441199 -13.842434 15.103983
12.397291 -14.174101 15.172169
12.347707 -14.504998 15.240246
12.296528 -14.835237 15.310215
12.242112 -15.164139 15.384027
12.185877 -15.491086 15.464578
12.128226 -15.816511 15.550372
12.069732 -16.136780 15.653060
12.011106 -16.456251 15.758356
11.952482 -16.775721 15.863651
11.893857 -17.095192 15.968947
11.835233 -17.414663 16.074244
11.776608 -17.734135 16.179539
11.717983 -18.053606 16.284836
11.659359 -18.373077 16.390131
11.600734 -18.692549 16.495426
11.542109 -19.012020 16.600723
11.483484 -19.331491 16.706018
11.424860 -19.650963 16.811314
11.366235 -19.970434 16.916611
11.307611 -20.289906 17.021906
11.248985 -20.609377 17.127203
11.190361 -20.928848 17.232498
11.131736 -21.248320 17.337793
11.073112 -21.567789 17.443090
11.014486 -21.887260 17.548386
10.955862 -22.206732 17.653681
10.897237 -22.526203 17.758978
10.838613 -22.845675 17.864273
10.779987 -23.165146 17.969568
10.721363 -23.484617 18.074865
10.662738 -23.804089 18.180161
10.604114 -24.123560 18.285458
10.545488 -24.443031 18.390753
10.486864 -24.762503 18.496048
10.428239 -25.081974 18.601345
10.369615 -25.401445 18.706640
10.310989 -25.720917 18.811935
10.252365 -26.040388 18.917233
10.193740 -26.359859 19.022528
10.135116 -26.679329 19.127823
10.076490 -26.998800 19.233120
10.017866 -27.318272 19.338415
9.959242 -27.637743 19.443712
9.900617 -27.957214 19.549007
9.841992 -28.276686 19.654303
9.783367 -28.596157 19.759600
9.724743 -28.915628 19.864895
9.666118 -29.235100 19.970190
9.607493 -29.554571 20.075487
9.548868 -29.874043 20.180782
9.490244 -30.193514 20.286079
9.431619 -30.512985 20.391375
9.372994 -30.832457 20.496670
9.314369 -31.151928 20.601967
9.255745 -31.471399 20.707262
9.197120 -31.790869 20.812557
9.138495 -32.110340 20.917854
9.079870 -32.429813 21.023149
9.021246 -32.749283 21.128445
8.962621 -33.068756 21.233742
8.903996 -33.388226 21.339037
8.845371 -33.707699 21.444334
8.786747 -34.027168 21.549629
8.728122 -34.346638 21.654924
8.669497 -34.666111 21.760221
8.610872 -34.985580 21.865517
8.552248 -35.305054 21.970812
8.493623 -35.624523 22.076109
8.434999 -35.943996 22.181404
8.376373 -36.263466 22.286699
8.317749 -36.582939 22.391996
