#pt3d 300
3.941799 24.649445 -9.275017
3.785176 24.354166 -9.211141
3.628552 24.058887 -9.147264
3.471928 23.763609 -9.083388
3.315305 23.468330 -9.019512
3.158681 23.173054 -8.955635
3.002058 22.877775 -8.891759
2.845434 22.582497 -8.827883
2.688810 22.287218 -8.764007
2.532187 21.991940 -8.700130
2.375563 21.696661 -8.636254
2.218939 21.401382 -8.572377
2.062315 21.106106 -8.508501
1.905692 20.810827 -8.444625
1.749068 20.515549 -8.380749
1.592444 20.220270 -8.316873
1.435821 19.924992 -8.252996
1.279197 19.629713 -8.189119
1.122573 19.334435 -8.125243
0.965950 19.039158 -8.061367
0.809326 18.743879 -7.997491
0.652703 18.448601 -7.933614
0.496079 18.153322 -7.869738
0.339455 17.858044 -7.805862
0.182831 17.562765 -7.741985
0.026208 17.267487 -7.678109
-0.130416 16.972210 -7.614233
-0.287039 16.676931 -7.550356
-0.443663 16.381653 -7.486480
-0.600287 16.086374 -7.422604
-0.756911 15.791096 -7.358727
-0.913534 15.495818 -7.294851
-1.070158 15.200540 -7.230975
-1.226781 14.905261 -7.167099
-1.383405 14.609982 -7.103222
-1.540029 14.314705 -7.039346
-1.696652 14.019426 -6.975470
-1.853541 13.724277 -6.911685
-2.022087 13.434755 -6.851931
-2.193208 13.146627 -6.793111
-2.375355 12.864462 -6.738288
-2.562142 12.585130 -6.685323
-2.760084 12.312610 -6.636825
-2.965073 12.045003 -6.591744
-3.181144 11.785124 -6.552040
-3.407578 11.533638 -6.519220
-3.643484 11.289824 -6.492694
-3.893910 11.060198 -6.481332
-4.150533 10.836976 -6.477399
-4.422170 10.633675 -6.503520
-4.697054 10.441341 -6.554177
-4.973749 10.261121 -6.633949
-5.239865 10.097849 -6.769320
-5.478559 9.946098 -6.955926
-5.684513 9.801824 -7.182322
-5.856507 9.662026 -7.439630
-5.988508 9.522991 -7.720780
-6.092842 9.379011 -8.010497
-6.182899 9.230318 -8.302827
-6.257599 9.073609 -8.595509
-6.323294 8.907493 -8.885042
-6.384299 8.736442 -9.172779
-6.438050 8.557662 -9.457294
-6.483438 8.377237 -9.742156
-6.520878 8.196784 -10.028089
-6.537392 8.022109 -10.319664
-6.527300 7.857742 -10.616783
-6.491693 7.702808 -10.916735
-6.417504 7.561459 -11.217262
-6.299941 7.429392 -11.507155
-6.158161 7.298949 -11.786584
-5.983519 7.167064 -12.047174
-5.785064 7.024405 -12.282665
-5.575590 6.876759 -12.506544
-5.345070 6.705549 -12.688855
-5.112281 6.529619 -12.862908
-4.870814 6.330573 -12.996604
-4.629110 6.125332 -13.117816
-4.386721 5.902116 -13.202801
-4.146317 5.671968 -13.268674
-3.909240 5.430206 -13.302519
-3.678251 5.182100 -13.302088
-3.451579 4.929496 -13.277353
-3.244682 4.679516 -13.174925
-3.072031 4.456367 -12.993993
-2.988777 4.322841 -12.705473
-3.027791 4.325211 -12.374566
-3.133430 4.400960 -12.062554
-3.265119 4.500766 -11.765605
-3.411179 4.610793 -11.478619
-3.565794 4.715785 -11.194259
-3.720913 4.815692 -10.908461
-3.874819 4.900976 -10.617188
-4.022907 4.973039 -10.319798
-4.165390 5.032364 -10.016518
-4.292510 5.071396 -9.703631
-4.413836 5.103359 -9.387401
-4.510585 5.114560 -9.061341
-4.597363 5.120294 -8.732728
-4.665739 5.115941 -8.399403
-4.714751 5.104085 -8.063158
-4.753261 5.088202 -7.725496
-4.767748 5.063560 -7.386404
-4.770963 5.033630 -7.047679
-4.762579 4.998259 -6.709332
-4.735150 4.951138 -6.373472
-4.699194 4.898429 -6.039380
-4.653247 4.839125 -5.707458
-4.593319 4.772872 -5.379138
-4.527102 4.704995 -5.052392
-4.452452 4.635514 -4.727737
-4.368701 4.566416 -4.405265
-4.280716 4.497222 -4.083933
-4.184330 4.427126 -3.765191
-4.082656 4.352670 -3.449164
-3.976491 4.274511 -3.135443
-3.861747 4.178980 -2.829737
-3.743913 4.072737 -2.529135
-3.620349 3.942642 -2.239985
-3.495505 3.783429 -1.967377
-3.371027 3.604870 -1.706430
-3.254840 3.383934 -1.475154
-3.151812 3.139120 -1.264639
-3.059263 2.875289 -1.070659
-3.003366 2.579580 -0.911856
-2.965741 2.276265 -0.764820
-2.954794 1.961939 -0.634899
-2.978922 1.643010 -0.520659
-3.016706 1.322911 -0.412093
-3.090947 1.005416 -0.314700
-3.174663 0.690116 -0.218876
-3.277509 0.379250 -0.126220
-3.388826 0.071663 -0.032798
-3.507451 -0.233094 0.061286
-3.628400 -0.535453 0.159963
-3.750302 -0.836830 0.260524
-3.865584 -1.137637 0.370096
-3.979591 -1.438364 0.481269
-4.077728 -1.739644 0.605368
-4.172344 -2.040917 0.731817
-4.248678 -2.342162 0.870471
-4.317308 -2.642851 1.013626
-4.368249 -2.942260 1.167116
-4.406555 -3.239847 1.326869
-4.428987 -3.535145 1.494489
-4.431952 -3.826410 1.669549
-4.421489 -4.114892 1.849739
-4.380656 -4.395278 2.037365
-4.330687 -4.673226 2.227228
-4.233457 -4.934879 2.421826
-4.121054 -5.189567 2.615722
-3.969660 -5.426265 2.807696
-3.785771 -5.642482 2.992742
-3.580696 -5.845346 3.173272
-3.332816 -6.010970 3.336782
-3.074170 -6.164475 3.494220
-2.792211 -6.290110 3.637452
-2.500113 -6.398901 3.772500
-2.198937 -6.492608 3.900220
-1.890467 -6.568836 4.021395
-1.579231 -6.638437 4.140090
-1.264453 -6.693090 4.257106
-0.949152 -6.745538 4.373876
-0.633852 -6.786165 4.495259
-0.318865 -6.825737 4.617733
-0.006579 -6.857260 4.749202
0.304457 -6.886872 4.883846
0.611336 -6.910127 5.029053
0.915447 -6.929777 5.180183
1.215054 -6.943562 5.340950
1.510073 -6.950664 5.510080
1.801402 -6.952391 5.685934
2.086589 -6.942766 5.871112
2.369716 -6.929332 6.059418
2.646394 -6.898746 6.255116
2.922083 -6.863969 6.451403
3.194497 -6.813285 6.648943
3.466720 -6.754830 6.844345
3.738656 -6.684828 7.036571
4.012445 -6.604023 7.221521
4.287346 -6.516731 7.402104
4.566751 -6.418160 7.569299
4.847239 -6.317132 7.733331
5.133741 -6.208119 7.881092
5.421446 -6.098640 8.026017
5.713811 -5.987354 8.159952
6.007796 -5.877338 8.291287
6.304827 -5.769710 8.417735
6.603317 -5.666860 8.544610
6.903457 -5.569412 8.671970
7.204157 -5.482254 8.804966
7.505246 -5.402224 8.941865
7.804652 -5.341609 9.091168
8.103456 -5.287935 9.244905
8.395503 -5.268358 9.418127
8.684530 -5.259849 9.596392
8.962165 -5.289873 9.790860
9.229678 -5.345788 9.991459
9.486321 -5.429511 10.198643
9.722211 -5.556089 10.407442
9.950046 -5.698349 10.615674
10.155590 -5.879880 10.817164
10.352887 -6.074186 11.013970
10.537579 -6.288016 11.203617
10.713443 -6.514002 11.387011
10.883670 -6.747751 11.566412
11.046590 -6.988914 11.742660
11.207384 -7.232236 11.917989
11.361126 -7.477535 12.096834
11.513602 -7.722902 12.276649
11.656080 -7.966182 12.467216
11.794311 -8.208652 12.661614
11.918577 -8.448458 12.868621
12.029098 -8.687429 13.083537
12.123854 -8.925444 13.307526
12.186582 -9.164963 13.540225
12.233646 -9.405575 13.775666
12.234979 -9.651261 14.011116
12.210834 -9.900624 14.239762
12.159512 -10.153910 14.461152
12.070354 -10.413696 14.661187
11.969332 -10.675831 14.852557
11.842257 -10.944039 15.019039
11.708391 -11.215261 15.174119
11.564632 -11.490868 15.312590
11.418462 -11.771227 15.437840
11.270559 -12.055001 15.553588
11.127232 -12.345260 15.658126
10.985816 -12.638230 15.757977
10.857509 -12.939320 15.850788
10.732365 -13.242367 15.941900
10.631562 -13.554639 16.031687
10.535266 -13.868237 16.121674
10.475506 -14.189382 16.217041
10.428772 -14.510925 16.315434
10.421705 -14.833683 16.423035
10.414639 -15.156440 16.530638
10.407572 -15.479198 16.638239
10.400504 -15.801955 16.745840
10.393437 -16.124712 16.853441
10.386371 -16.447470 16.961044
10.379304 -16.770227 17.068645
10.372236 -17.092985 17.176247
10.365170 -17.415743 17.283848
10.358103 -17.738501 17.391451
10.351036 -18.061256 17.499052
10.343969 -18.384014 17.606653
10.336902 -18.706772 17.714254
10.329835 -19.029530 17.821857
10.322768 -19.352287 17.929459
10.315701 -19.675045 18.037060
10.308634 -19.997801 18.144661
10.301567 -20.320559 18.252264
10.294500 -20.643316 18.359865
10.287434 -20.966074 18.467466
10.280366 -21.288832 18.575068
10.273299 -21.611589 18.682671
10.266232 -21.934347 18.790272
10.259166 -22.257103 18.897873
10.252099 -22.579861 19.005474
10.245031 -22.902618 19.113077
10.237965 -23.225376 19.220678
10.230898 -23.548134 19.328279
10.223831 -23.870892 19.435881
10.216763 -24.193649 19.543484
10.209697 -24.516405 19.651085
10.202630 -24.839163 19.758686
10.195563 -25.161921 19.866287
10.188496 -25.484678 19.973888
10.181429 -25.807436 20.081491
10.174362 -26.130194 20.189093
10.167295 -26.452950 20.296694
10.160229 -26.775707 20.404295
10.153161 -27.098465 20.511898
10.146094 -27.421223 20.619499
10.139028 -27.743980 20.727100
10.131961 -28.066738 20.834702
10.124893 -28.389496 20.942305
10.117826 -28.712252 21.049906
10.110760 -29.035009 21.157507
10.103693 -29.357767 21.265108
10.096625 -29.680525 21.372711
10.089559 -30.003283 21.480312
10.082492 -30.326040 21.587914
10.075425 -30.648798 21.695515
10.068358 -30.971554 21.803118
10.061291 -31.294312 21.910719
10.054224 -31.617069 22.018320
10.047157 -31.939827 22.125921
10.040091 -32.262585 22.233524
10.033023 -32.585342 22.341125
10.025956 -32.908100 22.448727
10.018889 -33.230858 22.556328
10.011823 -33.553616 22.663931
10.004755 -33.876373 22.771532
9.997688 -34.199127 22.879133
9.990622 -34.521885 22.986734
9.983555 -34.844643 23.094337
9.976488 -35.167400 23.201939
9.969420 -35.490158 23.309540
