#pt3d 300
6.180690 24.905540 -3.607672
5.930667 24.668627 -3.690475
5.680645 24.431713 -3.773276
5.430624 24.194799 -3.856078
5.180602 23.957886 -3.938880
4.930579 23.720972 -4.021682
4.680557 23.484058 -4.104485
4.430535 23.247145 -4.187286
4.180513 23.010231 -4.270089
3.930491 22.773317 -4.352890
3.680469 22.536404 -4.435692
3.430447 22.299490 -4.518495
3.180425 22.062576 -4.601296
2.930403 21.825663 -4.684099
2.680381 21.588749 -4.766901
2.430359 21.351835 -4.849702
2.180337 21.114922 -4.932505
1.930315 20.878008 -5.015306
1.680293 20.641094 -5.098108
1.430271 20.404181 -5.180911
1.180249 20.167269 -5.263712
0.930227 19.930355 -5.346515
0.680205 19.693441 -5.429317
0.430182 19.456528 -5.512118
0.180160 19.219614 -5.594921
-0.069862 18.982700 -5.677722
-0.319884 18.745787 -5.760525
-0.569906 18.508873 -5.843327
-0.819928 18.271959 -5.926128
-1.069950 18.035046 -6.008931
-1.319972 17.798132 -6.091733
-1.569994 17.561218 -6.174535
-1.820016 17.324305 -6.257337
-2.070038 17.087391 -6.340138
-2.320060 16.850477 -6.422941
-2.570082 16.613564 -6.505743
-2.822207 16.375723 -6.568239
-3.081655 16.134653 -6.560016
-3.339130 15.897119 -6.521531
-3.593861 15.664504 -6.440920
-3.843096 15.438917 -6.331781
-4.088789 15.217863 -6.204245
-4.329509 15.003304 -6.058020
-4.568656 14.790799 -5.905884
-4.806712 14.581198 -5.748127
-5.044803 14.371877 -5.590053
-5.287393 14.160402 -5.441985
-5.532345 13.947296 -5.300895
-5.784465 13.729236 -5.180975
-6.042657 13.506716 -5.087681
-6.305712 13.280623 -5.015712
-6.574367 13.050156 -5.008223
-6.840301 12.821185 -5.037795
-7.102715 12.594207 -5.109310
-7.345388 12.378438 -5.250215
-7.574069 12.169420 -5.418873
-7.786142 11.968337 -5.619087
-7.968976 11.777079 -5.853889
-8.139554 11.588663 -6.099975
-8.281306 11.404989 -6.367679
-8.403271 11.221515 -6.644262
-8.505930 11.038236 -6.929507
-8.574071 10.852180 -7.222607
-8.628757 10.664993 -7.518015
-8.639244 10.473758 -7.816032
-8.628296 10.281712 -8.112391
-8.586539 10.088501 -8.406365
-8.506797 9.897517 -8.692945
-8.411362 9.707713 -8.976239
-8.272929 9.525475 -9.246648
-8.123591 9.346417 -9.512742
-7.950173 9.174390 -9.769311
-7.764868 9.006766 -10.020045
-7.567825 8.843493 -10.265017
-7.362697 8.682753 -10.504848
-7.152534 8.523590 -10.741478
-6.939714 8.362673 -10.974496
-6.725552 8.200871 -11.205688
-6.514281 8.031865 -11.434304
-6.304373 7.859466 -11.661708
-6.103415 7.673477 -11.886223
-5.906125 7.481916 -12.109554
-5.726877 7.267864 -12.327129
-5.552728 7.047624 -12.543009
-5.412793 6.792320 -12.744834
-5.293197 6.521105 -12.935695
-5.204783 6.225497 -13.109746
-5.182817 5.896721 -13.237967
-5.219469 5.557388 -13.315995
-5.322895 5.224333 -13.327221
-5.487649 4.922153 -13.263567
-5.695703 4.670213 -13.131153
-5.927645 4.484884 -12.937887
-6.161821 4.366933 -12.701632
-6.388967 4.296531 -12.441958
-6.607206 4.265274 -12.165476
-6.805789 4.285818 -11.872836
-6.988911 4.334743 -11.574685
-7.161337 4.402862 -11.272931
-7.310625 4.503346 -10.967790
-7.451042 4.613256 -10.662072
-7.579057 4.736346 -10.355549
-7.693172 4.869565 -10.047925
-7.801428 5.006510 -9.739711
-7.895014 5.148813 -9.429087
-7.982032 5.291183 -9.116692
-8.060108 5.433645 -8.801885
-8.125767 5.573038 -8.482985
-8.185699 5.710764 -8.162209
-8.228940 5.842010 -7.836019
-8.262974 5.968870 -7.507236
-8.284891 6.089959 -7.175043
-8.288098 6.200895 -6.838840
-8.282939 6.307086 -6.501050
-8.252724 6.397679 -6.159912
-8.209507 6.478585 -5.818254
-8.148911 6.546542 -5.475902
-8.063113 6.591321 -5.135612
-7.964888 6.623267 -4.797281
-7.839361 6.622901 -4.466014
-7.696235 6.594403 -4.144529
-7.539598 6.543448 -3.831205
-7.360902 6.439644 -3.543477
-7.175934 6.305466 -3.274979
-6.985382 6.143973 -3.023813
-6.796105 5.930171 -2.814150
-6.612455 5.697374 -2.622674
-6.435884 5.440672 -2.454086
-6.275839 5.157746 -2.314688
-6.122283 4.866313 -2.185119
-5.989470 4.555120 -2.080168
-5.864968 4.238692 -1.982203
-5.755968 3.912502 -1.897269
-5.658302 3.581376 -1.818980
-5.571188 3.245656 -1.746880
-5.496004 2.906292 -1.679221
-5.427428 2.564910 -1.614023
-5.369493 2.221287 -1.550614
-5.315219 1.876894 -1.487820
-5.268945 1.531437 -1.424572
-5.224239 1.185771 -1.361234
-5.183863 0.839900 -1.296146
-5.143795 0.494027 -1.230866
-5.103518 0.148477 -1.164022
-5.062459 -0.196977 -1.097176
-5.017313 -0.541923 -1.030323
-4.969438 -0.886620 -0.964234
-4.915086 -1.230727 -0.899960
-4.854896 -1.574245 -0.838176
-4.787434 -1.917029 -0.779494
-4.709933 -2.258384 -0.725812
-4.625839 -2.598800 -0.675412
-4.526635 -2.936050 -0.632669
-4.422885 -3.272347 -0.592230
-4.298376 -3.602487 -0.561183
-4.169806 -3.931151 -0.531653
-4.019970 -4.251372 -0.509230
-3.862727 -4.567833 -0.487938
-3.687672 -4.875252 -0.469367
-3.500023 -5.174685 -0.449682
-3.299134 -5.465725 -0.428826
-3.080178 -5.742371 -0.400995
-2.853588 -6.012935 -0.370218
-2.603731 -6.259266 -0.322137
-2.347622 -6.496962 -0.267143
-2.074960 -6.710409 -0.192367
-1.793219 -6.902938 -0.100763
-1.504036 -7.078323 0.004634
-1.206104 -7.215305 0.137585
-0.906342 -7.337150 0.280077
-0.604110 -7.423934 0.443232
-0.302762 -7.486760 0.616909
-0.002153 -7.529532 0.799392
0.295211 -7.539181 0.991025
0.591622 -7.539647 1.184839
0.884010 -7.507246 1.382207
1.175473 -7.467289 1.579133
1.464256 -7.405460 1.774778
1.751894 -7.333475 1.968241
2.037964 -7.247571 2.158714
2.322925 -7.151066 2.345483
2.607045 -7.046514 2.529439
2.890055 -6.932206 2.709126
3.172613 -6.813919 2.887071
3.453840 -6.687628 3.061555
3.734795 -6.559874 3.235444
4.013822 -6.426595 3.408290
4.292205 -6.292612 3.581618
4.568323 -6.156151 3.756639
4.842537 -6.018793 3.933904
5.114376 -5.880316 4.113969
5.382131 -5.740335 4.298872
5.648110 -5.599698 4.485879
5.907199 -5.456006 4.680090
6.164179 -5.311134 4.876169
6.415676 -5.163126 5.077012
6.663940 -5.012821 5.280116
6.909497 -4.860594 5.485113
7.152769 -4.706195 5.691202
7.395673 -4.551392 5.897427
7.640220 -4.397483 6.102376
7.886886 -4.245539 6.306196
8.138296 -4.097996 6.507489
8.395518 -3.957193 6.706051
8.658084 -3.822588 6.902102
8.930356 -3.702422 7.093926
9.206460 -3.587955 7.284082
9.494574 -3.498142 7.469382
9.784861 -3.413919 7.653869
10.084399 -3.360484 7.835299
10.385170 -3.318046 8.016727
10.689108 -3.303885 8.198156
10.991095 -3.311496 8.381864
11.291086 -3.341344 8.567899
11.579935 -3.407135 8.760876
11.863500 -3.487735 8.956862
12.119882 -3.616321 9.164779
12.357928 -3.765610 9.377894
12.569964 -3.944269 9.598388
12.734638 -4.158867 9.825359
12.873748 -4.389146 10.053797
12.962997 -4.644775 10.282233
13.014130 -4.912983 10.505681
13.041588 -5.189005 10.726029
13.020143 -5.474945 10.933681
12.988201 -5.762405 11.137546
12.924986 -6.053721 11.328945
12.851924 -6.346031 11.514668
12.762289 -6.640015 11.690835
12.665071 -6.935347 11.860289
12.559978 -7.232080 12.022768
12.451336 -7.531042 12.178550
12.340060 -7.831658 12.329356
12.229831 -8.135683 12.473873
12.120173 -8.441566 12.614963
12.016273 -8.752093 12.750017
11.914488 -9.064325 12.882854
11.823409 -9.382340 13.009465
11.734388 -9.701468 13.134879
11.645368 -10.020595 13.260293
11.556347 -10.339721 13.385707
11.467326 -10.658848 13.511121
11.378305 -10.977975 13.636535
11.289285 -11.297102 13.761949
11.200265 -11.616229 13.887362
11.111244 -11.935355 14.012776
11.022223 -12.254482 14.138189
10.933203 -12.573609 14.263603
10.844182 -12.892736 14.389017
10.755161 -13.211863 14.514431
10.666141 -13.530990 14.639845
10.577120 -13.850117 14.765259
10.488099 -14.169244 14.890673
10.399079 -14.488371 15.016087
10.310059 -14.807497 15.141500
10.221038 -15.126624 15.266914
10.132017 -15.445751 15.392327
10.042996 -15.764878 15.517741
9.953976 -16.084005 15.643155
9.864955 -16.403131 15.768569
9.775934 -16.722260 15.893983
9.686914 -17.041386 16.019396
9.597894 -17.360512 16.144810
9.508873 -17.679640 16.270224
9.419852 -17.998766 16.395638
9.330832 -18.317892 16.521051
9.241811 -18.637020 16.646465
9.152790 -18.956146 16.771879
9.063769 -19.275274 16.897293
8.974750 -19.594400 17.022707
8.885729 -19.913527 17.148121
8.796708 -20.232655 17.273535
8.707687 -20.551781 17.398949
8.618667 -20.870909 17.524363
8.529646 -21.190035 17.649776
8.440625 -21.509161 17.775190
8.351604 -21.828289 17.900604
8.262585 -22.147415 18.026018
8.173564 -22.466543 18.151432
8.084543 -22.785669 18.276846
7.995522 -23.104795 18.402258
7.906502 -23.423923 18.527672
7.817481 -23.743050 18.653086
7.728461 -24.062176 18.778500
7.639440 -24.381304 18.903913
7.550419 -24.700430 19.029327
7.461399 -25.019558 19.154741
7.372378 -25.338684 19.280155
7.283358 -25.657810 19.405569
7.194337 -25.976938 19.530983
7.105316 -26.296064 19.656397
7.016295 -26.615192 19.781811
6.927275 -26.934319 19.907225
6.838254 -27.253445 20.032639
6.749234 -27.572573 20.158052
6.660213 -27.891699 20.283466
6.571193 -28.210827 20.408880
6.482172 -28.529953 20.534294
6.393151 -28.849079 20.659708
6.304131 -29.168207 20.785122
