#pt3d 300
10.851740 27.614555 -10.198893
10.540448 27.419065 -10.079098
10.229156 27.223576 -9.959303
9.917865 27.028086 -9.839507
9.606573 26.832596 -9.719712
9.295281 26.637106 -9.599917
8.983990 26.441616 -9.480123
8.672698 26.246126 -9.360327
8.361406 26.050636 -9.240532
8.050115 25.855146 -9.120737
7.738822 25.659657 -9.000942
7.427531 25.464167 -8.881146
7.116239 25.268677 -8.761352
6.804947 25.073187 -8.641557
6.493656 24.877697 -8.521762
6.182364 24.682207 -8.401967
5.871072 24.486717 -8.282171
5.559780 24.291227 -8.162376
5.248488 24.095737 -8.042582
4.937197 23.900248 -7.922786
4.625905 23.704758 -7.802991
4.314613 23.509268 -7.683196
4.003322 23.313778 -7.563401
3.692030 23.118288 -7.443606
3.380738 22.922798 -7.323811
3.069446 22.727308 -7.204016
2.758155 22.531818 -7.084221
2.446863 22.336329 -6.964426
2.135571 22.140839 -6.844631
1.824279 21.945349 -6.724835
1.512988 21.749859 -6.605041
1.201696 21.554369 -6.485245
0.890404 21.358879 -6.365450
0.584436 21.148338 -6.260840
0.284856 20.919737 -6.174454
-0.002372 20.671389 -6.102989
-0.286105 20.417673 -6.035363
-0.553160 20.144772 -5.974730
-0.817351 19.869295 -5.913875
-1.065876 19.579725 -5.851796
-1.310240 19.287172 -5.788066
-1.539176 18.983562 -5.718213
-1.763528 18.677372 -5.645638
-1.972622 18.362593 -5.564011
-2.177275 18.045908 -5.479214
-2.367759 17.723139 -5.384313
-2.554159 17.399069 -5.286206
-2.729304 17.071415 -5.179266
-2.901019 16.742886 -5.069647
-3.066386 16.412741 -4.955070
-3.230760 16.081911 -4.841048
-3.394280 15.750493 -4.727503
-3.565199 15.418175 -4.628598
-3.745140 15.086082 -4.549577
-3.940179 14.756225 -4.508225
-4.156617 14.438182 -4.542037
-4.381565 14.157590 -4.683941
-4.589742 13.926064 -4.911981
-4.775479 13.724738 -5.183364
-4.944194 13.536457 -5.475331
-5.098353 13.355013 -5.779933
-5.233222 13.167986 -6.090178
-5.361319 12.976217 -6.400273
-5.474314 12.770916 -6.707767
-5.577637 12.554295 -7.010434
-5.670598 12.325545 -7.307926
-5.748583 12.079839 -7.595585
-5.819951 11.826640 -7.878899
-5.870461 11.554126 -8.148228
-5.915965 11.277660 -8.414434
-5.939690 10.986782 -8.668002
-5.955299 10.692573 -8.917967
-5.954265 10.391530 -9.160541
-5.939642 10.087829 -9.398981
-5.914120 9.781994 -9.634106
-5.870416 9.475112 -9.864937
-5.821506 9.167931 -10.094539
-5.751960 8.860332 -10.318160
-5.679436 8.552428 -10.540324
-5.592214 8.242818 -10.754809
-5.501702 7.931575 -10.965352
-5.402506 7.616021 -11.165489
-5.301280 7.296533 -11.357870
-5.196476 6.970110 -11.536571
-5.092361 6.637110 -11.702265
-4.989173 6.295264 -11.850465
-4.890621 5.944652 -11.978129
-4.796794 5.585106 -12.084867
-4.713352 5.216099 -12.159076
-4.636806 4.840809 -12.211688
-4.579478 4.459670 -12.211864
-4.529144 4.077224 -12.193210
-4.509060 3.703201 -12.097431
-4.504858 3.344320 -11.963174
-4.521949 3.005738 -11.777325
-4.575618 2.733874 -11.509654
-4.650368 2.523356 -11.201245
-4.745492 2.382553 -10.856705
-4.861261 2.353400 -10.488986
-4.983133 2.403230 -10.129409
-5.107368 2.500819 -9.778010
-5.229427 2.671628 -9.453363
-5.347050 2.868484 -9.143884
-5.459395 3.096332 -8.852449
-5.562159 3.346859 -8.577394
-5.659550 3.610098 -8.311519
-5.742078 3.887455 -8.055485
-5.819477 4.169683 -7.802846
-5.875697 4.456156 -7.549578
-5.927481 4.743518 -7.296179
-5.949804 5.021736 -7.028779
-5.965590 5.295544 -6.756877
-5.951943 5.545950 -6.462632
-5.924654 5.776806 -6.155373
-5.878463 5.980571 -5.830080
-5.813929 6.137040 -5.483901
-5.742066 6.270250 -5.128910
-5.659338 6.340026 -4.757753
-5.576405 6.377179 -4.383698
-5.493222 6.375000 -4.006145
-5.416210 6.320121 -3.632422
-5.341711 6.245996 -3.260662
-5.279209 6.110801 -2.903891
-5.221001 5.957057 -2.555325
-5.172246 5.762486 -2.224818
-5.130239 5.538160 -1.914437
-5.093521 5.290519 -1.619826
-5.063524 5.007696 -1.359140
-5.035299 4.715466 -1.107668
-5.011300 4.390115 -0.900205
-4.987474 4.060207 -0.700940
-4.964354 3.711860 -0.534839
-4.940875 3.358541 -0.380659
-4.916722 2.995914 -0.248796
-4.891890 2.629476 -0.128813
-4.866271 2.258631 -0.022572
-4.840044 1.885332 0.074130
-4.813326 1.510050 0.163118
-4.786129 1.133360 0.245632
-4.758648 0.755836 0.324311
-4.730318 0.377641 0.399341
-4.701626 -0.000840 0.472817
-4.670782 -0.379449 0.544731
-4.639344 -0.758093 0.616214
-4.603140 -1.136345 0.687497
-4.566296 -1.514544 0.758753
-4.520761 -1.891706 0.830483
-4.473668 -2.268640 0.902290
-4.416146 -2.644047 0.974615
-4.354764 -3.018759 1.047077
-4.282990 -3.391606 1.119906
-4.204940 -3.763059 1.192996
-4.118119 -4.132567 1.266450
-4.023376 -4.499919 1.340561
-3.922337 -4.865557 1.415193
-3.812858 -5.228368 1.491443
-3.699443 -5.589860 1.568447
-3.577900 -5.947967 1.648651
-3.454138 -6.305150 1.729728
-3.322343 -6.658141 1.816211
-3.189292 -7.010477 1.903541
-3.046973 -7.357052 1.998858
-2.903881 -7.703147 2.094841
-2.748475 -8.040759 2.201269
-2.592354 -8.377861 2.308254
-2.419056 -8.702259 2.427432
-2.243687 -9.024988 2.547743
-2.046795 -9.330363 2.679838
-1.844187 -9.630508 2.814210
-1.617313 -9.908450 2.958245
-1.378718 -10.173608 3.105309
-1.117210 -10.413772 3.258295
-0.837031 -10.628281 3.413404
-0.540302 -10.820050 3.570395
-0.220788 -10.969841 3.725914
0.106279 -11.105717 3.880946
0.454134 -11.185472 4.029323
0.804530 -11.254489 4.175935
1.164271 -11.280369 4.315167
1.525210 -11.291647 4.451684
1.888462 -11.274721 4.582954
2.251122 -11.243288 4.712224
2.613098 -11.195069 4.839180
2.973185 -11.136055 4.966575
3.331784 -11.068539 5.094317
3.687712 -10.995770 5.226456
4.042215 -10.920197 5.360941
4.393346 -10.846467 5.504848
4.743440 -10.773305 5.651651
5.088574 -10.709823 5.813789
5.432536 -10.648785 5.979250
5.770239 -10.601336 6.161390
6.105309 -10.558584 6.349112
6.434667 -10.526027 6.548944
6.759490 -10.499091 6.756637
7.080399 -10.477005 6.971111
7.395916 -10.458041 7.193651
7.709606 -10.440136 7.418923
8.018195 -10.421373 7.651055
8.326070 -10.402332 7.884114
8.630440 -10.381091 8.121554
8.934187 -10.359935 8.359789
9.235740 -10.339077 8.600830
9.536551 -10.320792 8.842968
9.835883 -10.307649 9.087298
10.134026 -10.302670 9.333200
10.430676 -10.307931 9.581072
10.724740 -10.330752 9.830540
11.016839 -10.366911 10.081219
11.302568 -10.434034 10.332085
11.585813 -10.513234 10.583022
11.854970 -10.638524 10.830128
12.120284 -10.774030 11.075930
12.363758 -10.958029 11.313277
12.598200 -11.155916 11.546996
12.809933 -11.388718 11.771590
13.004502 -11.639665 11.990334
13.178494 -11.912368 12.202063
13.327399 -12.202654 12.407917
13.459406 -12.504782 12.609814
13.558904 -12.820435 12.808426
13.645741 -13.141354 13.005757
13.692235 -13.469437 13.204111
13.730911 -13.798907 13.402662
13.720806 -14.126665 13.607276
13.702773 -14.452897 13.813214
13.640529 -14.768953 14.026999
13.563450 -15.078996 14.243364
13.453190 -15.375585 14.465508
13.321404 -15.660476 14.689905
13.168813 -15.934060 14.916481
12.991368 -16.192850 15.141590
12.803923 -16.445684 15.366108
12.591672 -16.686527 15.581364
12.374893 -16.926018 15.793605
12.140773 -17.163647 15.989027
11.903024 -17.404503 16.175301
11.657320 -17.652443 16.341509
11.410784 -17.911371 16.486837
11.163463 -18.180651 16.612499
10.924204 -18.469700 16.701529
10.688308 -18.766993 16.775282
10.474639 -19.087349 16.798611
10.264980 -19.411863 16.812847
10.055321 -19.736378 16.827082
9.845661 -20.060892 16.841318
9.636002 -20.385408 16.855555
9.426342 -20.709923 16.869789
9.216683 -21.034437 16.884026
9.007024 -21.358953 16.898262
8.797364 -21.683468 16.912497
8.587705 -22.007982 16.926733
8.378046 -22.332499 16.940969
8.168386 -22.657013 16.955204
7.958727 -22.981527 16.969440
7.749067 -23.306044 16.983677
7.539408 -23.630558 16.997911
7.329749 -23.955072 17.012148
7.120090 -24.279589 17.026384
6.910430 -24.604103 17.040619
6.700770 -24.928617 17.054855
6.491111 -25.253134 17.069092
6.281452 -25.577648 17.083326
6.071793 -25.902163 17.097563
5.862133 -26.226679 17.111799
5.652474 -26.551193 17.126034
5.442814 -26.875708 17.140270
5.233155 -27.200224 17.154507
5.023496 -27.524738 17.168741
4.813836 -27.849253 17.182978
4.604177 -28.173769 17.197214
4.394517 -28.498283 17.211449
4.184858 -28.822798 17.225685
3.975199 -29.147312 17.239922
3.765539 -29.471828 17.254156
3.555880 -29.796343 17.268393
3.346220 -30.120857 17.282627
3.136561 -30.445374 17.296864
2.926902 -30.769888 17.311100
2.717242 -31.094402 17.325335
2.507583 -31.418919 17.339571
2.297924 -31.743433 17.353807
2.088264 -32.067947 17.368042
1.878605 -32.392464 17.382278
1.668946 -32.716980 17.396515
1.459286 -33.041492 17.410749
1.249627 -33.366009 17.424986
1.039967 -33.690521 17.439222
0.830308 -34.015038 17.453457
0.620649 -34.339554 17.467693
0.410989 -34.664066 17.481930
0.201330 -34.988583 17.496164
-0.008329 -35.313099 17.510401
-0.217989 -35.637611 17.524637
-0.427648 -35.962128 17.538872
-0.637308 -36.286644 17.553108
-0.846967 -36.611156 17.567345
-1.056626 -36.935673 17.581579
-1.266286 -37.260189 17.595816
-1.475945 -37.584702 17.610052
