#pt3d 300
-1.142475 27.840570 1.182119
-1.262209 27.584124 1.054520
-1.381943 27.327677 0.926921
-1.501676 27.071230 0.799322
-1.621410 26.814783 0.671723
-1.741143 26.558336 0.544124
-1.860877 26.301891 0.416525
-1.980610 26.045444 0.288926
-2.100344 25.788998 0.161327
-2.220077 25.532551 0.033728
-2.339811 25.276104 -0.093871
-2.459544 25.019657 -0.221470
-2.579278 24.763212 -0.349069
-2.699011 24.506765 -0.476668
-2.818745 24.250319 -0.604267
-2.938478 23.993872 -0.731865
-3.058212 23.737425 -0.859464
-3.177945 23.480978 -0.987063
-3.297679 23.224533 -1.114662
-3.417413 22.968086 -1.242261
-3.537146 22.711639 -1.369860
-3.656879 22.455193 -1.497459
-3.776613 22.198746 -1.625058
-3.896347 21.942299 -1.752657
-4.016080 21.685854 -1.880256
-4.135814 21.429407 -2.007855
-4.255547 21.172960 -2.135454
-4.375280 20.916513 -2.263053
-4.495014 20.660067 -2.390652
-4.614748 20.403620 -2.518251
-4.734481 20.147173 -2.645850
-4.854215 19.890728 -2.773449
-4.973948 19.634281 -2.901048
-5.093682 19.377834 -3.028647
-5.213415 19.121387 -3.156246
-5.333149 18.864941 -3.283845
-5.452882 18.608494 -3.411444
-5.572616 18.352049 -3.539043
-5.692349 18.095602 -3.666642
-5.812083 17.839155 -3.794241
-5.931817 17.582708 -3.921840
-6.086436 17.341442 -4.037334
-6.261983 17.109459 -4.145529
-6.478006 16.906250 -4.237304
-6.705379 16.714754 -4.324676
-6.947845 16.538836 -4.406194
-7.202672 16.380762 -4.485993
-7.461280 16.229490 -4.567058
-7.724329 16.088812 -4.653063
-7.986400 15.952794 -4.748659
-8.247336 15.819412 -4.850969
-8.500137 15.687517 -4.973762
-8.744530 15.554446 -5.110487
-8.980943 15.420258 -5.260437
-9.193986 15.281934 -5.438851
-9.392962 15.141561 -5.630359
-9.575716 14.998842 -5.836793
-9.727912 14.853297 -6.064664
-9.864916 14.707145 -6.301113
-9.981107 14.560366 -6.548778
-10.070629 14.414866 -6.807629
-10.146731 14.270726 -7.071469
-10.197999 14.130234 -7.343527
-10.228975 13.995083 -7.620812
-10.246611 13.863636 -7.901408
-10.233071 13.744115 -8.187613
-10.203338 13.632439 -8.475145
-10.156090 13.529245 -8.764112
-10.077662 13.443310 -9.051766
-9.984835 13.365618 -9.337088
-9.872278 13.299303 -9.618718
-9.737254 13.244963 -9.892646
-9.592165 13.195247 -10.162351
-9.429721 13.152173 -10.423385
-9.257479 13.109568 -10.677949
-9.078357 13.067289 -10.927970
-8.888857 13.018236 -11.168891
-8.697033 12.965428 -11.407089
-8.499951 12.900235 -11.637938
-8.301908 12.824318 -11.864307
-8.102768 12.736220 -12.085588
-7.905343 12.626598 -12.298173
-7.708642 12.508652 -12.507355
-7.518541 12.356985 -12.700336
-7.332068 12.193142 -12.885573
-7.153007 12.004413 -13.054987
-6.984498 11.790234 -13.201732
-6.822742 11.561156 -13.333768
-6.678654 11.302101 -13.426026
-6.547920 11.029049 -13.486777
-6.429615 10.744401 -13.518032
-6.335547 10.449845 -13.490274
-6.258829 10.159565 -13.419628
-6.196973 9.876366 -13.312169
-6.155596 9.612586 -13.153768
-6.129412 9.375697 -12.957076
-6.112246 9.158589 -12.737277
-6.106606 8.974791 -12.487140
-6.107086 8.820563 -12.218812
-6.110797 8.683533 -11.940498
-6.118143 8.583694 -11.646626
-6.125418 8.498635 -11.348644
-6.132603 8.432513 -11.045398
-6.137264 8.386111 -10.738646
-6.140475 8.347153 -10.430710
-6.139143 8.320659 -10.121389
-6.134319 8.295455 -9.812016
-6.126465 8.271371 -9.502596
-6.111931 8.236638 -9.194438
-6.094334 8.190104 -8.888243
-6.073464 8.129655 -8.584551
-6.048840 8.038415 -8.288829
-6.023339 7.924020 -8.001904
-5.997628 7.789796 -7.723557
-5.972654 7.632396 -7.457129
-5.949404 7.456429 -7.202651
-5.927167 7.271473 -6.954448
-5.906321 7.076044 -6.714125
-5.886136 6.874307 -6.479066
-5.866124 6.669798 -6.246354
-5.845564 6.461481 -6.017087
-5.824043 6.252395 -5.788614
-5.801344 6.042365 -5.561118
-5.776126 5.831868 -5.334324
-5.749866 5.621173 -5.107831
-5.720104 5.409756 -4.882443
-5.689056 5.197627 -4.657910
-5.655900 4.984332 -4.434777
-5.621185 4.768542 -4.214312
-5.585770 4.551552 -3.995125
-5.549744 4.329084 -3.781602
-5.514072 4.104006 -3.570834
-5.479061 3.874088 -3.365178
-5.445515 3.637969 -3.166521
-5.412706 3.398706 -2.971457
-5.382011 3.149816 -2.788444
-5.351664 2.896933 -2.611147
-5.321872 2.637697 -2.442945
-5.290780 2.371115 -2.287143
-5.258738 2.101126 -2.137388
-5.221622 1.823060 -2.004407
-5.180105 1.541988 -1.879778
-5.132984 1.257089 -1.765785
-5.074313 0.969077 -1.666295
-5.009809 0.680225 -1.572969
-4.929739 0.391160 -1.492891
-4.838593 0.104082 -1.418635
-4.737275 -0.181169 -1.349725
-4.615582 -0.459281 -1.285143
-4.485056 -0.733143 -1.220270
-4.338208 -0.998369 -1.153390
-4.176713 -1.252529 -1.079045
-4.006544 -1.499430 -0.999300
-3.820213 -1.728579 -0.903625
-3.626299 -1.944887 -0.795523
-3.426250 -2.150803 -0.677366
-3.217510 -2.332036 -0.536080
-3.006725 -2.502937 -0.386072
-2.793282 -2.660344 -0.224679
-2.577461 -2.800626 -0.051350
-2.360429 -2.934260 0.125764
-2.140763 -3.056045 0.308241
-1.917727 -3.171838 0.490439
-1.692303 -3.283385 0.672438
-1.458743 -3.389193 0.847439
-1.221500 -3.493521 1.018169
-0.976069 -3.595057 1.178906
-0.722869 -3.694297 1.328255
-0.464956 -3.792144 1.470696
-0.195021 -3.884278 1.593248
0.078956 -3.972876 1.708741
0.359929 -4.055204 1.811980
0.647366 -4.126821 1.904367
0.937941 -4.192062 1.991752
1.234035 -4.240208 2.071709
1.531896 -4.275445 2.150907
1.831285 -4.299518 2.229448
2.130206 -4.297735 2.313094
2.427278 -4.284222 2.401095
2.721564 -4.254482 2.495401
3.009221 -4.205110 2.600708
3.293129 -4.147342 2.711758
3.570215 -4.076942 2.832794
3.841766 -4.000343 2.962055
4.110293 -3.920664 3.095920
4.373668 -3.840031 3.239147
4.636129 -3.762330 3.385548
4.897381 -3.688512 3.536150
5.159163 -3.625366 3.690524
5.421399 -3.567827 3.846276
5.685424 -3.526212 4.004202
5.950462 -3.495897 4.162612
6.216478 -3.476494 4.321489
6.482985 -3.477985 4.480518
6.749145 -3.488309 4.639665
7.013964 -3.517101 4.799115
7.276028 -3.560144 4.959472
7.536303 -3.612453 5.120418
7.789342 -3.686387 5.284352
8.038637 -3.768017 5.450024
8.281333 -3.862913 5.618772
8.514810 -3.971305 5.792022
8.743268 -4.086485 5.967726
8.958866 -4.216007 6.149724
9.166850 -4.352170 6.335374
9.366965 -4.495192 6.524796
9.553562 -4.647846 6.720280
9.734594 -4.804164 6.918051
9.904369 -4.967542 7.120205
10.066111 -5.136033 7.324581
10.222487 -5.307937 7.530439
10.367456 -5.488607 7.737115
10.508503 -5.673143 7.942982
10.642044 -5.865331 8.146975
10.768522 -6.066823 8.346249
10.891020 -6.273644 8.542656
11.002831 -6.496208 8.727983
11.108806 -6.726900 8.906148
11.207451 -6.967798 9.075322
11.292592 -7.224309 9.227678
11.370307 -7.487955 9.371269
11.434269 -7.763573 9.499043
11.483385 -8.048088 9.612123
11.523493 -8.337496 9.716668
11.542433 -8.634859 9.803841
11.549376 -8.934554 9.883202
11.543851 -9.236674 9.954446
11.517068 -9.539852 10.014956
11.481605 -9.842806 10.071782
11.427763 -10.144455 10.121694
11.373922 -10.446105 10.171605
11.320081 -10.747754 10.221517
11.266239 -11.049404 10.271428
11.212399 -11.351053 10.321340
11.158557 -11.652702 10.371251
11.104715 -11.954352 10.421162
11.050875 -12.256001 10.471073
10.997033 -12.557652 10.520985
10.943192 -12.859301 10.570896
10.889351 -13.160950 10.620808
10.835509 -13.462600 10.670719
10.781668 -13.764249 10.720631
10.727827 -14.065899 10.770542
10.673985 -14.367548 10.820454
10.620144 -14.669197 10.870365
10.566303 -14.970847 10.920277
10.512462 -15.272496 10.970187
10.458621 -15.574146 11.020099
10.404779 -15.875795 11.070010
10.350938 -16.177444 11.119922
10.297097 -16.479094 11.169833
10.243256 -16.780745 11.219745
10.189414 -17.082394 11.269656
10.135573 -17.384043 11.319568
10.081732 -17.685692 11.369479
10.027890 -17.987341 11.419391
9.974050 -18.288992 11.469301
9.920208 -18.590641 11.519213
9.866366 -18.892290 11.569124
9.812526 -19.193939 11.619036
9.758684 -19.495588 11.668947
9.704843 -19.797239 11.718859
9.651002 -20.098888 11.768770
9.597160 -20.400537 11.818682
9.543320 -20.702187 11.868593
9.489478 -21.003836 11.918505
9.435637 -21.305487 11.968415
9.381796 -21.607136 12.018327
9.327954 -21.908785 12.068238
9.274113 -22.210434 12.118150
9.220272 -22.512083 12.168061
9.166430 -22.813734 12.217973
9.112589 -23.115383 12.267884
9.058748 -23.417032 12.317796
9.004907 -23.718681 12.367707
8.951065 -24.020330 12.417619
8.897224 -24.321981 12.467530
8.843383 -24.623631 12.517441
8.789541 -24.925280 12.567352
8.735701 -25.226929 12.617264
8.681859 -25.528578 12.667175
8.628017 -25.830229 12.717087
8.574177 -26.131878 12.766998
8.520335 -26.433527 12.816910
8.466495 -26.735176 12.866821
8.412653 -27.036825 12.916733
8.358811 -27.338476 12.966644
8.304971 -27.640125 13.016555
8.251129 -27.941774 13.066466
8.197288 -28.243423 13.116378
8.143447 -28.545073 13.166289
8.089605 -28.846724 13.216201
8.035764 -29.148373 13.266112
7.981923 -29.450022 13.316024
7.928082 -29.751671 13.365935
7.874240 -30.053320 13.415847
7.820399 -30.354971 13.465758
7.766558 -30.656620 13.515669
7.712717 -30.958269 13.565580
7.658875 -31.259918 13.615492
