#pt3d 300
1.265928 30.690138 -10.702355
1.051583 30.412327 -10.586933
0.837238 30.134516 -10.471511
0.622893 29.856705 -10.356089
0.408548 29.578896 -10.240666
0.194203 29.301085 -10.125244
-0.020142 29.023273 -10.009822
-0.234487 28.745462 -9.894400
-0.448832 28.467653 -9.778977
-0.663177 28.189842 -9.663555
-0.877522 27.912031 -9.548133
-1.091867 27.634220 -9.432710
-1.306212 27.356411 -9.317287
-1.520557 27.078600 -9.201865
-1.734902 26.800789 -9.086443
-1.949247 26.522978 -8.971021
-2.163592 26.245169 -8.855598
-2.377937 25.967358 -8.740176
-2.592282 25.689547 -8.624754
-2.806627 25.411736 -8.509332
-3.020972 25.133926 -8.393909
-3.235317 24.856115 -8.278486
-3.449662 24.578304 -8.163064
-3.664007 24.300493 -8.047642
-3.878352 24.022684 -7.932220
-4.092698 23.744873 -7.816797
-4.307043 23.467062 -7.701375
-4.521388 23.189251 -7.585953
-4.735733 22.911442 -7.470531
-4.950078 22.633631 -7.355108
-5.164423 22.355820 -7.239686
-5.378768 22.078009 -7.124263
-5.593113 21.800200 -7.008841
-5.807458 21.522388 -6.893419
-6.021803 21.244577 -6.777996
-6.222835 20.964788 -6.645453
-6.418778 20.684242 -6.506367
-6.604068 20.401947 -6.356802
-6.786925 20.119251 -6.204843
-6.962699 19.834213 -6.048999
-7.136996 19.548689 -5.892344
-7.307489 19.259781 -5.737741
-7.477106 18.970093 -5.583612
-7.645684 18.675558 -5.437820
-7.814036 18.379969 -5.293842
-7.983896 18.077335 -5.167483
-8.154287 17.773024 -5.046217
-8.327979 17.460447 -4.953632
-8.503215 17.144163 -4.882107
-8.680417 16.823154 -4.837420
-8.857046 16.499559 -4.852624
-9.028877 16.180141 -4.911501
-9.193313 15.868021 -5.017560
-9.342774 15.572030 -5.180334
-9.475069 15.293196 -5.381937
-9.595997 15.024065 -5.603436
-9.703527 14.765089 -5.843879
-9.797713 14.510575 -6.094305
-9.886369 14.256949 -6.347750
-9.962011 14.000616 -6.602734
-10.032296 13.740839 -6.855609
-10.093705 13.475355 -7.104992
-10.146226 13.202952 -7.348641
-10.192169 12.925429 -7.588046
-10.224753 12.639132 -7.818917
-10.252627 12.349742 -8.046780
-10.261254 12.052269 -8.265451
-10.266246 11.753607 -8.482676
-10.246982 11.451047 -8.693700
-10.220887 11.149094 -8.904489
-10.172137 10.849150 -9.114493
-10.108988 10.553938 -9.326653
-10.027718 10.264681 -9.541526
-9.923595 9.988434 -9.762777
-9.808894 9.718211 -9.986982
-9.664903 9.471807 -10.221291
-9.514124 9.232020 -10.457908
-9.342515 9.013799 -10.701577
-9.163013 8.804667 -10.947091
-8.972299 8.608449 -11.195227
-8.773935 8.419548 -11.442888
-8.570322 8.235672 -11.690226
-8.360923 8.051744 -11.932604
-8.149486 7.867799 -12.173234
-7.935081 7.672203 -12.401659
-7.720375 7.473517 -12.627054
-7.507282 7.250562 -12.830345
-7.297071 7.016098 -13.021873
-7.093051 6.756906 -13.188128
-6.903242 6.468812 -13.315822
-6.727417 6.160360 -13.410332
-6.581226 5.822685 -13.442713
-6.483811 5.472501 -13.391562
-6.436809 5.134100 -13.266098
-6.443409 4.826829 -13.069911
-6.498713 4.564566 -12.816503
-6.605894 4.383419 -12.512952
-6.733750 4.256640 -12.193747
-6.875222 4.170039 -11.864634
-7.029520 4.155497 -11.529335
-7.183356 4.173474 -11.195902
-7.336634 4.230635 -10.864717
-7.480369 4.331317 -10.541021
-7.620040 4.450529 -10.220513
-7.739237 4.614205 -9.912192
-7.855334 4.784614 -9.605717
-7.941531 4.993141 -9.313362
-8.025323 5.203842 -9.021925
-8.076453 5.439079 -8.741757
-8.123634 5.675695 -8.462313
-8.139633 5.923203 -8.188582
-8.148903 6.170394 -7.914587
-8.131185 6.416308 -7.639529
-8.102557 6.656221 -7.360682
-8.053838 6.885078 -7.074858
-7.988433 7.091698 -6.776716
-7.912228 7.283594 -6.470506
-7.814666 7.414305 -6.139083
-7.710599 7.495539 -5.797207
-7.601512 7.516176 -5.447354
-7.493843 7.450495 -5.100168
-7.396969 7.303916 -4.777301
-7.308774 7.112834 -4.476410
-7.229391 6.882739 -4.198563
-7.160778 6.613800 -3.955534
-7.094927 6.334456 -3.723646
-7.034450 6.034070 -3.517355
-6.974802 5.726772 -3.321843
-6.916309 5.409839 -3.141352
-6.856893 5.087115 -2.972146
-6.796716 4.759615 -2.812248
-6.733994 4.427584 -2.663301
-6.669876 4.093066 -2.520362
-6.602184 3.754851 -2.388364
-6.533278 3.415380 -2.260083
-6.460498 3.072588 -2.143384
-6.387033 2.729198 -2.028821
-6.310378 2.382757 -1.926121
-6.233246 2.035672 -1.826109
-6.154578 1.686520 -1.734736
-6.075352 1.336362 -1.647951
-5.995490 0.985054 -1.566405
-5.914780 0.632731 -1.490335
-5.833733 0.280003 -1.416447
-5.750689 -0.073201 -1.347205
-5.666728 -0.426272 -1.278406
-5.579873 -0.778848 -1.210647
-5.490059 -1.130442 -1.141741
-5.397075 -1.480984 -1.071607
-5.297431 -1.828738 -0.997056
-5.195371 -2.175478 -0.920903
-5.081076 -2.516258 -0.835780
-4.962832 -2.854870 -0.747897
-4.832370 -3.186730 -0.651494
-4.692513 -3.512790 -0.549474
-4.542756 -3.832738 -0.441536
-4.376773 -4.141631 -0.326107
-4.205058 -4.446618 -0.208031
-4.010042 -4.734231 -0.082813
-3.809278 -5.017170 0.043329
-3.589709 -5.284739 0.172329
-3.359526 -5.542666 0.301481
-3.116232 -5.788682 0.430821
-2.858387 -6.019633 0.558843
-2.592848 -6.242619 0.686167
-2.310413 -6.445007 0.810991
-2.024566 -6.643164 0.935312
-1.721657 -6.815909 1.057171
-1.416260 -6.983929 1.178874
-1.099061 -7.129525 1.299836
-0.778295 -7.265945 1.421245
-0.450064 -7.383164 1.543590
-0.118262 -7.486657 1.667725
0.217600 -7.574535 1.793894
0.556020 -7.644048 1.923733
0.896062 -7.701909 2.055901
1.236709 -7.736782 2.193776
1.577549 -7.764331 2.333470
1.916250 -7.764675 2.480594
2.254422 -7.760478 2.628963
2.587907 -7.729387 2.784739
2.919880 -7.692450 2.942017
3.246484 -7.634737 3.104633
3.570163 -7.568118 3.269213
3.888986 -7.486717 3.437053
4.203728 -7.394569 3.606676
4.514863 -7.292924 3.777872
4.821463 -7.180199 3.950114
5.125968 -7.062350 4.122838
5.426356 -6.934304 4.295442
5.725932 -6.804245 4.468021
6.022703 -6.665980 4.639057
6.319340 -6.526953 4.809701
6.615383 -6.383862 4.978012
6.911765 -6.240300 5.145311
7.208992 -6.095569 5.310096
7.507329 -5.951231 5.473194
7.807107 -5.807404 5.634101
8.108824 -5.665356 5.792929
8.411955 -5.524608 5.950239
8.717686 -5.387386 6.105592
9.024472 -5.251597 6.260149
9.334191 -5.121606 6.413813
9.644501 -4.992785 6.567298
9.957778 -4.872931 6.721996
10.271347 -4.754182 6.876949
10.587335 -4.647899 7.036012
10.903543 -4.544157 7.196163
11.221081 -4.455680 7.362856
11.538598 -4.373384 7.532331
11.856056 -4.308976 7.709861
12.172335 -4.257119 7.892729
12.486834 -4.224201 8.083652
12.796902 -4.214349 8.283041
13.103776 -4.221128 8.488534
13.398916 -4.266619 8.705016
13.689089 -4.326253 8.924968
13.958426 -4.434081 9.153607
14.213486 -4.566162 9.383610
14.449800 -4.730090 9.615403
14.651601 -4.938074 9.842788
14.834665 -5.166646 10.066047
14.977324 -5.433882 10.277419
15.086303 -5.724607 10.474509
15.173769 -6.030319 10.662469
15.206973 -6.362034 10.821551
15.223086 -6.698723 10.969995
15.207803 -7.044549 11.098897
15.167157 -7.393697 11.210055
15.112581 -7.744669 11.311469
15.032466 -8.095590 11.393506
14.947895 -8.446426 11.472142
14.843828 -8.795157 11.535403
14.737886 -9.143534 11.597223
14.621069 -9.489858 11.650686
14.502614 -9.835764 11.703118
14.378645 -10.180263 11.752079
14.253650 -10.524418 11.800816
14.126264 -10.867773 11.849032
13.998460 -11.210900 11.897754
13.869971 -11.553655 11.947304
13.741483 -11.896408 11.996854
13.612995 -12.239162 12.046403
13.484507 -12.581917 12.095953
13.356018 -12.924671 12.145503
13.227530 -13.267425 12.195053
13.099041 -13.610179 12.244602
12.970552 -13.952933 12.294152
12.842064 -14.295687 12.343702
12.713575 -14.638441 12.393251
12.585087 -14.981195 12.442801
12.456598 -15.323949 12.492352
12.328110 -15.666703 12.541902
12.199621 -16.009457 12.591451
12.071133 -16.352211 12.641001
11.942644 -16.694965 12.690551
11.814156 -17.037720 12.740101
11.685667 -17.380474 12.789650
11.557178 -17.723228 12.839200
11.428690 -18.065981 12.888750
11.300201 -18.408735 12.938299
11.171713 -18.751490 12.987849
11.043224 -19.094244 13.037399
10.914736 -19.436998 13.086949
10.786247 -19.779753 13.136498
10.657759 -20.122505 13.186049
10.529270 -20.465260 13.235599
10.400782 -20.808014 13.285149
10.272293 -21.150768 13.334698
10.143806 -21.493523 13.384248
10.015317 -21.836277 13.433798
9.886828 -22.179031 13.483348
9.758340 -22.521784 13.532897
9.629851 -22.864538 13.582447
9.501363 -23.207293 13.631997
9.372874 -23.550047 13.681546
9.244386 -23.892801 13.731096
9.115897 -24.235556 13.780646
8.987409 -24.578308 13.830196
8.858920 -24.921062 13.879745
8.730432 -25.263817 13.929296
8.601943 -25.606571 13.978846
8.473454 -25.949326 14.028396
8.344966 -26.292080 14.077945
8.216477 -26.634834 14.127495
8.087989 -26.977587 14.177045
7.959500 -27.320341 14.226594
7.831012 -27.663095 14.276144
7.702523 -28.005850 14.325694
7.574035 -28.348604 14.375244
7.445547 -28.691359 14.424793
7.317058 -29.034111 14.474343
7.188570 -29.376865 14.523893
7.060081 -29.719620 14.573443
6.931592 -30.062374 14.622993
6.803104 -30.405128 14.672543
6.674615 -30.747883 14.722093
6.546127 -31.090635 14.771643
6.417638 -31.433390 14.821192
6.289150 -31.776144 14.870742
