#pt3d 300
2.471449 32.572582 -5.233484
2.226765 32.229504 -5.284521
1.982080 31.886425 -5.335558
1.737396 31.543346 -5.386595
1.492712 31.200268 -5.437632
1.248028 30.857189 -5.488669
1.003344 30.514109 -5.539706
0.758660 30.171030 -5.590743
0.513975 29.827951 -5.641780
0.269291 29.484873 -5.692817
0.024607 29.141794 -5.743854
-0.220077 28.798714 -5.794890
-0.464761 28.455635 -5.845927
-0.709445 28.112556 -5.896965
-0.954130 27.769478 -5.948001
-1.198814 27.426399 -5.999038
-1.443498 27.083319 -6.050075
-1.688182 26.740240 -6.101112
-1.932866 26.397161 -6.152149
-2.177550 26.054083 -6.203186
-2.422235 25.711004 -6.254223
-2.666919 25.367924 -6.305260
-2.911603 25.024845 -6.356297
-3.156287 24.681767 -6.407334
-3.400971 24.338688 -6.458371
-3.645655 23.995609 -6.509408
-3.890340 23.652529 -6.560445
-4.135024 23.309450 -6.611482
-4.379708 22.966372 -6.662519
-4.624392 22.623293 -6.713555
-4.869076 22.280214 -6.764592
-5.111447 21.934935 -6.785488
-5.349337 21.585392 -6.747982
-5.583942 21.237238 -6.694439
-5.805639 20.894550 -6.577847
-6.023011 20.554777 -6.448315
-6.224759 20.225540 -6.272022
-6.420489 19.900263 -6.083220
-6.604189 19.582897 -5.869416
-6.780972 19.267639 -5.647075
-6.952089 18.954105 -5.417741
-7.118297 18.632778 -5.195740
-7.284353 18.301313 -4.990224
-7.451290 17.953318 -4.815240
-7.620559 17.576998 -4.715694
-7.782432 17.186218 -4.729048
-7.923235 16.807568 -4.850492
-8.038661 16.451300 -5.045609
-8.132792 16.112669 -5.282133
-8.206803 15.788540 -5.546029
-8.256599 15.472468 -5.824670
-8.296309 15.157860 -6.106610
-8.313145 14.843288 -6.391109
-8.316914 14.526559 -6.673268
-8.303843 14.207050 -6.952412
-8.272160 13.884058 -7.225511
-8.227866 13.558707 -7.494514
-8.161288 13.230778 -7.755227
-8.085476 12.901779 -8.012503
-7.985650 12.573144 -8.261580
-7.879411 12.244605 -8.508470
-7.749111 11.920656 -8.749613
-7.614726 11.597487 -8.989780
-7.457426 11.283620 -9.228237
-7.297865 10.970671 -9.466526
-7.117309 10.671394 -9.707322
-6.935803 10.372737 -9.948232
-6.735686 10.090809 -10.194488
-6.535346 9.809090 -10.440810
-6.319019 9.544549 -10.692602
-6.102693 9.280007 -10.944393
-5.872674 9.030065 -11.198935
-5.642415 8.780377 -11.453524
-5.400531 8.539948 -11.706200
-5.157677 8.300291 -11.958717
-4.905193 8.063383 -12.204222
-4.650661 7.827060 -12.448236
-4.388706 7.587651 -12.680959
-4.123585 7.346928 -12.908865
-3.853479 7.099035 -13.122320
-3.579744 6.845923 -13.325253
-3.303656 6.582787 -13.510412
-3.025175 6.309459 -13.677499
-2.747800 6.022814 -13.819894
-2.471549 5.722652 -13.937224
-2.204420 5.403553 -14.012362
-1.942836 5.072944 -14.061852
-1.712978 4.718647 -14.031244
-1.507970 4.359225 -13.956656
-1.345759 3.994766 -13.811620
-1.264609 3.654080 -13.576139
-1.242410 3.345771 -13.293773
-1.275845 3.071711 -12.971783
-1.398248 2.875793 -12.615676
-1.552998 2.716977 -12.257648
-1.745395 2.601344 -11.897383
-1.976807 2.543718 -11.548246
-2.219193 2.502408 -11.202240
-2.493803 2.528237 -10.879766
-2.770671 2.561522 -10.560465
-3.063214 2.653302 -10.266912
-3.356067 2.755253 -9.978198
-3.650546 2.910567 -9.714877
-3.942029 3.078902 -9.457891
-4.222029 3.297119 -9.225170
-4.493913 3.530786 -9.000218
-4.742356 3.809068 -8.797701
-4.976334 4.103526 -8.604028
-5.178235 4.433855 -8.429966
-5.360802 4.777725 -8.264342
-5.507372 5.146808 -8.114432
-5.634399 5.524152 -7.970388
-5.724923 5.916927 -7.837302
-5.800458 6.312836 -7.706303
-5.840368 6.716197 -7.580263
-5.871482 7.119668 -7.453304
-5.868668 7.523572 -7.322797
-5.861493 7.926493 -7.190108
-5.823367 8.322433 -7.041932
-5.781729 8.716205 -6.889801
-5.713804 9.093745 -6.708067
-5.638852 9.461536 -6.512249
-5.544514 9.802424 -6.277570
-5.435381 10.097665 -5.997353
-5.314139 10.336946 -5.674365
-5.180977 10.474035 -5.295349
-5.050447 10.440502 -4.893783
-4.931821 10.291987 -4.520407
-4.822530 10.070337 -4.179607
-4.722224 9.789206 -3.877810
-4.627087 9.465450 -3.622451
-4.533375 9.129636 -3.380404
-4.439733 8.761274 -3.191407
-4.345703 8.390740 -3.007680
-4.248279 8.001208 -2.870013
-4.150240 7.609762 -2.739742
-4.048378 7.206384 -2.655549
-3.946261 6.801630 -2.582035
-3.842999 6.390707 -2.556381
-3.741319 5.979648 -2.548189
-3.643771 5.568232 -2.585595
-3.553076 5.159777 -2.649671
-3.471420 4.755229 -2.748923
-3.406151 4.357961 -2.880404
-3.350641 3.965031 -3.031077
-3.322884 3.581244 -3.209378
-3.301601 3.199426 -3.393509
-3.315601 2.822825 -3.588841
-3.336391 2.445811 -3.782225
-3.385505 2.067072 -3.967489
-3.445049 1.685570 -4.142605
-3.524726 1.298734 -4.298130
-3.615164 0.906942 -4.431580
-3.717413 0.509709 -4.540802
-3.826581 0.107286 -4.614668
-3.940241 -0.298507 -4.665584
-4.052388 -0.706875 -4.668793
-4.163989 -1.116175 -4.654757
-4.261240 -1.522410 -4.583030
-4.356039 -1.928080 -4.501884
-4.420092 -2.321835 -4.356857
-4.476824 -2.711957 -4.202084
-4.496916 -3.083895 -3.998524
-4.498539 -3.444686 -3.778111
-4.465084 -3.784307 -3.525688
-4.400969 -4.101818 -3.254232
-4.310050 -4.399999 -2.966135
-4.179994 -4.664991 -2.662990
-4.034258 -4.916687 -2.353816
-3.847790 -5.128481 -2.037530
-3.654967 -5.334048 -1.720136
-3.425970 -5.499178 -1.403303
-3.195124 -5.662127 -1.086630
-2.937316 -5.790905 -0.774975
-2.678687 -5.918493 -0.463590
-2.401116 -6.018610 -0.158451
-2.123192 -6.118124 0.146532
-1.832045 -6.195096 0.445675
-1.540898 -6.272070 0.744819
-1.240710 -6.330148 1.039252
-0.940497 -6.388175 1.333673
-0.634442 -6.430586 1.624707
-0.328208 -6.472518 1.915638
-0.017815 -6.500429 2.203814
0.292765 -6.527707 2.491866
0.607173 -6.540910 2.776724
0.921718 -6.553605 3.061466
1.240922 -6.550896 3.341251
1.560498 -6.547169 3.620563
1.885713 -6.527990 3.892676
2.212019 -6.506289 4.163181
2.544637 -6.470004 4.424383
2.879320 -6.429680 4.682148
3.220209 -6.377213 4.929574
3.564044 -6.320199 5.171651
3.913173 -6.255007 5.404109
4.265725 -6.186544 5.630217
4.622310 -6.114226 5.848838
4.982245 -6.042058 6.061868
5.344975 -5.970016 6.270231
5.710342 -5.903136 6.475621
6.077383 -5.839531 6.679126
6.445606 -5.786748 6.883437
6.814435 -5.739511 7.088160
7.182051 -5.708724 7.297829
7.549144 -5.685035 7.509632
7.911511 -5.682979 7.730212
8.272147 -5.688854 7.954010
8.623502 -5.720888 8.189439
8.972034 -5.760873 8.428404
9.305650 -5.830801 8.680755
9.635721 -5.907845 8.936285
9.944387 -6.017631 9.205660
10.249479 -6.132884 9.477347
10.526443 -6.282413 9.761787
10.800702 -6.435236 10.047453
11.040348 -6.622568 10.343395
11.277745 -6.811942 10.639839
11.477696 -7.032601 10.942340
11.674040 -7.255838 11.244987
11.834025 -7.505049 11.549087
11.988249 -7.757857 11.852744
12.108466 -8.031892 12.153794
12.221099 -8.310116 12.453407
12.302722 -8.605471 12.747145
12.375162 -8.905287 13.038180
12.419679 -9.218673 13.320998
12.453545 -9.536576 13.599593
12.462592 -9.865009 13.868346
12.459664 -10.197741 14.131224
12.435097 -10.538239 14.383485
12.397711 -10.882532 14.628253
12.342234 -11.232182 14.862445
12.273968 -11.584977 15.087770
12.191423 -11.941288 15.303195
12.097312 -12.300163 15.508908
11.992757 -12.661355 15.705852
11.878800 -13.024840 15.892732
11.757781 -13.390050 16.072050
11.630054 -13.757709 16.241138
11.498023 -14.126938 16.403667
11.361933 -14.499084 16.555622
11.223596 -14.872841 16.701727
11.083271 -15.250125 16.836163
10.942018 -15.629058 16.965139
10.800107 -16.012182 17.079916
10.657954 -16.396862 17.189425
10.515972 -16.786274 17.280447
10.374033 -17.176899 17.366728
10.232095 -17.567522 17.453009
10.090157 -17.958147 17.539288
9.948217 -18.348772 17.625568
9.806279 -18.739395 17.711849
9.664341 -19.130020 17.798130
9.522403 -19.520645 17.884411
9.380464 -19.911268 17.970692
9.238525 -20.301893 18.056973
9.096587 -20.692518 18.143253
8.954648 -21.083141 18.229534
8.812710 -21.473766 18.315815
8.670772 -21.864391 18.402096
8.528833 -22.255014 18.488377
8.386894 -22.645639 18.574657
8.244956 -23.036264 18.660938
8.103018 -23.426888 18.747219
7.961079 -23.817513 18.833500
7.819140 -24.208138 18.919781
7.677202 -24.598761 19.006062
7.535264 -24.989386 19.092342
7.393325 -25.380011 19.178623
7.251387 -25.770634 19.264904
7.109448 -26.161259 19.351185
6.967510 -26.551884 19.437466
6.825571 -26.942507 19.523746
6.683633 -27.333132 19.610027
6.541694 -27.723757 19.696308
6.399756 -28.114380 19.782589
6.257817 -28.505005 19.868870
6.115879 -28.895630 19.955151
5.973940 -29.286253 20.041431
5.832002 -29.676878 20.127712
5.690063 -30.067503 20.213993
5.548125 -30.458126 20.300274
5.406187 -30.848751 20.386555
5.264248 -31.239376 20.472836
5.122310 -31.629999 20.559116
4.980371 -32.020622 20.645397
4.838433 -32.411247 20.731678
4.696494 -32.801872 20.817959
4.554556 -33.192497 20.904240
4.412617 -33.583122 20.990520
4.270679 -33.973747 21.076801
4.128740 -34.364368 21.163082
3.986802 -34.754993 21.249363
3.844863 -35.145618 21.335644
3.702925 -35.536243 21.421925
3.560986 -35.926868 21.508205
3.419048 -36.317493 21.594484
3.277109 -36.708115 21.680765
3.135171 -37.098740 21.767046
