#pt3d 300
2.705432 32.715530 -10.228734
2.602262 32.416584 -10.064943
2.499092 32.117641 -9.901153
2.395923 31.818697 -9.737362
2.292753 31.519753 -9.573570
2.189583 31.220808 -9.409780
2.086414 30.921865 -9.245989
1.983244 30.622921 -9.082198
1.880074 30.323977 -8.918406
1.776905 30.025032 -8.754616
1.673735 29.726088 -8.590825
1.570565 29.427143 -8.427034
1.467396 29.128199 -8.263243
1.364226 28.829254 -8.099452
1.261056 28.530312 -7.935661
1.157886 28.231367 -7.771870
1.054717 27.932423 -7.608079
0.951547 27.633478 -7.444288
0.848377 27.334534 -7.280498
0.745208 27.035589 -7.116706
0.642038 26.736645 -6.952916
0.538868 26.437700 -6.789124
0.435699 26.138756 -6.625334
0.332529 25.839813 -6.461543
0.229359 25.540869 -6.297752
0.126190 25.241924 -6.133961
0.023020 24.942980 -5.970170
-0.080150 24.644035 -5.806379
-0.183319 24.345091 -5.642588
-0.286489 24.046146 -5.478797
-0.389659 23.747202 -5.315006
-0.492829 23.448259 -5.151215
-0.595998 23.149315 -4.987424
-0.699168 22.850370 -4.823633
-0.802338 22.551426 -4.659842
-0.905507 22.252481 -4.496051
-1.024770 21.956547 -4.339562
-1.171552 21.665760 -4.195560
-1.341065 21.382702 -4.063530
-1.527984 21.105564 -3.940670
-1.742468 20.842390 -3.834216
-1.965340 20.583969 -3.732884
-2.209760 20.340181 -3.645329
-2.460361 20.101648 -3.561611
-2.721018 19.871660 -3.484136
-2.987255 19.647425 -3.409116
-3.257299 19.427116 -3.335771
-3.530396 19.210968 -3.261425
-3.804521 18.996218 -3.186742
-4.078801 18.783417 -3.107244
-4.353109 18.570976 -3.026849
-4.625287 18.358831 -2.938840
-4.897212 18.146721 -2.849928
-5.165792 17.934172 -2.752360
-5.434123 17.721588 -2.654143
-5.699174 17.508484 -2.548441
-5.964028 17.295311 -2.442386
-6.227856 17.081770 -2.334521
-6.493065 16.867838 -2.231021
-6.760021 16.653425 -2.133170
-7.035441 16.437304 -2.067789
-7.317956 16.222582 -2.074788
-7.547485 16.052000 -2.272211
-7.672586 15.946837 -2.585268
-7.740051 15.867536 -2.925356
-7.781879 15.793056 -3.271105
-7.806289 15.708352 -3.616158
-7.826515 15.615556 -3.959242
-7.841394 15.511903 -4.299645
-7.851173 15.392829 -4.634962
-7.858712 15.266981 -4.968046
-7.858027 15.121461 -5.292977
-7.856044 14.972837 -5.616622
-7.839961 14.802832 -5.929138
-7.821587 14.630503 -6.240128
-7.784817 14.440525 -6.539119
-7.741672 14.246493 -6.834254
-7.678626 14.039803 -7.117350
-7.603114 13.827609 -7.392612
-7.510351 13.607797 -7.657029
-7.399377 13.382038 -7.908499
-7.277498 13.152719 -8.152214
-7.135066 12.917523 -8.378254
-6.987819 12.680854 -8.599849
-6.824865 12.438207 -8.803338
-6.659712 12.193424 -9.002243
-6.488647 11.942899 -9.188826
-6.317830 11.687005 -9.367955
-6.147283 11.425279 -9.538987
-5.982909 11.152645 -9.698256
-5.821140 10.875406 -9.852557
-5.675432 10.579159 -9.985994
-5.536913 10.276147 -10.110253
-5.415695 9.957245 -10.212463
-5.313212 9.625686 -10.288147
-5.222637 9.286496 -10.346637
-5.161173 8.935855 -10.357219
-5.112211 8.584666 -10.342841
-5.077713 8.232845 -10.299588
-5.060152 7.888654 -10.211933
-5.047867 7.549208 -10.106919
-5.044672 7.222475 -9.965237
-5.044113 6.907101 -9.801438
-5.045866 6.601693 -9.618239
-5.048458 6.317047 -9.404888
-5.051257 6.039629 -9.181925
-5.054299 5.787608 -8.930299
-5.058237 5.546125 -8.669215
-5.063709 5.322714 -8.391913
-5.073252 5.115661 -8.102713
-5.085093 4.917850 -7.806792
-5.106225 4.736977 -7.500801
-5.130463 4.559377 -7.193108
-5.164560 4.388948 -6.882253
-5.203475 4.217297 -6.572690
-5.248047 4.044209 -6.264643
-5.296505 3.860550 -5.963472
-5.345969 3.671639 -5.665736
-5.392337 3.460772 -5.382497
-5.433023 3.236970 -5.109183
-5.466163 2.995989 -4.849051
-5.481773 2.729924 -4.613599
-5.488219 2.452754 -4.390985
-5.473783 2.154102 -4.197497
-5.445514 1.844922 -4.024670
-5.406268 1.527390 -3.868235
-5.349282 1.199948 -3.740963
-5.287704 0.870330 -3.621439
-5.213345 0.535907 -3.524119
-5.135114 0.200803 -3.432847
-5.049901 -0.135529 -3.352482
-4.959911 -0.471493 -3.276090
-4.865789 -0.807138 -3.203134
-4.765540 -1.140694 -3.128894
-4.662722 -1.473373 -3.054116
-4.551643 -1.801251 -2.970601
-4.438681 -2.127838 -2.884641
-4.316871 -2.447078 -2.784206
-4.192526 -2.763377 -2.678248
-4.062317 -3.072873 -2.559516
-3.929230 -3.377234 -2.431506
-3.793643 -3.677134 -2.295436
-3.657244 -3.971624 -2.148916
-3.520602 -4.264496 -1.999268
-3.387524 -4.554651 -1.841348
-3.256002 -4.845150 -1.682789
-3.130188 -5.136951 -1.521973
-3.008200 -5.430781 -1.361988
-2.891490 -5.727409 -1.203149
-2.779784 -6.027619 -1.047567
-2.671125 -6.330008 -0.893967
-2.565607 -6.636190 -0.745825
-2.460668 -6.943239 -0.599039
-2.352446 -7.251881 -0.458086
-2.241083 -7.559803 -0.318130
-2.120398 -7.865590 -0.181132
-1.988861 -8.166930 -0.044777
-1.846434 -8.463808 0.090932
-1.681717 -8.748291 0.227266
-1.508291 -9.027568 0.363899
-1.305455 -9.285645 0.502077
-1.091685 -9.533751 0.640671
-0.859159 -9.764759 0.779977
-0.610637 -9.977839 0.919116
-0.353437 -10.181194 1.058164
-0.079374 -10.362290 1.195421
0.198079 -10.538702 1.332101
0.488101 -10.696601 1.465498
0.780922 -10.850134 1.597575
1.081334 -10.991834 1.726078
1.384986 -11.128308 1.852370
1.693187 -11.257443 1.975559
2.004569 -11.380936 2.096353
2.318521 -11.499869 2.215213
2.635088 -11.612529 2.333163
2.952797 -11.722445 2.450715
3.271792 -11.824544 2.571730
3.590930 -11.924842 2.693876
3.908650 -12.015419 2.826874
4.224786 -12.102709 2.965318
4.536820 -12.181488 3.117856
4.842809 -12.252545 3.284913
5.143830 -12.317257 3.463904
5.430634 -12.368735 3.668245
5.711444 -12.415117 3.881837
5.975149 -12.447930 4.118949
6.228565 -12.473157 4.367296
6.471077 -12.490346 4.627549
6.699483 -12.496718 4.900486
6.923309 -12.499503 5.177464
7.135237 -12.491693 5.463583
7.345382 -12.481526 5.750899
7.551247 -12.465710 6.041086
7.756907 -12.447983 6.331303
7.962382 -12.428535 6.621545
8.170643 -12.410196 6.909861
8.379814 -12.392220 7.197547
8.594489 -12.381454 7.481513
8.810443 -12.373847 7.764542
9.030508 -12.376722 8.044546
9.252215 -12.388841 8.322823
9.475732 -12.411138 8.599196
9.700002 -12.451613 8.872661
9.924531 -12.498811 9.145041
10.147823 -12.575011 9.411824
10.370275 -12.660527 9.676037
10.590651 -12.769098 9.933886
10.808810 -12.896990 10.184011
11.025319 -13.039286 10.428378
11.238023 -13.209083 10.657721
11.449470 -13.387068 10.882040
11.656717 -13.589314 11.089365
11.861987 -13.799785 11.289898
12.064033 -14.023664 11.479359
12.262754 -14.256347 11.661329
12.459322 -14.494738 11.838446
12.650730 -14.739538 12.012390
12.840893 -14.985833 12.185639
13.023549 -15.233639 12.364717
13.204166 -15.480595 12.546853
13.376842 -15.724243 12.740909
13.544085 -15.964051 12.943853
13.703632 -16.198421 13.159385
13.852583 -16.424755 13.390025
13.995481 -16.646500 13.629292
14.121289 -16.857183 13.887178
14.242427 -17.065344 14.149412
14.343719 -17.265602 14.425956
14.437595 -17.465645 14.705016
14.515284 -17.665226 14.989571
14.579257 -17.870333 15.273279
14.631542 -18.080151 15.556267
14.661653 -18.307570 15.828216
14.684052 -18.541481 16.095575
14.676296 -18.806652 16.333195
14.657680 -19.083599 16.553774
14.616467 -19.385046 16.738899
14.558267 -19.702183 16.884575
14.486627 -20.031734 16.999043
14.414986 -20.361286 17.113508
14.343346 -20.690836 17.227976
14.271706 -21.020388 17.342442
14.200065 -21.349939 17.456909
14.128425 -21.679491 17.571375
14.056785 -22.009043 17.685843
13.985145 -22.338594 17.800308
13.913504 -22.668146 17.914776
13.841864 -22.997696 18.029243
13.770224 -23.327248 18.143709
13.698583 -23.656799 18.258177
13.626943 -23.986351 18.372643
13.555303 -24.315903 18.487110
13.483662 -24.645454 18.601576
13.412022 -24.975006 18.716043
13.340382 -25.304556 18.830509
13.268742 -25.634108 18.944977
13.197101 -25.963659 19.059443
13.125461 -26.293211 19.173910
13.053821 -26.622763 19.288378
12.982180 -26.952314 19.402843
12.910540 -27.281866 19.517311
12.838900 -27.611416 19.631777
12.767259 -27.940968 19.746244
12.695619 -28.270519 19.860710
12.623979 -28.600071 19.975178
12.552338 -28.929623 20.089643
12.480698 -29.259174 20.204111
12.409058 -29.588726 20.318579
12.337418 -29.918276 20.433044
12.265777 -30.247828 20.547512
12.194137 -30.577379 20.661978
12.122497 -30.906931 20.776445
12.050856 -31.236483 20.890911
11.979216 -31.566034 21.005379
11.907576 -31.895586 21.119844
11.835935 -32.225136 21.234312
11.764295 -32.554688 21.348780
11.692655 -32.884239 21.463245
11.621014 -33.213791 21.577713
11.549374 -33.543343 21.692179
11.477734 -33.872894 21.806646
11.406094 -34.202446 21.921112
11.334453 -34.531998 22.035580
11.262813 -34.861549 22.150045
11.191173 -35.191101 22.264513
11.119532 -35.520653 22.378981
11.047892 -35.850201 22.493446
10.976252 -36.179752 22.607914
10.904611 -36.509304 22.722380
10.832971 -36.838856 22.836847
10.761331 -37.168407 22.951313
10.689690 -37.497959 23.065781
10.618050 -37.827511 23.180246
10.546410 -38.157063 23.294714
10.474770 -38.486614 23.409182
10.403129 -38.816166 23.523647
10.331489 -39.145718 23.638115
10.259849 -39.475269 23.752581
10.188208 -39.804821 23.867048
10.116568 -40.134373 23.981514
