#pt3d 300
-5.458562 28.475441 6.428781
-5.466040 28.234411 6.168202
-5.473517 27.993382 5.907623
-5.480994 27.752350 5.647044
-5.488472 27.511320 5.386464
-5.495949 27.270288 5.125885
-5.503426 27.029259 4.865306
-5.510903 26.788229 4.604727
-5.518381 26.547197 4.344148
-5.525858 26.306168 4.083569
-5.533335 26.065138 3.822989
-5.540812 25.824106 3.562410
-5.548290 25.583076 3.301831
-5.555768 25.342047 3.041252
-5.563245 25.101015 2.780673
-5.570722 24.859985 2.520094
-5.578199 24.618956 2.259515
-5.585677 24.377924 1.998936
-5.593154 24.136894 1.738357
-5.600631 23.895864 1.477777
-5.608109 23.654833 1.217198
-5.615586 23.413803 0.956619
-5.623063 23.172771 0.696040
-5.630540 22.931742 0.435461
-5.638018 22.690712 0.174882
-5.645495 22.449680 -0.085697
-5.652973 22.208651 -0.346276
-5.660450 21.967621 -0.606856
-5.667927 21.726589 -0.867435
-5.675405 21.485559 -1.128014
-5.682882 21.244530 -1.388593
-5.690359 21.003498 -1.649172
-5.697836 20.762468 -1.909751
-5.705314 20.521439 -2.170330
-5.712791 20.280407 -2.430909
-5.720268 20.039377 -2.691489
-5.763874 19.778067 -2.923616
-5.835880 19.500816 -3.133379
-5.955426 19.207048 -3.292475
-6.087411 18.911055 -3.435233
-6.239887 18.611835 -3.550440
-6.404320 18.312536 -3.646180
-6.574898 18.013195 -3.731918
-6.753543 17.714565 -3.802107
-6.933314 17.416035 -3.870013
-7.115456 17.117722 -3.932354
-7.297015 16.819302 -3.995838
-7.477095 16.520609 -4.062223
-7.654252 16.221817 -4.135264
-7.828212 15.922920 -4.215582
-7.994901 15.624993 -4.312403
-8.158615 15.327463 -4.415972
-8.307688 15.034554 -4.550223
-8.450374 14.744673 -4.696120
-8.579744 14.461152 -4.866214
-8.692808 14.187322 -5.060745
-8.796659 13.919061 -5.268560
-8.875226 13.667287 -5.506237
-8.941442 13.423509 -5.754838
-8.991519 13.190178 -6.017709
-9.018722 12.970274 -6.294677
-9.036365 12.755654 -6.576741
-9.028146 12.553704 -6.868634
-9.007683 12.356399 -7.162675
-8.970213 12.165547 -7.459702
-8.912440 11.980255 -7.756673
-8.845959 11.797348 -8.053621
-8.752520 11.619264 -8.346155
-8.652843 11.441826 -8.636869
-8.532278 11.266207 -8.920903
-8.402593 11.090379 -9.200489
-8.259512 10.914246 -9.473542
-8.106137 10.736108 -9.739397
-7.945314 10.556519 -10.000044
-7.775786 10.372098 -10.251502
-7.602893 10.185810 -10.499410
-7.425005 9.990912 -10.736860
-7.246134 9.794322 -10.972254
-7.067543 9.584175 -11.195808
-6.889432 9.371897 -11.417686
-6.717738 9.141777 -11.626536
-6.549608 8.905538 -11.830904
-6.392148 8.650978 -12.021847
-6.247059 8.380629 -12.199014
-6.112935 8.096281 -12.363970
-6.012222 7.780843 -12.491190
-5.938846 7.449305 -12.585958
-5.902723 7.101891 -12.635567
-5.919583 6.747658 -12.618592
-5.998157 6.416590 -12.521013
-6.116655 6.121609 -12.370175
-6.263628 5.862298 -12.181248
-6.434102 5.642243 -11.960867
-6.623292 5.468754 -11.716731
-6.819075 5.314795 -11.464705
-7.025850 5.198925 -11.200374
-7.237105 5.105125 -10.931891
-7.453001 5.034184 -10.659110
-7.672206 4.992606 -10.383677
-7.892954 4.964704 -10.107009
-8.113627 4.972823 -9.829446
-8.334287 4.987851 -9.551711
-8.548354 5.046132 -9.274541
-8.759774 5.112109 -8.997590
-8.958790 5.213645 -8.721663
-9.148314 5.330598 -8.446109
-9.322611 5.472278 -8.171153
-9.475539 5.634892 -7.896054
-9.615495 5.810214 -7.620868
-9.718488 6.006141 -7.343722
-9.809803 6.206432 -7.065660
-9.860968 6.415985 -6.783663
-9.892992 6.624361 -6.498985
-9.896165 6.830964 -6.210267
-9.869077 7.026726 -5.916284
-9.825714 7.216657 -5.619469
-9.743382 7.379702 -5.315436
-9.650516 7.533001 -5.009692
-9.524895 7.650601 -4.699140
-9.384377 7.744091 -4.388410
-9.225045 7.807134 -4.077456
-9.045075 7.820714 -3.773219
-8.856377 7.810150 -3.473716
-8.651136 7.736018 -3.193655
-8.441520 7.624803 -2.932801
-8.227682 7.477828 -2.690469
-8.015784 7.271426 -2.495566
-7.807408 7.044220 -2.323295
-7.606947 6.781346 -2.193814
-7.417261 6.497213 -2.103708
-7.233788 6.200822 -2.036304
-7.067664 5.887991 -2.020577
-6.905245 5.572719 -2.015150
-6.759894 5.251106 -2.053770
-6.618498 4.929433 -2.101338
-6.490489 4.607557 -2.179196
-6.367345 4.286569 -2.266459
-6.254567 3.967474 -2.373755
-6.147078 3.649567 -2.489081
-6.047191 3.333370 -2.615946
-5.952910 3.017555 -2.747773
-5.863310 2.702060 -2.883742
-5.779249 2.384064 -3.017355
-5.697246 2.064394 -3.148112
-5.618159 1.737823 -3.262787
-5.538202 1.404903 -3.354835
-5.456179 1.066355 -3.419082
-5.369401 0.722788 -3.441087
-5.273348 0.383574 -3.400995
-5.169257 0.055355 -3.318824
-5.057492 -0.261165 -3.205140
-4.938779 -0.566509 -3.068300
-4.808442 -0.857571 -2.912325
-4.672275 -1.144069 -2.753081
-4.528928 -1.425138 -2.590279
-4.375126 -1.701505 -2.429088
-4.217918 -1.976391 -2.268565
-4.047214 -2.246753 -2.114237
-3.873322 -2.515923 -1.961555
-3.688050 -2.780831 -1.814754
-3.497165 -3.042835 -1.670214
-3.296514 -3.299783 -1.529610
-3.087699 -3.550852 -1.390650
-2.870683 -3.796013 -1.253343
-2.642421 -4.030344 -1.115853
-2.407941 -4.258688 -0.978263
-2.158613 -4.468524 -0.837798
-1.905473 -4.673431 -0.696538
-1.635007 -4.850644 -0.549920
-1.360140 -5.018740 -0.401712
-1.073567 -5.162581 -0.249271
-0.779929 -5.286936 -0.094356
-0.480335 -5.394855 0.062646
-0.173212 -5.473819 0.221692
0.136052 -5.543586 0.381244
0.450295 -5.584348 0.541379
0.765362 -5.616225 0.701422
1.082044 -5.630713 0.861283
1.398904 -5.634079 1.021112
1.715902 -5.628791 1.180916
2.032086 -5.613197 1.341552
2.348019 -5.594415 1.502446
2.662100 -5.568191 1.665893
2.975758 -5.541158 1.830018
3.287205 -5.511323 1.997838
3.597758 -5.481534 2.167292
3.906301 -5.451849 2.340420
4.213340 -5.423263 2.516350
4.518849 -5.395793 2.695131
4.822378 -5.370373 2.877526
5.125034 -5.345855 3.061513
5.425610 -5.323716 3.249169
5.725786 -5.301991 3.437515
6.024649 -5.281452 3.628071
6.323361 -5.260791 3.818852
6.621770 -5.239888 4.010079
6.920506 -5.217795 4.200659
7.219514 -5.194706 4.390696
7.519633 -5.168889 4.578607
7.820139 -5.142121 4.765777
8.122654 -5.111462 4.949066
8.425523 -5.080213 5.131670
8.730830 -5.045584 5.309550
9.036651 -5.010661 5.486472
9.344723 -4.974444 5.659194
9.653560 -4.938752 5.830637
9.964363 -4.904415 5.998790
10.276011 -4.872550 6.165817
10.589170 -4.845095 6.330837
10.902942 -4.823570 6.495435
11.217481 -4.809455 6.659504
11.531616 -4.807429 6.824590
11.845438 -4.814797 6.990466
12.155542 -4.845702 7.159974
12.464169 -4.885372 7.330848
12.759972 -4.967647 7.509129
13.045456 -5.071271 7.690583
13.314923 -5.208030 7.876962
13.546134 -5.396735 8.067594
13.747029 -5.615458 8.258003
13.911828 -5.866717 8.447115
14.013287 -6.154958 8.627034
14.084399 -6.454683 8.800463
14.121045 -6.766516 8.966205
14.116305 -7.085615 9.120564
14.098741 -7.406346 9.271271
14.048235 -7.728364 9.412008
13.989310 -8.049796 9.550174
13.911701 -8.369929 9.682630
13.826017 -8.688766 9.812853
13.729466 -9.005856 9.940072
13.626799 -9.321468 10.066006
13.517975 -9.635594 10.190647
13.405401 -9.948436 10.315138
13.289834 -10.260251 10.439510
13.172943 -10.571209 10.564780
13.055250 -10.881648 10.690594
12.939059 -11.191941 10.818143
12.823468 -11.502176 10.946385
12.707877 -11.812410 11.074628
12.592286 -12.122645 11.202870
12.476695 -12.432880 11.331114
12.361104 -12.743114 11.459356
12.245513 -13.053349 11.587599
12.129922 -13.363585 11.715841
12.014331 -13.673819 11.844085
11.898740 -13.984054 11.972327
11.783149 -14.294289 12.100570
11.667558 -14.604523 12.228812
11.551967 -14.914758 12.357056
11.436376 -15.224993 12.485298
11.320785 -15.535227 12.613541
11.205194 -15.845462 12.741783
11.089602 -16.155697 12.870027
10.974011 -16.465931 12.998269
10.858420 -16.776165 13.126512
10.742829 -17.086401 13.254754
10.627238 -17.396635 13.382998
10.511647 -17.706869 13.511240
10.396056 -18.017105 13.639482
10.280465 -18.327339 13.767726
10.164875 -18.637573 13.895968
10.049284 -18.947809 14.024211
9.933693 -19.258043 14.152453
9.818102 -19.568277 14.280697
9.702511 -19.878513 14.408939
9.586920 -20.188747 14.537182
9.471329 -20.498981 14.665424
9.355738 -20.809217 14.793668
9.240147 -21.119452 14.921910
9.124556 -21.429686 15.050153
9.008965 -21.739922 15.178395
8.893373 -22.050156 15.306639
8.777782 -22.360390 15.434881
8.662191 -22.670626 15.563124
8.546600 -22.980860 15.691366
8.431009 -23.291094 15.819610
8.315418 -23.601330 15.947852
8.199827 -23.911564 16.076096
8.084236 -24.221798 16.204338
7.968645 -24.532034 16.332581
7.853055 -24.842268 16.460823
7.737463 -25.152502 16.589066
7.621872 -25.462738 16.717308
7.506281 -25.772972 16.845551
7.390690 -26.083206 16.973793
7.275099 -26.393442 17.102037
7.159508 -26.703676 17.230280
7.043917 -27.013910 17.358522
6.928326 -27.324146 17.486765
6.812735 -27.634380 17.615007
6.697144 -27.944614 17.743250
6.581553 -28.254850 17.871492
6.465962 -28.565084 17.999737
6.350371 -28.875319 18.127979
6.234780 -29.185555 18.256222
6.119189 -29.495789 18.384464
6.003598 -29.806023 18.512707
5.888007 -30.116259 18.640949
5.772416 -30.426493 18.769192
