#pt3d 300
4.773572 27.497629 -7.543519
4.521404 27.278223 -7.544392
4.269236 27.058817 -7.545266
4.017067 26.839411 -7.546139
3.764899 26.620003 -7.547013
3.512732 26.400597 -7.547886
3.260563 26.181190 -7.548760
3.008395 25.961784 -7.549633
2.756227 25.742378 -7.550507
2.504059 25.522972 -7.551380
2.251891 25.303564 -7.552254
1.999723 25.084158 -7.553127
1.747555 24.864752 -7.554001
1.495387 24.645346 -7.554874
1.243219 24.425940 -7.555748
0.991051 24.206533 -7.556621
0.738883 23.987127 -7.557495
0.486715 23.767719 -7.558368
0.234546 23.548313 -7.559242
-0.017622 23.328907 -7.560115
-0.269790 23.109501 -7.560988
-0.521958 22.890095 -7.561862
-0.774126 22.670689 -7.562736
-1.026294 22.451281 -7.563609
-1.278462 22.231874 -7.564483
-1.530630 22.012468 -7.565356
-1.782798 21.793062 -7.566229
-2.034966 21.573656 -7.567103
-2.287134 21.354250 -7.567976
-2.539302 21.134842 -7.568850
-2.791471 20.915436 -7.569724
-3.043638 20.696030 -7.570597
-3.295807 20.476624 -7.571470
-3.547975 20.257217 -7.572344
-3.800143 20.037811 -7.573217
-4.052311 19.818403 -7.574091
-4.304479 19.598997 -7.574965
-4.556647 19.379591 -7.575838
-4.805695 19.156891 -7.569779
-5.051468 18.930737 -7.556448
-5.292282 18.700090 -7.533795
-5.531341 18.467920 -7.508071
-5.765707 18.231903 -7.474950
-5.998065 17.994308 -7.439323
-6.227620 17.754511 -7.400198
-6.454380 17.512445 -7.358907
-6.679855 17.269337 -7.316620
-6.902276 17.023365 -7.274736
-7.124026 16.776585 -7.234142
-7.344125 16.527693 -7.197570
-7.563578 16.277411 -7.167710
-7.782528 16.026049 -7.143084
-8.000934 15.773118 -7.137757
-8.218801 15.520174 -7.145386
-8.435849 15.267383 -7.172136
-8.648978 15.018012 -7.235036
-8.856959 14.773033 -7.323806
-9.058413 14.533468 -7.440437
-9.244210 14.305242 -7.598932
-9.415514 14.084874 -7.781659
-9.574064 13.870098 -7.982262
-9.714030 13.660878 -8.202184
-9.836061 13.451800 -8.432334
-9.947033 13.241541 -8.667075
-10.037958 13.025867 -8.905709
-10.113847 12.803441 -9.142996
-10.179237 12.576300 -9.379342
-10.218434 12.336535 -9.608829
-10.247616 12.092772 -9.835154
-10.255683 11.840814 -10.054655
-10.243972 11.584512 -10.268233
-10.219584 11.325425 -10.478014
-10.164094 11.065682 -10.680683
-10.099067 10.807004 -10.881669
-10.005079 10.553608 -11.078356
-9.896445 10.305766 -11.273733
-9.768268 10.065336 -11.467362
-9.619423 9.836495 -11.659490
-9.459851 9.613668 -11.850838
-9.276460 9.407712 -12.039383
-9.087770 9.205630 -12.227067
-8.877607 9.020262 -12.409274
-8.661509 8.839108 -12.588344
-8.431511 8.667819 -12.760070
-8.191032 8.501433 -12.921453
-7.943147 8.338513 -13.075526
-7.678350 8.177214 -13.200349
-7.404560 8.013371 -13.296425
-7.121855 7.845538 -13.340425
-6.845469 7.677332 -13.284423
-6.627843 7.535714 -13.088150
-6.507036 7.448288 -12.795113
-6.458014 7.406499 -12.469474
-6.448904 7.392847 -12.136245
-6.469840 7.403052 -11.802798
-6.507095 7.428961 -11.471944
-6.551232 7.461606 -11.142246
-6.607857 7.509413 -10.816306
-6.665960 7.559572 -10.491023
-6.729088 7.617718 -10.167972
-6.792899 7.677538 -9.845369
-6.857970 7.740446 -9.523598
-6.922289 7.802514 -9.201514
-6.985725 7.863596 -8.879065
-7.046235 7.918642 -8.555019
-7.104792 7.969658 -8.229909
-7.156663 8.004375 -7.901647
-7.205691 8.031903 -7.572317
-7.243833 8.030622 -7.240244
-7.274045 8.007792 -6.908958
-7.296075 7.962720 -6.578486
-7.299740 7.867917 -6.258158
-7.293357 7.746341 -5.948286
-7.276670 7.597348 -5.649537
-7.242991 7.403919 -5.379096
-7.203118 7.194292 -5.122910
-7.156104 6.965984 -4.883341
-7.101558 6.717210 -4.667269
-7.044796 6.462131 -4.459112
-6.983635 6.193723 -4.269520
-6.921349 5.920793 -4.087155
-6.857522 5.641671 -3.914686
-6.793164 5.358140 -3.749917
-6.728480 5.071923 -3.589840
-6.664098 4.781880 -3.436732
-6.599794 4.490837 -3.285444
-6.536705 4.196434 -3.140279
-6.473931 3.901501 -2.996063
-6.412855 3.604085 -2.856270
-6.352633 3.305767 -2.718067
-6.294141 3.005619 -2.583091
-6.237411 2.703861 -2.451027
-6.182105 2.400800 -2.321318
-6.129734 2.095213 -2.196446
-6.078357 1.788774 -2.073241
-6.030527 1.479325 -1.956271
-5.983871 1.168831 -1.841682
-5.939396 0.856400 -1.731512
-5.896228 0.542464 -1.625217
-5.853812 0.227663 -1.521152
-5.811221 -0.088476 -1.421305
-5.767985 -0.404798 -1.322327
-5.722021 -0.721384 -1.225427
-5.672793 -1.037511 -1.128702
-5.619567 -1.353076 -1.032192
-5.558154 -1.666790 -0.934670
-5.493290 -1.979724 -0.836721
-5.412995 -2.288240 -0.736291
-5.327729 -2.595078 -0.635144
-5.226191 -2.896273 -0.531704
-5.113367 -3.192752 -0.427173
-4.987581 -3.483812 -0.321388
-4.841924 -3.764802 -0.214718
-4.688608 -4.041853 -0.107732
-4.507405 -4.301615 -0.000877
-4.317412 -4.554638 0.105613
-4.108050 -4.792811 0.211300
-3.882531 -5.015466 0.316082
-3.646885 -5.228395 0.420298
-3.390094 -5.415465 0.523727
-3.127249 -5.593537 0.627234
-2.850037 -5.748674 0.731228
-2.565445 -5.887784 0.836625
-2.274349 -6.012768 0.943258
-1.975653 -6.113543 1.053785
-1.674812 -6.206206 1.165843
-1.369584 -6.274784 1.283579
-1.063779 -6.334129 1.404163
-0.757053 -6.378767 1.529286
-0.450910 -6.410264 1.659307
-0.145083 -6.434595 1.791997
0.158733 -6.444061 1.930938
0.461950 -6.450024 2.071393
0.762871 -6.444798 2.216817
1.062910 -6.435798 2.363770
1.361478 -6.420497 2.513275
1.659019 -6.400439 2.664203
1.955900 -6.377327 2.816045
2.252030 -6.348954 2.968444
2.548007 -6.319169 3.120881
2.843820 -6.284626 3.272638
3.139715 -6.248590 3.423871
3.435775 -6.209558 3.574049
3.732054 -6.168166 3.723144
4.028488 -6.125096 3.871469
4.324963 -6.078848 4.018746
4.621386 -6.031634 4.165823
4.917287 -5.981183 4.312881
5.212671 -5.929449 4.460518
5.507148 -5.875471 4.609172
5.800085 -5.819304 4.760019
6.092093 -5.761817 4.912188
6.380968 -5.701423 5.069118
6.668821 -5.640281 5.227618
6.952791 -5.576823 5.392126
7.234807 -5.512810 5.559683
7.513641 -5.447889 5.732212
7.789207 -5.383483 5.910031
8.062772 -5.319392 6.091094
8.332055 -5.258784 6.279581
8.600224 -5.199500 6.470071
8.864359 -5.147868 6.668302
9.127262 -5.100702 6.869118
9.387600 -5.062834 7.075320
9.645846 -5.036443 7.285624
9.902548 -5.018534 7.498960
10.155427 -5.022892 7.717281
10.406651 -5.035834 7.937088
10.652019 -5.076435 8.160415
10.892656 -5.133859 8.384390
11.127722 -5.211097 8.609128
11.351142 -5.318860 8.832566
11.568892 -5.439753 9.055009
11.770289 -5.592948 9.273411
11.960767 -5.762835 9.488229
12.139594 -5.950534 9.699224
12.298217 -6.162690 9.902487
12.448934 -6.383636 10.102582
12.577388 -6.626319 10.293194
12.695197 -6.877515 10.478845
12.798624 -7.140210 10.657793
12.885757 -7.413779 10.828389
12.965940 -7.691987 10.995422
13.026602 -7.981428 11.151132
13.082971 -8.273102 11.304096
13.125745 -8.571668 11.448171
13.162596 -8.873015 11.587738
13.191826 -9.177941 11.721508
13.214173 -9.486035 11.849020
13.233088 -9.795709 11.973412
13.245031 -10.108663 12.090171
13.255383 -10.422379 12.205025
13.260497 -10.738649 12.313079
13.263786 -11.055828 12.418414
13.263998 -11.374540 12.519167
13.264211 -11.693253 12.619920
13.264422 -12.011966 12.720673
13.264634 -12.330678 12.821425
13.264847 -12.649390 12.922177
13.265059 -12.968102 13.022930
13.265270 -13.286815 13.123683
13.265482 -13.605527 13.224436
13.265695 -13.924239 13.325189
13.265906 -14.242951 13.425941
13.266118 -14.561664 13.526693
13.266331 -14.880376 13.627446
13.266542 -15.199088 13.728199
13.266754 -15.517800 13.828952
13.266967 -15.836514 13.929705
13.267179 -16.155226 14.030457
13.267390 -16.473938 14.131209
13.267603 -16.792650 14.231962
13.267815 -17.111362 14.332715
13.268026 -17.430075 14.433468
13.268238 -17.748787 14.534221
13.268451 -18.067499 14.634974
13.268662 -18.386211 14.735725
13.268874 -18.704924 14.836478
13.269087 -19.023636 14.937231
13.269299 -19.342348 15.037984
13.269510 -19.661060 15.138737
13.269723 -19.979773 15.239489
13.269935 -20.298485 15.340241
13.270146 -20.617197 15.440994
13.270359 -20.935909 15.541747
13.270571 -21.254623 15.642500
13.270782 -21.573336 15.743253
13.270994 -21.892048 15.844005
13.271207 -22.210760 15.944757
13.271419 -22.529472 16.045511
13.271630 -22.848185 16.146263
13.271843 -23.166897 16.247015
13.272055 -23.485609 16.347769
13.272266 -23.804321 16.448521
13.272479 -24.123034 16.549274
13.272691 -24.441746 16.650026
13.272902 -24.760458 16.750778
13.273114 -25.079170 16.851532
13.273327 -25.397882 16.952284
13.273539 -25.716595 17.053038
13.273750 -26.035307 17.153790
13.273963 -26.354019 17.254543
13.274175 -26.672731 17.355295
13.274386 -26.991444 17.456047
13.274599 -27.310156 17.556801
13.274811 -27.628868 17.657553
13.275023 -27.947580 17.758307
13.275235 -28.266293 17.859058
13.275447 -28.585005 17.959810
13.275659 -28.903719 18.060564
13.275870 -29.222431 18.161316
13.276083 -29.541143 18.262070
13.276295 -29.859856 18.362822
13.276506 -30.178568 18.463573
13.276719 -30.497280 18.564327
13.276931 -30.815992 18.665079
13.277143 -31.134705 18.765833
13.277355 -31.453417 18.866585
13.277567 -31.772129 18.967339
13.277779 -32.090839 19.068090
