#pt3d 300
-3.461161 30.697231 -12.050962
-3.501859 30.407715 -11.916329
-3.542557 30.118198 -11.781696
-3.583255 29.828680 -11.647063
-3.623953 29.539164 -11.512431
-3.664651 29.249645 -11.377798
-3.705349 28.960129 -11.243165
-3.746047 28.670610 -11.108533
-3.786745 28.381094 -10.973900
-3.827443 28.091576 -10.839267
-3.868141 27.802059 -10.704635
-3.908839 27.512541 -10.570002
-3.949538 27.223024 -10.435369
-3.990236 26.933506 -10.300735
-4.030933 26.643990 -10.166103
-4.071631 26.354471 -10.031470
-4.112329 26.064955 -9.896837
-4.153028 25.775436 -9.762205
-4.193726 25.485920 -9.627572
-4.234424 25.196402 -9.492939
-4.275122 24.906885 -9.358306
-4.315820 24.617367 -9.223674
-4.356518 24.327850 -9.089041
-4.397216 24.038332 -8.954408
-4.437914 23.748816 -8.819776
-4.478612 23.459297 -8.685143
-4.519310 23.169781 -8.550509
-4.560008 22.880264 -8.415877
-4.600706 22.590746 -8.281244
-4.641404 22.301229 -8.146611
-4.682102 22.011711 -8.011978
-4.722800 21.722195 -7.877346
-4.763498 21.432676 -7.742713
-4.804196 21.143160 -7.608080
-4.844894 20.853642 -7.473447
-4.885592 20.564125 -7.338815
-4.926291 20.274607 -7.204182
-4.966989 19.985090 -7.069549
-5.007687 19.695572 -6.934916
-5.048385 19.406055 -6.800283
-5.113102 19.108309 -6.700115
-5.187365 18.807295 -6.613641
-5.291562 18.506973 -6.566973
-5.404247 18.208117 -6.530842
-5.546567 17.919426 -6.528504
-5.702506 17.638952 -6.537941
-5.876901 17.369612 -6.563338
-6.074699 17.119143 -6.601079
-6.283529 16.878260 -6.643198
-6.516930 16.661469 -6.689337
-6.763863 16.460569 -6.732651
-7.022692 16.273640 -6.773481
-7.300947 16.114759 -6.802681
-7.585594 15.967200 -6.825860
-7.879723 15.837165 -6.839339
-8.180537 15.723286 -6.843382
-8.484138 15.616508 -6.843602
-8.791588 15.521340 -6.839074
-9.099722 15.428386 -6.836716
-9.408535 15.337628 -6.836512
-9.715838 15.242906 -6.849307
-10.021475 15.144783 -6.869741
-10.321965 15.036700 -6.910070
-10.614271 14.917602 -6.969870
-10.900819 14.790751 -7.043369
-11.164592 14.642639 -7.153029
-11.415383 14.485974 -7.277410
-11.645016 14.315670 -7.425288
-11.841737 14.131331 -7.599444
-12.019940 13.940647 -7.786480
-12.156304 13.739646 -7.997682
-12.260684 13.535840 -8.221906
-12.341236 13.329945 -8.455831
-12.365560 13.127263 -8.704499
-12.368135 12.928432 -8.956120
-12.335359 12.736191 -9.212190
-12.266413 12.554488 -9.467772
-12.181205 12.377716 -9.722634
-12.058741 12.214007 -9.971240
-11.923848 12.054314 -10.215397
-11.769908 11.900774 -10.452738
-11.599815 11.749567 -10.679979
-11.422313 11.599431 -10.902588
-11.228257 11.444973 -11.107683
-11.030736 11.287581 -11.306871
-10.824017 11.121163 -11.489012
-10.613541 10.946244 -11.657660
-10.399376 10.762979 -11.813062
-10.182635 10.565501 -11.944958
-9.965109 10.363574 -12.069462
-9.747499 10.144799 -12.161038
-9.530332 9.923170 -12.245270
-9.314771 9.691168 -12.302811
-9.100486 9.455679 -12.346677
-8.888141 9.214889 -12.369747
-8.678048 8.971718 -12.372312
-8.469655 8.726752 -12.359406
-8.265249 8.482607 -12.315485
-8.062491 8.239201 -12.259709
-7.867478 8.003767 -12.158995
-7.679632 7.778143 -12.030943
-7.500589 7.564628 -11.870333
-7.348877 7.390761 -11.645929
-7.226939 7.259683 -11.381890
-7.137277 7.174358 -11.087818
-7.077995 7.131571 -10.774878
-7.051811 7.133928 -10.454080
-7.040153 7.154239 -10.133474
-7.037152 7.184361 -9.813051
-7.042213 7.219320 -9.493122
-7.047785 7.246334 -9.172504
-7.053647 7.267020 -8.851379
-7.055414 7.256297 -8.529689
-7.054490 7.222097 -8.210536
-7.050797 7.163260 -7.894180
-7.044557 7.050951 -7.592600
-7.039848 6.911902 -7.303623
-7.036724 6.748960 -7.026188
-7.041161 6.550852 -6.772543
-7.050424 6.341918 -6.528407
-7.065142 6.120747 -6.295020
-7.087573 5.888967 -6.072945
-7.112225 5.654101 -5.854274
-7.140846 5.413589 -5.642289
-7.167922 5.171223 -5.432251
-7.193001 4.926460 -5.224731
-7.207006 4.678391 -5.020234
-7.214420 4.428682 -4.817464
-7.196270 4.174357 -4.621016
-7.157072 3.918189 -4.431336
-7.097965 3.660277 -4.248060
-6.992452 3.403983 -4.084556
-6.865915 3.151546 -3.932082
-6.716031 2.903548 -3.791960
-6.536746 2.666375 -3.669107
-6.348842 2.433626 -3.550776
-6.148184 2.208247 -3.438776
-5.943366 1.987531 -3.325127
-5.736563 1.769104 -3.210571
-5.535601 1.552934 -3.082169
-5.341216 1.336204 -2.945610
-5.158610 1.118472 -2.794448
-4.998483 0.898035 -2.623952
-4.852276 0.675964 -2.443261
-4.736976 0.450373 -2.244724
-4.643233 0.221709 -2.039327
-4.564455 -0.009224 -1.829464
-4.510175 -0.247346 -1.619811
-4.460335 -0.490356 -1.414906
-4.415754 -0.739160 -1.215628
-4.363739 -0.998730 -1.032694
-4.301540 -1.262778 -0.860361
-4.222043 -1.532652 -0.703993
-4.106810 -1.801701 -0.571242
-3.965300 -2.063897 -0.452946
-3.793672 -2.316070 -0.350209
-3.574404 -2.535736 -0.265632
-3.332690 -2.730402 -0.185876
-3.070977 -2.901206 -0.109782
-2.784583 -3.025319 -0.031189
-2.491697 -3.126296 0.052753
-2.192626 -3.205235 0.141792
-1.891111 -3.251631 0.243819
-1.589994 -3.289064 0.350530
-1.291086 -3.307767 0.468457
-0.994360 -3.320073 0.592245
-0.699865 -3.325843 0.722021
-0.407664 -3.329142 0.856914
-0.116339 -3.331498 0.993759
0.174601 -3.336862 1.131336
0.465967 -3.343395 1.267915
0.759632 -3.354904 1.399182
1.055507 -3.368193 1.524999
1.354556 -3.384035 1.642989
1.658218 -3.399092 1.748253
1.964001 -3.413786 1.847671
2.276018 -3.419248 1.926484
2.589370 -3.418920 1.999005
2.905473 -3.406190 2.058332
3.221747 -3.377091 2.108776
3.538074 -3.339159 2.154532
3.850425 -3.273421 2.195974
4.159874 -3.197813 2.239983
4.464406 -3.105484 2.288341
4.760929 -2.997636 2.350585
5.052950 -2.882919 2.421529
5.333786 -2.758431 2.517637
5.606663 -2.634604 2.633541
5.873008 -2.511321 2.765693
6.124326 -2.402370 2.934644
6.369365 -2.304826 3.117897
6.606421 -2.222039 3.319275
6.834545 -2.167633 3.539316
7.060088 -2.127140 3.764787
7.282507 -2.110877 3.996881
7.506345 -2.115332 4.227671
7.731000 -2.130488 4.457651
7.962948 -2.171003 4.677108
8.198256 -2.218018 4.891249
8.440390 -2.278237 5.094590
8.688710 -2.347298 5.287001
8.940909 -2.421902 5.472561
9.199777 -2.506021 5.644219
9.460024 -2.592629 5.812592
9.723526 -2.688058 5.970904
9.986557 -2.787464 6.127424
10.248685 -2.894510 6.280501
10.506531 -3.010594 6.434031
10.761313 -3.133142 6.587883
11.003715 -3.273304 6.746355
11.240355 -3.420589 6.906816
11.457783 -3.589457 7.073584
11.659508 -3.772736 7.243474
11.845807 -3.970173 7.416430
11.998893 -4.192588 7.590971
12.136640 -4.425034 7.764609
12.244628 -4.675728 7.935177
12.327420 -4.939033 8.099354
12.396185 -5.209357 8.259974
12.430359 -5.493762 8.406718
12.455301 -5.781245 8.548417
12.459975 -6.075434 8.678930
12.451010 -6.373304 8.799717
12.432486 -6.673754 8.913688
12.398909 -6.977482 9.014435
12.361398 -7.282011 9.111528
12.311992 -7.588588 9.196218
12.259503 -7.895569 9.277234
12.200867 -8.203360 9.350919
12.138594 -8.511458 9.420023
12.073695 -8.819778 9.485820
12.005542 -9.128168 9.547861
11.936756 -9.436570 9.609173
11.867970 -9.744972 9.670485
11.799185 -10.053375 9.731796
11.730400 -10.361777 9.793108
11.661614 -10.670180 9.854420
11.592829 -10.978582 9.915731
11.524043 -11.286984 9.977043
11.455258 -11.595387 10.038355
11.386473 -11.903790 10.099667
11.317687 -12.212193 10.160978
11.248901 -12.520595 10.222290
11.180117 -12.828997 10.283602
11.111331 -13.137400 10.344913
11.042545 -13.445802 10.406225
10.973760 -13.754204 10.467537
10.904975 -14.062607 10.528849
10.836189 -14.371009 10.590160
10.767404 -14.679412 10.651472
10.698618 -14.987814 10.712784
10.629833 -15.296216 10.774096
10.561048 -15.604619 10.835407
10.492262 -15.913021 10.896719
10.423476 -16.221424 10.958031
10.354692 -16.529825 11.019342
10.285906 -16.838228 11.080654
10.217120 -17.146631 11.141966
10.148335 -17.455032 11.203279
10.079550 -17.763435 11.264590
10.010764 -18.071838 11.325902
9.941978 -18.380241 11.387214
9.873193 -18.688643 11.448525
9.804408 -18.997046 11.509837
9.735622 -19.305449 11.571149
9.666837 -19.613850 11.632461
9.598051 -19.922253 11.693772
9.529266 -20.230656 11.755084
9.460481 -20.539057 11.816396
9.391695 -20.847460 11.877707
9.322909 -21.155863 11.939019
9.254125 -21.464264 12.000331
9.185339 -21.772667 12.061643
9.116553 -22.081070 12.122954
9.047768 -22.389473 12.184266
8.978983 -22.697874 12.245578
8.910197 -23.006277 12.306890
8.841412 -23.314680 12.368201
8.772626 -23.623081 12.429513
8.703841 -23.931484 12.490825
8.635056 -24.239887 12.552136
8.566270 -24.548288 12.613448
8.497484 -24.856691 12.674760
8.428699 -25.165094 12.736072
8.359914 -25.473495 12.797383
8.291128 -25.781898 12.858695
8.222342 -26.090302 12.920007
8.153558 -26.398705 12.981319
8.084772 -26.707106 13.042631
8.015986 -27.015509 13.103943
7.947201 -27.323912 13.165255
7.878416 -27.632313 13.226566
7.809630 -27.940716 13.287878
7.740845 -28.249119 13.349190
7.672060 -28.557520 13.410501
7.603274 -28.865923 13.471813
7.534489 -29.174326 13.533125
7.465703 -29.482727 13.594437
7.396918 -29.791130 13.655748
7.328133 -30.099533 13.717060
