#pt3d 300
3.327461 24.883083 -14.947243
3.169898 24.727097 -14.633898
3.012336 24.571112 -14.320554
2.854774 24.415127 -14.007209
2.697211 24.259142 -13.693864
2.539649 24.103155 -13.380519
2.382087 23.947170 -13.067174
2.224524 23.791185 -12.753830
2.066962 23.635199 -12.440485
1.909400 23.479214 -12.127140
1.751838 23.323229 -11.813795
1.594275 23.167244 -11.500450
1.436713 23.011257 -11.187106
1.279151 22.855272 -10.873761
1.121589 22.699287 -10.560416
0.964026 22.543303 -10.247071
0.806464 22.387316 -9.933726
0.648902 22.231331 -9.620382
0.491340 22.075346 -9.307037
0.333777 21.919359 -8.993692
0.176215 21.763374 -8.680347
0.018653 21.607389 -8.367003
-0.138909 21.451405 -8.053658
-0.296472 21.295418 -7.740314
-0.454034 21.139433 -7.426969
-0.611596 20.983448 -7.113624
-0.769159 20.827463 -6.800279
-0.926721 20.671476 -6.486935
-1.084283 20.515491 -6.173590
-1.241845 20.359507 -5.860245
-1.399408 20.203522 -5.546900
-1.556970 20.047535 -5.233555
-1.714532 19.891550 -4.920211
-1.872094 19.735565 -4.606866
-2.061234 19.554247 -4.327462
-2.257452 19.367249 -4.055667
-2.479433 19.157631 -3.823628
-2.704074 18.945675 -3.595694
-2.948063 18.713726 -3.411325
-3.193121 18.480343 -3.230612
-3.449280 18.231571 -3.089763
-3.706413 17.980362 -2.956260
-3.968282 17.717304 -2.858446
-4.230140 17.450665 -2.773318
-4.491971 17.175186 -2.719480
-4.751226 16.895073 -2.686221
-5.007290 16.609217 -2.678475
-5.255668 16.318548 -2.702613
-5.500000 16.025341 -2.743539
-5.728285 15.729589 -2.830349
-5.950382 15.434221 -2.931802
-6.155074 15.141178 -3.071692
-6.347276 14.852606 -3.234462
-6.528177 14.568080 -3.417933
-6.690913 14.293627 -3.630680
-6.848264 14.022468 -3.851951
-6.989489 13.763532 -4.097613
-7.127066 13.508311 -4.348884
-7.255902 13.261992 -4.613591
-7.381222 13.020623 -4.884308
-7.502184 12.785388 -5.162472
-7.620320 12.555552 -5.446209
-7.736164 12.330093 -5.734463
-7.849049 12.110430 -6.028240
-7.960205 11.894153 -6.325243
-8.066395 11.684547 -6.628700
-8.170563 11.477660 -6.934787
-8.264592 11.279191 -7.249519
-8.356416 11.082552 -7.566132
-8.427264 10.897348 -7.894794
-8.489617 10.715430 -8.226598
-8.527196 10.543030 -8.567492
-8.536435 10.378649 -8.913401
-8.524914 10.219966 -9.262540
-8.458016 10.072701 -9.610648
-8.360010 9.929362 -9.951580
-8.233234 9.789656 -10.285873
-8.055161 9.650413 -10.596078
-7.861438 9.507951 -10.894370
-7.646195 9.360982 -11.176173
-7.414671 9.202597 -11.437691
-7.177832 9.040425 -11.692535
-6.932534 8.857512 -11.924297
-6.687600 8.670014 -12.152420
-6.444304 8.461937 -12.364205
-6.204476 8.244498 -12.569780
-5.971777 8.007812 -12.762585
-5.747996 7.755695 -12.944937
-5.533584 7.487364 -13.116309
-5.337927 7.194564 -13.267257
-5.151774 6.890037 -13.407698
-4.999294 6.552614 -13.508881
-4.873114 6.198926 -13.576623
-4.780208 5.829505 -13.601396
-4.738774 5.450405 -13.557714
-4.763880 5.091702 -13.426991
-4.841856 4.774866 -13.231891
-4.962252 4.507029 -12.989922
-5.113697 4.284815 -12.717281
-5.296347 4.122723 -12.421126
-5.494774 3.998968 -12.118366
-5.702721 3.898756 -11.811860
-5.927087 3.848760 -11.504448
-6.155050 3.814356 -11.198381
-6.390195 3.811104 -10.895003
-6.627879 3.831415 -10.595058
-6.867641 3.871014 -10.297925
-7.106150 3.938485 -10.005388
-7.344147 4.017321 -9.714726
-7.575364 4.125192 -9.428262
-7.805216 4.238907 -9.142641
-8.021946 4.379784 -8.858997
-8.237497 4.522943 -8.575487
-8.433867 4.687957 -8.289916
-8.628239 4.854113 -8.003747
-8.800699 5.032772 -7.711035
-8.968473 5.212161 -7.416281
-9.112680 5.395217 -7.111262
-9.248013 5.576711 -6.801724
-9.359425 5.753990 -6.480007
-9.455250 5.924367 -6.150417
-9.528888 6.084918 -5.809619
-9.576802 6.228369 -5.457825
-9.607757 6.360546 -5.098780
-9.599534 6.458842 -4.728516
-9.577815 6.544150 -4.355640
-9.515107 6.585423 -3.979200
-9.432397 6.600083 -3.606455
-9.325674 6.582796 -3.238143
-9.190138 6.516592 -2.886492
-9.043881 6.430248 -2.543072
-8.874746 6.290551 -2.228079
-8.699501 6.127763 -1.929831
-8.515788 5.932965 -1.654794
-8.329067 5.705927 -1.409816
-8.140932 5.463743 -1.178959
-7.955883 5.186703 -0.989191
-7.771818 4.903482 -0.807416
-7.596032 4.591804 -0.668499
-7.422807 4.275342 -0.539152
-7.259256 3.940821 -0.445938
-7.100126 3.601306 -0.367064
-6.950322 3.251251 -0.318452
-6.806198 2.897550 -0.287364
-6.670117 2.538684 -0.281098
-6.540020 2.178332 -0.293610
-6.416156 1.816432 -0.325684
-6.297389 1.455227 -0.375559
-6.182777 1.094589 -0.439949
-6.071144 0.736154 -0.519020
-5.961495 0.379188 -0.607873
-5.851488 0.025017 -0.706592
-5.741282 -0.327621 -0.810725
-5.626058 -0.677526 -0.918487
-5.508707 -1.026272 -1.027787
-5.379716 -1.372225 -1.132561
-5.247644 -1.717437 -1.236135
-5.094270 -2.058218 -1.323505
-4.935003 -2.397366 -1.405520
-4.749649 -2.728643 -1.462457
-4.549327 -3.052426 -1.502638
-4.328648 -3.366019 -1.520031
-4.081304 -3.657775 -1.503060
-3.822090 -3.938174 -1.470069
-3.536726 -4.184523 -1.397808
-3.241840 -4.411427 -1.308478
-2.935441 -4.614819 -1.198505
-2.619557 -4.787368 -1.067124
-2.300352 -4.949120 -0.928247
-1.974876 -5.075583 -0.769033
-1.648899 -5.197041 -0.607152
-1.321024 -5.291781 -0.431468
-0.993340 -5.381047 -0.252956
-0.666307 -5.451576 -0.064761
-0.340155 -5.516404 0.126713
-0.016042 -5.568028 0.325782
0.306525 -5.614199 0.528471
0.626427 -5.650959 0.737405
0.944307 -5.682373 0.950121
1.259601 -5.706955 1.167670
1.572828 -5.725853 1.388647
1.884213 -5.739682 1.612679
2.194282 -5.746569 1.838780
2.503612 -5.749562 2.066042
2.813438 -5.743354 2.292508
3.123407 -5.734474 2.518743
3.436582 -5.712818 2.739604
3.750516 -5.688728 2.959091
4.069505 -5.650408 3.169140
4.390134 -5.607720 3.375577
4.715488 -5.552455 3.571620
5.043250 -5.490170 3.761084
5.374409 -5.417974 3.941259
5.708005 -5.337317 4.112804
6.043573 -5.249806 4.277358
6.381058 -5.154182 4.433010
6.719504 -5.054491 4.584200
7.059294 -4.949139 4.728278
7.399516 -4.841971 4.870076
7.740740 -4.733407 5.008350
8.082158 -4.624573 5.145939
8.424492 -4.520712 5.285080
8.766923 -4.417870 5.424707
9.109838 -4.328146 5.572020
9.452508 -4.243580 5.722480
9.794301 -4.177388 5.884154
10.133777 -4.126867 6.054915
10.470566 -4.094515 6.236212
10.798222 -4.095608 6.435092
11.120190 -4.113555 6.642310
11.424888 -4.172551 6.868188
11.713894 -4.258360 7.103988
11.990315 -4.365672 7.347744
12.234974 -4.514965 7.602828
12.466581 -4.678708 7.860308
12.675003 -4.867517 8.121562
12.860263 -5.077915 8.382835
13.034215 -5.298854 8.644119
13.175605 -5.546985 8.900483
13.308439 -5.801751 9.154399
13.415973 -6.075922 9.400587
13.508628 -6.360452 9.640090
13.583811 -6.657145 9.871743
13.637516 -6.966980 10.091000
13.680670 -7.283270 10.304167
13.696530 -7.613601 10.498520
13.706570 -7.946724 10.688749
13.687063 -8.291381 10.856599
13.660742 -8.637843 11.018902
13.611459 -8.990389 11.162518
13.551046 -9.344395 11.296869
13.473722 -9.700621 11.417143
13.382660 -10.056948 11.525873
13.280551 -10.413356 11.625318
13.163940 -10.768230 11.712813
13.041095 -11.122446 11.795171
12.905028 -11.473975 11.867261
12.766275 -11.824959 11.937263
12.617567 -12.173117 12.000556
12.468019 -12.521009 12.063376
12.313550 -12.867083 12.124329
12.159018 -13.213051 12.185704
12.004171 -13.558496 12.249202
11.849325 -13.903942 12.312698
11.694478 -14.249389 12.376196
11.539632 -14.594834 12.439692
11.384786 -14.940281 12.503190
11.229939 -15.285727 12.566687
11.075092 -15.631172 12.630184
10.920246 -15.976619 12.693681
10.765400 -16.322065 12.757178
10.610553 -16.667511 12.820675
10.455707 -17.012957 12.884172
10.300860 -17.358402 12.947669
10.146014 -17.703848 13.011167
9.991167 -18.049295 13.074663
9.836321 -18.394741 13.138161
9.681475 -18.740187 13.201658
9.526628 -19.085632 13.265155
9.371781 -19.431078 13.328652
9.216935 -19.776525 13.392149
9.062089 -20.121971 13.455647
8.907242 -20.467417 13.519143
8.752396 -20.812862 13.582641
8.597549 -21.158308 13.646137
8.442703 -21.503756 13.709635
8.287856 -21.849201 13.773131
8.133010 -22.194647 13.836629
7.978164 -22.540092 13.900126
7.823317 -22.885538 13.963623
7.668471 -23.230986 14.027120
7.513624 -23.576431 14.090617
7.358778 -23.921877 14.154114
7.203931 -24.267323 14.217611
7.049085 -24.612768 14.281108
6.894238 -24.958216 14.344605
6.739392 -25.303661 14.408102
6.584546 -25.649107 14.471600
6.429699 -25.994553 14.535096
6.274853 -26.339998 14.598594
6.120006 -26.685446 14.662090
5.965160 -27.030891 14.725588
5.810313 -27.376337 14.789084
5.655467 -27.721783 14.852582
5.500620 -28.067228 14.916079
5.345774 -28.412676 14.979576
5.190928 -28.758121 15.043073
5.036081 -29.103567 15.106570
4.881235 -29.449013 15.170067
4.726388 -29.794458 15.233564
4.571542 -30.139904 15.297061
4.416695 -30.485352 15.360559
4.261849 -30.830797 15.424055
4.107002 -31.176243 15.487553
3.952156 -31.521688 15.551049
3.797309 -31.867134 15.614547
3.642463 -32.212582 15.678043
3.487617 -32.558025 15.741541
3.332770 -32.903473 15.805037
3.177924 -33.248920 15.868535
