#pt3d 300
5.398521 25.379143 -2.718474
5.179802 25.106161 -2.760984
4.961084 24.833179 -2.803495
4.742366 24.560196 -2.846005
4.523647 24.287214 -2.888516
4.304929 24.014233 -2.931026
4.086211 23.741249 -2.973537
3.867492 23.468267 -3.016047
3.648774 23.195286 -3.058558
3.430055 22.922304 -3.101068
3.211337 22.649321 -3.143579
2.992619 22.376339 -3.186090
2.773900 22.103357 -3.228600
2.555182 21.830374 -3.271111
2.336463 21.557392 -3.313621
2.117745 21.284410 -3.356132
1.899027 21.011429 -3.398642
1.680308 20.738445 -3.441153
1.461590 20.465464 -3.483663
1.242872 20.192482 -3.526174
1.024153 19.919498 -3.568684
0.805435 19.646517 -3.611195
0.586716 19.373535 -3.653705
0.367998 19.100554 -3.696216
0.149280 18.827570 -3.738726
-0.069439 18.554588 -3.781237
-0.288157 18.281607 -3.823747
-0.506875 18.008623 -3.866258
-0.725594 17.735641 -3.908768
-0.944312 17.462660 -3.951279
-1.163031 17.189678 -3.993789
-1.381749 16.916695 -4.036300
-1.600467 16.643713 -4.078810
-1.819186 16.370731 -4.121321
-2.037904 16.097748 -4.163831
-2.256623 15.824766 -4.206342
-2.475341 15.551785 -4.248852
-2.700419 15.284155 -4.292148
-2.925852 15.016824 -4.335488
-3.157570 14.756402 -4.386954
-3.389810 14.496755 -4.439741
-3.627369 14.245529 -4.507679
-3.865862 13.997092 -4.581334
-4.107495 13.758031 -4.674220
-4.349349 13.526453 -4.782398
-4.591464 13.303631 -4.908474
-4.829277 13.096347 -5.064312
-5.064186 12.896502 -5.234044
-5.287053 12.716654 -5.439346
-5.499533 12.546956 -5.662225
-5.701146 12.387877 -5.903493
-5.880134 12.241205 -6.168824
-6.049823 12.097742 -6.441947
-6.195748 11.958979 -6.731109
-6.327295 11.818755 -7.025951
-6.443046 11.676928 -7.327034
-6.536375 11.527821 -7.632009
-6.621402 11.376018 -7.938425
-6.676582 11.210983 -8.244740
-6.725346 11.043061 -8.550394
-6.746858 10.862823 -8.852413
-6.757132 10.678454 -9.152039
-6.745424 10.486011 -9.446984
-6.716147 10.289592 -9.737499
-6.670142 10.089388 -10.023796
-6.600380 9.887670 -10.303650
-6.519339 9.685232 -10.580445
-6.409204 9.485361 -10.848595
-6.293370 9.285993 -11.115051
-6.145110 9.093304 -11.370071
-5.992777 8.901653 -11.623274
-5.814767 8.716722 -11.864680
-5.630714 8.533036 -12.102141
-5.428570 8.353081 -12.327791
-5.219464 8.172678 -12.546267
-4.999066 7.991552 -12.753105
-4.772202 7.805058 -12.947326
-4.539845 7.614003 -13.130825
-4.303705 7.407741 -13.290863
-4.066734 7.194212 -13.439857
-3.833186 6.954565 -13.550261
-3.607883 6.697480 -13.628626
-3.393330 6.422568 -13.669853
-3.203642 6.126708 -13.644367
-3.048332 5.828972 -13.543986
-2.928186 5.548124 -13.375677
-2.843746 5.300128 -13.145083
-2.791254 5.095326 -12.865044
-2.768958 4.945789 -12.546758
-2.771154 4.849870 -12.208698
-2.789047 4.786693 -11.863708
-2.820754 4.751793 -11.514507
-2.877291 4.754094 -11.166817
-2.946201 4.768637 -10.822118
-3.032291 4.799478 -10.481822
-3.142666 4.845157 -10.150706
-3.263253 4.896555 -9.823825
-3.411709 4.960494 -9.510716
-3.570414 5.028773 -9.204046
-3.745736 5.104089 -8.907814
-3.932787 5.185759 -8.620872
-4.127416 5.271532 -8.339933
-4.330002 5.365523 -8.067474
-4.534750 5.461748 -7.797321
-4.740050 5.567954 -7.531372
-4.944518 5.675761 -7.265442
-5.140956 5.792254 -6.997104
-5.331601 5.910744 -6.725673
-5.509424 6.033652 -6.447399
-5.669023 6.156123 -6.158560
-5.814543 6.277212 -5.861650
-5.922577 6.385057 -5.544062
-5.995046 6.467906 -5.210791
-6.026478 6.511897 -4.865217
-6.012986 6.499187 -4.515720
-5.962171 6.421882 -4.176492
-5.888170 6.279067 -3.862977
-5.810197 6.093196 -3.574883
-5.734344 5.883460 -3.302928
-5.662546 5.653715 -3.045583
-5.600893 5.403223 -2.805786
-5.543172 5.145937 -2.572328
-5.494430 4.874680 -2.352765
-5.449985 4.595685 -2.142586
-5.410089 4.308502 -1.942342
-5.373504 4.010319 -1.758629
-5.338245 3.707729 -1.581541
-5.302819 3.391622 -1.430116
-5.266571 3.072603 -1.285434
-5.226424 2.743925 -1.164922
-5.182852 2.412139 -1.055440
-5.134547 2.076058 -0.961207
-5.079363 1.738004 -0.879094
-5.020849 1.398996 -0.802848
-4.952164 1.060741 -0.731993
-4.880671 0.723334 -0.660020
-4.800653 0.389213 -0.581763
-4.716296 0.058703 -0.494149
-4.627024 -0.267717 -0.395941
-4.532441 -0.585280 -0.276800
-4.435949 -0.899362 -0.149664
-4.335150 -1.199275 0.005435
-4.233566 -1.494579 0.168112
-4.130237 -1.779627 0.347653
-4.025802 -2.058371 0.535965
-3.920448 -2.331875 0.731567
-3.812784 -2.600943 0.931963
-3.704325 -2.868484 1.134008
-3.590962 -3.135828 1.333602
-3.476623 -3.403378 1.532339
-3.354341 -3.674592 1.721164
-3.229653 -3.946833 1.906723
-3.095476 -4.223129 2.079412
-2.955806 -4.500544 2.245419
-2.806088 -4.780006 2.399204
-2.646269 -5.058619 2.543488
-2.477107 -5.336449 2.678984
-2.291405 -5.608216 2.804082
-2.098896 -5.877488 2.924900
-1.881576 -6.130814 3.037544
-1.657180 -6.378039 3.149192
-1.409666 -6.603406 3.259240
-1.149824 -6.812103 3.371485
-0.876005 -7.001900 3.486220
-0.586377 -7.159652 3.608717
-0.291210 -7.304766 3.734534
0.014974 -7.411141 3.872736
0.322484 -7.503847 4.016331
0.632357 -7.572177 4.169543
0.940705 -7.621731 4.331837
1.248040 -7.658810 4.500165
1.550451 -7.676544 4.679792
1.851633 -7.689448 4.862240
2.145631 -7.684920 5.056380
2.438647 -7.678319 5.251912
2.725480 -7.659433 5.455711
3.011147 -7.637975 5.660812
3.292973 -7.608044 5.870197
3.573964 -7.574613 6.080121
3.853499 -7.535086 6.290980
4.133355 -7.491185 6.500496
4.413524 -7.443046 6.708709
4.695858 -7.390020 6.912710
4.979273 -7.334557 7.114610
5.266943 -7.274892 7.309119
5.555584 -7.214409 7.501962
5.849924 -7.152928 7.685668
6.145559 -7.092494 7.867579
6.445634 -7.035653 8.043329
6.747706 -6.983735 8.217046
7.052459 -6.938426 8.388034
7.358850 -6.905128 8.558606
7.666191 -6.878800 8.728938
7.972828 -6.874403 8.902224
8.279004 -6.875951 9.076456
8.579961 -6.907372 9.257015
8.877831 -6.948476 9.439943
9.167607 -7.014958 9.629084
9.449190 -7.098874 9.822533
9.722134 -7.201172 10.020525
9.979978 -7.327047 10.224152
10.230930 -7.463682 10.430350
10.458876 -7.627989 10.642522
10.681910 -7.797791 10.855827
10.876328 -7.994636 11.074043
11.062997 -8.197316 11.292955
11.223734 -8.419533 11.514197
11.369244 -8.650876 11.735611
11.493172 -8.895159 11.957269
11.593565 -9.150643 12.177203
11.678718 -9.413382 12.396022
11.732778 -9.688011 12.609451
11.779086 -9.965579 12.821486
11.790943 -10.254239 13.023227
11.797002 -10.544716 13.222168
11.780677 -10.842212 13.410300
11.757119 -11.142751 13.592307
11.721968 -11.448170 13.764492
11.682438 -11.758054 13.927174
11.639250 -12.071670 14.081914
11.598320 -12.391373 14.224001
11.558394 -12.713784 14.360459
11.530171 -13.043284 14.481765
11.504262 -13.374185 14.600075
11.501506 -13.711466 14.701979
11.503813 -14.049208 14.801706
11.532338 -14.388947 14.890746
11.573797 -14.727361 14.977967
11.638794 -15.063364 15.061877
11.729150 -15.391658 15.150076
11.835136 -15.715199 15.240919
11.986042 -16.011713 15.356696
12.160739 -16.279905 15.496938
12.364073 -16.505016 15.671089
12.595311 -16.630714 15.905381
12.813068 -16.638891 16.175177
13.012548 -16.583683 16.454638
13.176235 -16.447872 16.735575
13.339923 -16.312061 17.016514
13.503610 -16.176250 17.297451
13.667296 -16.040440 17.578390
13.830983 -15.904629 17.859327
13.994671 -15.768818 18.140265
14.158358 -15.633007 18.421204
14.322044 -15.497197 18.702141
14.485732 -15.361386 18.983080
14.649419 -15.225575 19.264017
14.813106 -15.089765 19.544954
14.976792 -14.953954 19.825893
15.140480 -14.818143 20.106831
15.304167 -14.682332 20.387770
15.467854 -14.546521 20.668707
15.631540 -14.410711 20.949646
15.795228 -14.274900 21.230583
15.958915 -14.139090 21.511520
16.122602 -14.003279 21.792459
16.286289 -13.867468 22.073397
16.449976 -13.731657 22.354336
16.613663 -13.595846 22.635273
16.777349 -13.460036 22.916210
16.941036 -13.324225 23.197149
17.104723 -13.188415 23.478086
17.268412 -13.052604 23.759026
17.432098 -12.916793 24.039963
17.595785 -12.780982 24.320902
17.759472 -12.645171 24.601839
17.923159 -12.509360 24.882776
18.086845 -12.373550 25.163715
18.250532 -12.237740 25.444653
18.414221 -12.101929 25.725592
18.577908 -11.966118 26.006529
18.741594 -11.830307 26.287468
18.905281 -11.694496 26.568405
19.068968 -11.558685 26.849342
19.232655 -11.422874 27.130281
19.396341 -11.287065 27.411219
19.560030 -11.151254 27.692158
19.723717 -11.015443 27.973095
19.887403 -10.879632 28.254032
20.051090 -10.743821 28.534971
20.214777 -10.608010 28.815908
20.378464 -10.472199 29.096848
20.542150 -10.336389 29.377785
20.705837 -10.200579 29.658724
20.869526 -10.064768 29.939661
21.033213 -9.928957 30.220598
21.196899 -9.793146 30.501537
21.360586 -9.657335 30.782475
21.524273 -9.521524 31.063414
21.687960 -9.385714 31.344351
21.851646 -9.249903 31.625288
22.015335 -9.114093 31.906227
22.179022 -8.978282 32.187164
22.342709 -8.842471 32.468102
22.506395 -8.706660 32.749043
22.670082 -8.570849 33.029980
22.833769 -8.435039 33.310917
22.997456 -8.299228 33.591854
23.161144 -8.163417 33.872791
23.324831 -8.027607 34.153732
