#pt3d 300
7.017889 26.072130 -12.930352
6.800679 25.815742 -12.837823
6.583470 25.559355 -12.745294
6.366261 25.302967 -12.652764
6.149052 25.046579 -12.560235
5.931843 24.790192 -12.467706
5.714634 24.533804 -12.375176
5.497425 24.277416 -12.282647
5.280216 24.021027 -12.190118
5.063007 23.764639 -12.097589
4.845798 23.508251 -12.005059
4.628589 23.251863 -11.912530
4.411380 22.995476 -11.820001
4.194170 22.739088 -11.727471
3.976961 22.482700 -11.634942
3.759753 22.226313 -11.542413
3.542543 21.969925 -11.449883
3.325334 21.713537 -11.357354
3.108125 21.457150 -11.264824
2.890916 21.200762 -11.172295
2.673707 20.944374 -11.079765
2.456498 20.687986 -10.987236
2.239289 20.431599 -10.894707
2.022080 20.175211 -10.802177
1.804871 19.918823 -10.709648
1.587662 19.662436 -10.617119
1.370453 19.406048 -10.524590
1.153244 19.149660 -10.432060
0.936035 18.893272 -10.339531
0.718825 18.636885 -10.247002
0.501616 18.380497 -10.154472
0.284407 18.124109 -10.061943
0.067198 17.867722 -9.969414
-0.150011 17.611334 -9.876884
-0.367220 17.354946 -9.784355
-0.584429 17.098558 -9.691826
-0.801638 16.842171 -9.599296
-1.022417 16.589256 -9.505706
-1.244216 16.337332 -9.411813
-1.471399 16.089798 -9.319142
-1.699525 15.842977 -9.226911
-1.933739 15.600610 -9.138153
-2.169772 15.359521 -9.050873
-2.411802 15.122651 -8.968469
-2.657050 14.888104 -8.889275
-2.907871 14.657577 -8.815638
-3.163543 14.430842 -8.747579
-3.423916 14.207781 -8.684923
-3.690804 13.990412 -8.630848
-3.960940 13.775883 -8.581052
-4.238730 13.568873 -8.543505
-4.518318 13.363675 -8.509174
-4.804123 13.165187 -8.489326
-5.090716 12.967525 -8.474988
-5.378911 12.771540 -8.471842
-5.664271 12.571821 -8.480284
-5.947812 12.369746 -8.495513
-6.217016 12.151107 -8.530184
-6.473168 11.920029 -8.574541
-6.713826 11.674183 -8.630399
-6.912535 11.398340 -8.706207
-7.083645 11.108665 -8.791514
-7.225321 10.804761 -8.886628
-7.314266 10.486153 -8.995530
-7.383100 10.164966 -9.109501
-7.419521 9.840550 -9.231584
-7.429724 9.517950 -9.361522
-7.425387 9.196357 -9.495817
-7.392355 8.881786 -9.641596
-7.354210 8.568468 -9.789421
-7.287508 8.267501 -9.951967
-7.218659 7.967756 -10.115745
-7.125364 7.683206 -10.294079
-7.029523 7.400659 -10.473949
-6.912987 7.134401 -10.666308
-6.793516 6.870753 -10.860186
-6.656791 6.622447 -11.062983
-6.516920 6.376834 -11.266718
-6.363338 6.142960 -11.474544
-6.206106 5.911134 -11.681816
-6.038761 5.684988 -11.887556
-5.866425 5.458098 -12.088129
-5.687522 5.230234 -12.281900
-5.500592 4.992358 -12.454371
-5.308080 4.743828 -12.601831
-5.108736 4.475762 -12.692925
-4.916844 4.197518 -12.645942
-4.779117 3.987131 -12.418179
-4.701473 3.878072 -12.100387
-4.656286 3.835710 -11.757616
-4.632288 3.856256 -11.410516
-4.612452 3.900747 -11.066270
-4.596768 3.969127 -10.724869
-4.581938 4.066770 -10.391023
-4.567360 4.173026 -10.059401
-4.550467 4.307916 -9.738588
-4.533256 4.445958 -9.419061
-4.512486 4.607486 -9.110915
-4.491236 4.771763 -8.804348
-4.467457 4.950493 -8.506076
-4.443341 5.132115 -8.209622
-4.418559 5.319443 -7.916756
-4.394595 5.505883 -7.623259
-4.371205 5.691701 -7.329319
-4.350383 5.865591 -7.028010
-4.330469 6.030238 -6.721758
-4.311988 6.177661 -6.406479
-4.292861 6.295866 -6.079583
-4.272167 6.392547 -5.746113
-4.247865 6.454411 -5.403975
-4.216668 6.471103 -5.058031
-4.180279 6.455575 -4.713075
-4.136725 6.396884 -4.372290
-4.084670 6.280779 -4.048749
-4.028648 6.129276 -3.742061
-3.968735 5.938401 -3.456661
-3.908051 5.695812 -3.214650
-3.849555 5.431899 -2.996975
-3.794221 5.144021 -2.808453
-3.747913 4.834557 -2.656039
-3.706192 4.518427 -2.516044
-3.675925 4.191566 -2.398903
-3.654161 3.861939 -2.288342
-3.640992 3.529515 -2.184432
-3.641943 3.197003 -2.080306
-3.647764 2.864461 -1.976105
-3.672736 2.535853 -1.862737
-3.701733 2.208590 -1.746762
-3.746512 1.887021 -1.620016
-3.797476 1.568223 -1.489094
-3.858819 1.254076 -1.351164
-3.927114 0.942879 -1.210042
-4.000875 0.634001 -1.066410
-4.079731 0.325966 -0.923714
-4.160428 0.018235 -0.781357
-4.241355 -0.292554 -0.645965
-4.321742 -0.604179 -0.512226
-4.395034 -0.922211 -0.389913
-4.464156 -1.242376 -0.271218
-4.520934 -1.568860 -0.163232
-4.566357 -1.898700 -0.061269
-4.597522 -2.232756 0.033133
-4.606946 -2.569522 0.120803
-4.604366 -2.907784 0.204758
-4.568148 -3.245023 0.283688
-4.523856 -3.581688 0.361678
-4.439612 -3.911006 0.438676
-4.345607 -4.236953 0.516466
-4.220092 -4.552019 0.596815
-4.079387 -4.859152 0.679860
-3.915930 -5.154405 0.766946
-3.734317 -5.436460 0.859078
-3.537306 -5.707325 0.955491
-3.320929 -5.959284 1.059317
-3.094873 -6.201795 1.166849
-2.849243 -6.418644 1.284399
-2.598453 -6.628726 1.404589
-2.328760 -6.804488 1.537717
-2.056203 -6.973711 1.673239
-1.770094 -7.105864 1.822079
-1.481487 -7.225348 1.975240
-1.186856 -7.314297 2.138815
-0.891406 -7.381885 2.309501
-0.595174 -7.429117 2.486961
-0.302020 -7.450199 2.673563
-0.009943 -7.462122 2.863366
0.274996 -7.449421 3.063611
0.558272 -7.433299 3.265899
0.835307 -7.405848 3.475599
1.110043 -7.377206 3.688094
1.381309 -7.346769 3.904806
1.650899 -7.319931 4.124040
1.919431 -7.295363 4.344863
2.188316 -7.280041 4.566053
2.457462 -7.267290 4.787107
2.729578 -7.265923 5.004884
3.003187 -7.267110 5.220712
3.280501 -7.274638 5.431701
3.560943 -7.283805 5.638376
3.844405 -7.294557 5.840885
4.132238 -7.302850 6.037187
4.421790 -7.310176 6.231048
4.715692 -7.309352 6.418355
5.010243 -7.306686 6.604619
5.307266 -7.292159 6.786396
5.604334 -7.274372 6.967706
5.901556 -7.245557 7.147442
6.198012 -7.211909 7.327481
6.493080 -7.169499 7.508070
6.786197 -7.122005 7.690458
7.077103 -7.068744 7.874886
7.364890 -7.011796 8.062994
7.650401 -6.952157 8.253790
7.931573 -6.892419 8.450830
8.210889 -6.832640 8.650542
8.484479 -6.779836 8.859844
8.756627 -6.729409 9.071586
9.021811 -6.696606 9.295366
9.283792 -6.674520 9.523561
9.539553 -6.673268 9.760333
9.785970 -6.702169 10.004138
10.026403 -6.749269 10.251539
10.248441 -6.843763 10.503029
10.457287 -6.963688 10.753337
10.652924 -7.109081 11.002461
10.822158 -7.291786 11.245724
10.981758 -7.485607 11.486819
11.117076 -7.703918 11.722416
11.239270 -7.931131 11.956069
11.344774 -8.169669 12.187251
11.432542 -8.415552 12.417622
11.508614 -8.666281 12.647458
11.563432 -8.921433 12.878059
11.609639 -9.178379 13.108971
11.631400 -9.436636 13.341670
11.646815 -9.695234 13.574835
11.634571 -9.951887 13.810089
11.618374 -10.208263 14.045643
11.571355 -10.458977 14.283099
11.520064 -10.708438 14.520820
11.442433 -10.949598 14.760175
11.356374 -11.186558 15.000438
11.252037 -11.414407 15.242666
11.134922 -11.631953 15.488089
11.008595 -11.842073 15.735812
10.867427 -12.031734 15.991784
10.721660 -12.210690 16.252560
10.569806 -12.373535 16.520699
10.414755 -12.515197 16.798710
10.259196 -12.646488 17.081488
10.103502 -12.769339 17.368095
9.947304 -12.892653 17.654228
9.788491 -13.034304 17.930038
9.626738 -13.202634 18.187378
9.462551 -13.402042 18.419718
9.297792 -13.645514 18.606939
9.137910 -13.918677 18.748507
8.980073 -14.204297 18.870920
8.822236 -14.489917 18.993334
8.664398 -14.775536 19.115747
8.506561 -15.061155 19.238161
8.348723 -15.346774 19.360575
8.190886 -15.632394 19.482988
8.033050 -15.918014 19.605402
7.875212 -16.203632 19.727816
7.717375 -16.489252 19.850229
7.559537 -16.774872 19.972643
7.401700 -17.060490 20.095057
7.243863 -17.346109 20.217470
7.086026 -17.631729 20.339884
6.928188 -17.917349 20.462297
6.770351 -18.202969 20.584711
6.612514 -18.488586 20.707125
6.454677 -18.774206 20.829538
6.296839 -19.059826 20.951952
6.139002 -19.345446 21.074366
5.981164 -19.631065 21.196779
5.823328 -19.916683 21.319193
5.665490 -20.202303 21.441607
5.507653 -20.487923 21.564020
5.349815 -20.773542 21.686434
5.191978 -21.059162 21.808847
5.034141 -21.344780 21.931261
4.876304 -21.630400 22.053675
4.718466 -21.916019 22.176088
4.560629 -22.201639 22.298502
4.402792 -22.487259 22.420916
4.244955 -22.772877 22.543329
4.087117 -23.058496 22.665743
3.929280 -23.344116 22.788157
3.771443 -23.629736 22.910570
3.613605 -23.915356 23.032984
3.455768 -24.200974 23.155397
3.297931 -24.486593 23.277811
3.140094 -24.772213 23.400225
2.982256 -25.057833 23.522638
2.824419 -25.343452 23.645052
2.666582 -25.629070 23.767466
2.508744 -25.914690 23.889879
2.350907 -26.200310 24.012293
2.193070 -26.485929 24.134708
2.035233 -26.771547 24.257122
1.877395 -27.057167 24.379536
1.719558 -27.342787 24.501949
1.561721 -27.628407 24.624363
1.403883 -27.914026 24.746777
1.246046 -28.199644 24.869190
1.088209 -28.485264 24.991604
0.930372 -28.770884 25.114017
0.772534 -29.056503 25.236431
0.614697 -29.342123 25.358845
0.456860 -29.627741 25.481258
0.299022 -29.913361 25.603672
0.141185 -30.198980 25.726086
-0.016652 -30.484600 25.848499
-0.174489 -30.770220 25.970913
-0.332327 -31.055838 26.093327
-0.490164 -31.341457 26.215740
-0.648001 -31.627077 26.338154
-0.805838 -31.912697 26.460567
