#pt3d 300
-3.477399 31.592138 -15.130486
-3.546761 31.329908 -14.902135
-3.616123 31.067678 -14.673784
-3.685486 30.805449 -14.445434
-3.754848 30.543219 -14.217083
-3.824211 30.280989 -13.988731
-3.893574 30.018759 -13.760381
-3.962936 29.756529 -13.532030
-4.032299 29.494299 -13.303679
-4.101661 29.232069 -13.075329
-4.171024 28.969839 -12.846977
-4.240386 28.707609 -12.618627
-4.309749 28.445379 -12.390276
-4.379111 28.183149 -12.161925
-4.448474 27.920919 -11.933575
-4.517836 27.658689 -11.705223
-4.587199 27.396461 -11.476872
-4.656561 27.134232 -11.248522
-4.725924 26.872002 -11.020171
-4.795286 26.609772 -10.791821
-4.864649 26.347542 -10.563469
-4.934011 26.085312 -10.335118
-5.003374 25.823082 -10.106768
-5.072736 25.560852 -9.878417
-5.142099 25.298622 -9.650066
-5.211462 25.036392 -9.421715
-5.280824 24.774162 -9.193364
-5.350186 24.511932 -8.965014
-5.419549 24.249702 -8.736663
-5.488912 23.987473 -8.508312
-5.558274 23.725243 -8.279961
-5.627636 23.463013 -8.051610
-5.696999 23.200783 -7.823259
-5.766362 22.938553 -7.594909
-5.835724 22.676323 -7.366558
-5.905087 22.414093 -7.138207
-5.991719 22.145164 -6.927637
-6.118996 21.860466 -6.758914
-6.273736 21.570763 -6.631675
-6.446684 21.277742 -6.531940
-6.646710 20.987484 -6.496123
-6.851610 20.699802 -6.480860
-7.064679 20.417332 -6.503919
-7.277800 20.139795 -6.556597
-7.490948 19.864986 -6.625642
-7.696061 19.595266 -6.729559
-7.897626 19.326519 -6.842134
-8.086527 19.060270 -6.980511
-8.265865 18.794683 -7.131215
-8.433085 18.529930 -7.297538
-8.581103 18.266047 -7.481628
-8.721093 18.002525 -7.673145
-8.829366 17.741320 -7.887047
-8.926671 17.481501 -8.107036
-8.999052 17.224873 -8.340751
-9.047859 16.972902 -8.584572
-9.082778 16.723679 -8.834347
-9.081287 16.484531 -9.096036
-9.067392 16.249815 -9.360812
-9.029235 16.023947 -9.631455
-8.969846 15.807877 -9.905713
-8.899501 15.596860 -10.181835
-8.802158 15.401155 -10.460992
-8.698226 15.209892 -10.740626
-8.578781 15.029198 -11.021344
-8.450826 14.855332 -11.302451
-8.315973 14.687000 -11.583875
-8.173965 14.525229 -11.865579
-8.029998 14.365252 -12.147360
-7.882888 14.208160 -12.429141
-7.736079 14.050528 -12.710773
-7.591064 13.889877 -12.991632
-7.448291 13.725596 -13.271469
-7.310028 13.554013 -13.549250
-7.177287 13.372781 -13.823341
-7.049699 13.182546 -14.093992
-6.932582 12.972706 -14.354307
-6.819718 12.754861 -14.610145
-6.723308 12.505145 -14.842668
-6.635290 12.239723 -15.058805
-6.558852 11.952628 -15.252334
-6.502808 11.633130 -15.393884
-6.460516 11.298196 -15.493823
-6.433659 10.949353 -15.544494
-6.428849 10.595942 -15.516274
-6.440825 10.256161 -15.423615
-6.465817 9.935000 -15.281301
-6.502843 9.636662 -15.093303
-6.556437 9.385448 -14.849279
-6.618412 9.163317 -14.582322
-6.688278 8.968925 -14.294138
-6.772338 8.830918 -13.978705
-6.861936 8.717166 -13.656406
-6.959294 8.637642 -13.324868
-7.064667 8.598517 -12.989327
-7.173078 8.575618 -12.652785
-7.287734 8.592276 -12.317679
-7.403604 8.622121 -11.984335
-7.521412 8.673020 -11.653805
-7.638710 8.739348 -11.326053
-7.755717 8.814463 -10.999883
-7.868444 8.902697 -10.675537
-7.979352 8.993635 -10.351293
-8.082386 9.090285 -10.026081
-8.179574 9.186401 -9.698994
-8.269103 9.281817 -9.369449
-8.344274 9.370312 -9.034537
-8.410314 9.453007 -8.696360
-8.459214 9.523045 -8.352233
-8.487077 9.573025 -8.002668
-8.496369 9.602644 -7.650239
-8.483489 9.605585 -7.296374
-8.440817 9.566972 -6.946506
-8.370013 9.481606 -6.610438
-8.277966 9.354979 -6.293849
-8.169821 9.192071 -5.999442
-8.050558 8.999826 -5.726561
-7.923076 8.774693 -5.484109
-7.794567 8.535753 -5.256486
-7.665306 8.286718 -5.039707
-7.538681 8.021250 -4.841691
-7.413698 7.752243 -4.647615
-7.292486 7.475175 -4.462519
-7.174959 7.193726 -4.281843
-7.060920 6.908128 -4.105353
-6.952359 6.618044 -3.932868
-6.846648 6.325626 -3.762466
-6.747788 6.028676 -3.595908
-6.651054 5.730319 -3.430543
-6.562159 5.427166 -3.269616
-6.474596 5.123197 -3.109442
-6.395412 4.813975 -2.955089
-6.317163 4.504134 -2.801511
-6.246177 4.189256 -2.654771
-6.176401 3.873365 -2.509708
-6.111423 3.553461 -2.371293
-6.047724 3.231998 -2.236018
-5.986310 2.907758 -2.106342
-5.925214 2.581757 -1.981080
-5.864397 2.254217 -1.859677
-5.801738 1.925224 -1.743294
-5.738354 1.595658 -1.628889
-5.669919 1.265527 -1.519139
-5.600249 0.935406 -1.410145
-5.523036 0.606041 -1.303951
-5.443181 0.277253 -1.198029
-5.355629 -0.049858 -1.092898
-5.263126 -0.375465 -0.987516
-5.163645 -0.698951 -0.881780
-5.056732 -1.019624 -0.774972
-4.944037 -1.338110 -0.667330
-4.821241 -1.652062 -0.557689
-4.694140 -1.964081 -0.447195
-4.553941 -2.269301 -0.333792
-4.411194 -2.573200 -0.219822
-4.251708 -2.867094 -0.101919
-4.089400 -3.159075 0.016665
-3.910932 -3.439897 0.139172
-3.726456 -3.715870 0.263211
-3.528230 -3.980745 0.390755
-3.319938 -4.235967 0.521112
-3.101546 -4.481503 0.654290
-2.869352 -4.711017 0.791921
-2.631646 -4.934134 0.931331
-2.377912 -5.134210 1.077133
-2.120847 -5.328569 1.224577
-1.852630 -5.502518 1.377942
-1.580597 -5.667239 1.534217
-1.302808 -5.818032 1.694885
-1.021422 -5.956706 1.859792
-0.737674 -6.087420 2.027485
-0.451307 -6.205179 2.200089
-0.164226 -6.319406 2.374033
0.124642 -6.421068 2.552721
0.413754 -6.520992 2.731990
0.704279 -6.610829 2.914321
0.995328 -6.698175 3.096967
1.288085 -6.777390 3.280646
1.582174 -6.851951 3.464044
1.878379 -6.919116 3.646995
2.177203 -6.977875 3.828403
2.478079 -7.030045 4.008602
2.783063 -7.067695 4.185277
3.089344 -7.100708 4.360822
3.400502 -7.111220 4.530498
3.712602 -7.114648 4.698323
4.027056 -7.100375 4.861525
4.342083 -7.072229 5.021335
4.657520 -7.034163 5.178720
4.971860 -6.978636 5.332952
5.285586 -6.918481 5.486741
5.597293 -6.847971 5.640321
5.907585 -6.775217 5.795674
6.216356 -6.700052 5.952933
6.522826 -6.627637 6.115837
6.828489 -6.556364 6.280775
7.130917 -6.495784 6.455666
7.432213 -6.439793 6.633767
7.730530 -6.395869 6.820307
8.026135 -6.362276 7.012827
8.319121 -6.338656 7.211123
8.607285 -6.330829 7.417255
8.893578 -6.329125 7.626428
9.172732 -6.347639 7.844134
9.450521 -6.369812 8.063268
9.720119 -6.412498 8.289573
9.987582 -6.460088 8.517194
10.247487 -6.525034 8.749468
10.503595 -6.598288 8.983154
10.752922 -6.686382 9.219364
10.996355 -6.786948 9.456338
11.233915 -6.899944 9.694071
11.462594 -7.030821 9.930902
11.686660 -7.170986 10.167267
11.897375 -7.335886 10.399590
12.104502 -7.507186 10.630677
12.293481 -7.707852 10.853702
12.475406 -7.917977 11.073062
12.641068 -8.149908 11.283974
12.790624 -8.398901 11.486211
12.928468 -8.660302 11.682140
13.038351 -8.944158 11.863409
13.138029 -9.234823 12.039529
13.209362 -9.541954 12.201709
13.263977 -9.855660 12.356341
13.300375 -10.176533 12.502752
13.312069 -10.503366 12.638844
13.315707 -10.832130 12.771573
13.291310 -11.164209 12.893424
13.262146 -11.496403 13.013521
13.215613 -11.829006 13.127228
13.162970 -12.161405 13.238549
13.100829 -12.493486 13.346161
13.033702 -12.825413 13.451093
12.962314 -13.157208 13.553734
12.888471 -13.489461 13.653067
12.813412 -13.821939 13.750762
12.739174 -14.155939 13.843742
12.665153 -14.490341 13.935481
12.591131 -14.824743 14.027220
12.517111 -15.159145 14.118958
12.443089 -15.493546 14.210698
12.369068 -15.827949 14.302437
12.295047 -16.162350 14.394176
12.221025 -16.496752 14.485914
12.147004 -16.831154 14.577653
12.072983 -17.165556 14.669392
11.998961 -17.499958 14.761130
11.924940 -17.834360 14.852870
11.850920 -18.168762 14.944609
11.776898 -18.503162 15.036347
11.702877 -18.837564 15.128086
11.628856 -19.171967 15.219825
11.554834 -19.506369 15.311563
11.480813 -19.840771 15.403303
11.406792 -20.175173 15.495042
11.332770 -20.509575 15.586781
11.258749 -20.843977 15.678519
11.184729 -21.178377 15.770258
11.110707 -21.512779 15.861997
11.036686 -21.847181 15.953736
10.962665 -22.181583 16.045475
10.888643 -22.515985 16.137213
10.814622 -22.850388 16.228952
10.740601 -23.184790 16.320692
10.666579 -23.519190 16.412430
10.592558 -23.853592 16.504169
10.518537 -24.187994 16.595907
10.444516 -24.522396 16.687647
10.370495 -24.856798 16.779387
10.296474 -25.191200 16.871124
10.222452 -25.525602 16.962864
10.148431 -25.860004 17.054602
10.074409 -26.194405 17.146341
10.000388 -26.528807 17.238079
9.926367 -26.863209 17.329819
9.852345 -27.197611 17.421558
9.778325 -27.532013 17.513296
9.704304 -27.866415 17.605036
9.630282 -28.200817 17.696774
9.556261 -28.535217 17.788513
9.482240 -28.869619 17.880251
9.408218 -29.204021 17.971991
9.334197 -29.538424 18.063730
9.260176 -29.872826 18.155468
9.186154 -30.207228 18.247208
9.112134 -30.541630 18.338945
9.038113 -30.876032 18.430685
8.964091 -31.210432 18.522425
8.890070 -31.544834 18.614162
8.816049 -31.879236 18.705902
8.742027 -32.213638 18.797640
8.668006 -32.548038 18.889380
8.593985 -32.882442 18.981117
8.519963 -33.216843 19.072857
8.445942 -33.551247 19.164597
8.371922 -33.885647 19.256334
8.297900 -34.220051 19.348074
8.223879 -34.554451 19.439812
8.149858 -34.888851 19.531551
