#pt3d 300
-3.740321 25.125031 2.088123
-3.744632 24.853310 1.864889
-3.748942 24.581589 1.641655
-3.753253 24.309868 1.418421
-3.757563 24.038147 1.195187
-3.761873 23.766426 0.971954
-3.766183 23.494705 0.748720
-3.770494 23.222984 0.525486
-3.774804 22.951263 0.302252
-3.779114 22.679543 0.079018
-3.783425 22.407822 -0.144216
-3.787735 22.136101 -0.367450
-3.792046 21.864380 -0.590684
-3.796356 21.592659 -0.813918
-3.800666 21.320938 -1.037152
-3.804977 21.049217 -1.260385
-3.809287 20.777496 -1.483619
-3.813597 20.505775 -1.706853
-3.817908 20.234055 -1.930087
-3.822218 19.962334 -2.153321
-3.826529 19.690613 -2.376555
-3.830839 19.418892 -2.599789
-3.835149 19.147171 -2.823023
-3.839460 18.875450 -3.046257
-3.843770 18.603729 -3.269490
-3.848080 18.332008 -3.492724
-3.852391 18.060287 -3.715958
-3.856701 17.788567 -3.939192
-3.861011 17.516846 -4.162426
-3.865322 17.245125 -4.385660
-3.869632 16.973404 -4.608894
-3.873942 16.701683 -4.832128
-3.878253 16.429962 -5.055362
-3.882563 16.158241 -5.278595
-3.886873 15.886520 -5.501830
-3.891184 15.614799 -5.725063
-3.895494 15.343079 -5.948298
-3.976802 15.054198 -6.128374
-4.086257 14.764193 -6.288794
-4.263776 14.479900 -6.395324
-4.478284 14.212766 -6.462801
-4.715223 13.956906 -6.506190
-4.980855 13.726540 -6.513619
-5.252742 13.503931 -6.514544
-5.533739 13.292621 -6.505996
-5.819861 13.088322 -6.499603
-6.108489 12.887449 -6.494261
-6.399583 12.690587 -6.506653
-6.690708 12.494412 -6.524859
-6.979635 12.299963 -6.573795
-7.265246 12.106410 -6.638252
-7.544383 11.914603 -6.732999
-7.812012 11.726176 -6.858725
-8.071846 11.540039 -7.005432
-8.305856 11.362041 -7.197373
-8.529841 11.187160 -7.403327
-8.721411 11.022273 -7.647863
-8.891970 10.863289 -7.909405
-9.037455 10.711349 -8.191242
-9.143753 10.568908 -8.493620
-9.233450 10.430318 -8.803783
-9.270688 10.302118 -9.129148
-9.284060 10.177442 -9.456413
-9.262427 10.057933 -9.786464
-9.196729 9.942109 -10.111021
-9.110549 9.827361 -10.431568
-8.979695 9.712185 -10.737013
-8.828780 9.593737 -11.030808
-8.657310 9.471934 -11.312672
-8.462969 9.339899 -11.573948
-8.261974 9.203640 -11.828126
-8.047654 9.052841 -12.062669
-7.831209 8.894479 -12.289769
-7.611446 8.724297 -12.505237
-7.392514 8.540607 -12.709784
-7.174056 8.349238 -12.908121
-6.960450 8.136943 -13.089523
-6.749171 7.916345 -13.263097
-6.543935 7.675480 -13.416546
-6.345862 7.414517 -13.541987
-6.155932 7.135789 -13.635715
-5.979533 6.834672 -13.677296
-5.835390 6.519210 -13.619066
-5.737278 6.225024 -13.458181
-5.689865 5.981217 -13.214249
-5.682206 5.791578 -12.921947
-5.701254 5.644827 -12.604406
-5.743801 5.541602 -12.270912
-5.802135 5.472904 -11.931656
-5.867060 5.419151 -11.590413
-5.943358 5.394103 -11.248017
-6.022504 5.377499 -10.905931
-6.106006 5.373810 -10.564320
-6.191276 5.376593 -10.223177
-6.277596 5.383223 -9.882312
-6.363670 5.389492 -9.541378
-6.449447 5.394219 -9.200366
-6.533527 5.389146 -8.858914
-6.616656 5.374707 -8.517656
-6.698627 5.348840 -8.176635
-6.779583 5.300549 -7.837984
-6.860245 5.240915 -7.501130
-6.940670 5.158343 -7.168868
-7.020785 5.059075 -6.841406
-7.100649 4.949259 -6.517009
-7.178102 4.819086 -6.199614
-7.252982 4.682839 -5.884264
-7.324146 4.537825 -5.571869
-7.386808 4.385427 -5.261236
-7.445321 4.230177 -4.951183
-7.489858 4.069496 -4.641535
-7.526850 3.907006 -4.331976
-7.552991 3.741915 -4.022548
-7.565944 3.573517 -3.714204
-7.573052 3.403653 -3.406340
-7.563246 3.227073 -3.102386
-7.549700 3.048232 -2.799970
-7.523144 2.860642 -2.503678
-7.491159 2.667305 -2.211869
-7.450668 2.464964 -1.927083
-7.402703 2.251737 -1.651883
-7.349605 2.031031 -1.383269
-7.287100 1.793898 -1.131514
-7.222132 1.552454 -0.884205
-7.145996 1.290298 -0.662480
-7.067532 1.024013 -0.447080
-6.980773 0.743019 -0.254208
-6.889623 0.455543 -0.074096
-6.792727 0.159587 0.089321
-6.689329 -0.142857 0.235280
-6.582308 -0.448918 0.371504
-6.465983 -0.759216 0.488901
-6.347440 -1.070312 0.602199
-6.216420 -1.381590 0.700302
-6.081797 -1.691846 0.796438
-5.935152 -1.998694 0.886013
-5.780666 -2.301707 0.974893
-5.615742 -2.599613 1.062848
-5.438166 -2.889156 1.153291
-5.253336 -3.173906 1.245160
-5.051607 -3.444582 1.343293
-4.845771 -3.711647 1.443047
-4.622589 -3.961157 1.550835
-4.395187 -4.205662 1.660633
-4.155701 -4.435831 1.776188
-3.909788 -4.657452 1.894279
-3.655894 -4.868456 2.015518
-3.393708 -5.067604 2.138619
-3.126481 -5.259540 2.262851
-2.848898 -5.435824 2.387206
-2.568615 -5.608026 2.511593
-2.275660 -5.759574 2.633558
-1.980329 -5.906847 2.754719
-1.674293 -6.034474 2.871925
-1.364228 -6.153321 2.986995
-1.046819 -6.256161 3.098168
-0.724302 -6.345036 3.205812
-0.397817 -6.423056 3.310712
-0.066458 -6.483203 3.411524
0.266324 -6.538125 3.511141
0.602675 -6.573518 3.607536
0.939365 -6.605657 3.703731
1.277275 -6.624795 3.799305
1.615175 -6.639415 3.895528
1.953058 -6.646453 3.992841
2.290374 -6.648600 4.092216
2.627240 -6.646879 4.193222
2.962958 -6.640353 4.297731
3.298267 -6.632116 4.403488
3.632013 -6.619031 4.513588
3.965489 -6.605064 4.624401
4.297528 -6.586065 4.738740
4.629283 -6.565611 4.853612
4.960074 -6.540193 4.970299
5.290492 -6.511755 5.087275
5.620265 -6.478095 5.204752
5.949490 -6.439329 5.322078
6.278153 -6.395332 5.439249
6.605723 -6.343753 5.556229
6.932604 -6.287392 5.673089
7.257206 -6.220830 5.790766
7.580978 -6.150562 5.908740
7.900239 -6.067745 6.030678
8.218522 -5.982529 6.153586
8.529184 -5.884367 6.286014
8.836907 -5.783514 6.422829
9.136199 -5.674942 6.572232
9.427124 -5.564058 6.735139
9.711152 -5.451268 6.909182
9.978052 -5.343552 7.111025
10.236513 -5.242558 7.326200
10.481897 -5.153562 7.561891
10.713534 -5.089705 7.818142
10.939135 -5.043403 8.083188
11.157779 -5.025608 8.358074
11.375261 -5.040550 8.633390
11.593008 -5.072947 8.907204
11.814454 -5.141369 9.171711
12.038706 -5.228166 9.427472
12.265934 -5.334457 9.673955
12.495497 -5.465651 9.905225
12.725843 -5.605207 10.131385
12.953048 -5.774238 10.339807
13.178148 -5.949337 10.545174
13.392308 -6.151080 10.737838
13.596301 -6.365886 10.926117
13.783626 -6.602107 11.107207
13.940110 -6.863068 11.281381
14.077769 -7.137781 11.451495
14.155294 -7.441778 11.610429
14.196025 -7.754344 11.761701
14.200985 -8.075240 11.905523
14.147037 -8.397245 12.035274
14.076747 -8.717453 12.161013
13.976477 -9.033096 12.279333
13.864908 -9.345451 12.395756
13.744061 -9.655107 12.510619
13.622313 -9.963396 12.628160
13.500231 -10.271179 12.746691
13.392609 -10.580890 12.873740
13.288401 -10.891012 13.002563
13.216208 -11.204433 13.144829
13.156001 -11.517871 13.290917
13.131729 -11.831356 13.448467
13.135671 -12.140940 13.612721
13.167530 -12.446661 13.783611
13.241239 -12.739691 13.961958
13.328436 -13.028398 14.142691
13.457890 -13.296206 14.330319
13.594368 -13.558628 14.519896
13.752516 -13.804436 14.715477
13.916360 -14.041860 14.916216
14.087825 -14.268071 15.123851
14.257728 -14.484206 15.342826
14.426604 -14.693709 15.569262
14.578380 -14.890856 15.817386
14.722602 -15.083723 16.073200
14.825330 -15.260530 16.359329
14.928058 -15.437337 16.645460
15.030786 -15.614144 16.931591
15.133513 -15.790951 17.217720
15.236242 -15.967758 17.503851
15.338970 -16.144566 17.789980
15.441698 -16.321371 18.076111
15.544426 -16.498178 18.362242
15.647155 -16.674986 18.648371
15.749883 -16.851791 18.934502
15.852611 -17.028599 19.220631
15.955338 -17.205406 19.506762
16.058067 -17.382212 19.792892
16.160795 -17.559019 20.079021
16.263523 -17.735826 20.365152
16.366251 -17.912634 20.651281
16.468979 -18.089439 20.937412
16.571707 -18.266247 21.223543
16.674435 -18.443054 21.509672
16.777163 -18.619860 21.795803
16.879892 -18.796667 22.081934
16.982620 -18.973475 22.368063
17.085348 -19.150282 22.654194
17.188076 -19.327087 22.940323
17.290804 -19.503895 23.226454
17.393532 -19.680702 23.512585
17.496260 -19.857508 23.798714
17.598988 -20.034315 24.084845
17.701715 -20.211123 24.370974
17.804445 -20.387930 24.657104
17.907173 -20.564735 24.943235
18.009901 -20.741543 25.229364
18.112629 -20.918350 25.515495
18.215357 -21.095156 25.801624
18.318085 -21.271963 26.087755
18.420813 -21.448771 26.373886
18.523540 -21.625578 26.660015
18.626268 -21.802383 26.946146
18.728998 -21.979191 27.232277
18.831726 -22.155998 27.518406
18.934454 -22.332804 27.804537
19.037182 -22.509611 28.090666
19.139910 -22.686419 28.376797
19.242638 -22.863226 28.662928
19.345366 -23.040031 28.949057
19.448093 -23.216839 29.235188
19.550821 -23.393646 29.521317
19.653551 -23.570452 29.807447
19.756279 -23.747259 30.093578
19.859007 -23.924067 30.379707
19.961735 -24.100874 30.665838
20.064463 -24.277679 30.951967
20.167191 -24.454487 31.238098
20.269918 -24.631294 31.524229
20.372646 -24.808100 31.810358
20.475374 -24.984907 32.096489
20.578102 -25.161715 32.382618
20.680832 -25.338522 32.668751
20.783560 -25.515327 32.954880
20.886288 -25.692135 33.241009
20.989016 -25.868942 33.527138
21.091743 -26.045748 33.813271
21.194471 -26.222555 34.099400
