#pt3d 300
-5.047333 9.936933 -19.653109
-5.033708 10.157690 -19.410833
-5.020082 10.378448 -19.168560
-5.006457 10.599206 -18.926287
-4.992831 10.819963 -18.684011
-4.979206 11.040721 -18.441738
-4.965580 11.261479 -18.199463
-4.951954 11.482237 -17.957190
-4.938329 11.702994 -17.714916
-4.924703 11.923753 -17.472641
-4.911077 12.144510 -17.230368
-4.897452 12.365268 -16.988092
-4.883827 12.586026 -16.745819
-4.870201 12.806784 -16.503544
-4.856575 13.027541 -16.261271
-4.842950 13.248300 -16.018997
-4.829324 13.469057 -15.776722
-4.815699 13.689815 -15.534448
-4.802073 13.910573 -15.292174
-4.788447 14.131330 -15.049900
-4.774822 14.352088 -14.807626
-4.761196 14.572846 -14.565351
-4.747571 14.793604 -14.323077
-4.733945 15.014361 -14.080803
-4.720320 15.235119 -13.838530
-4.706694 15.455877 -13.596255
-4.693069 15.676635 -13.353981
-4.679443 15.897392 -13.111707
-4.665817 16.118151 -12.869432
-4.652192 16.338909 -12.627158
-4.638566 16.559666 -12.384885
-4.624940 16.780424 -12.142611
-4.611315 17.001183 -11.900336
-4.597689 17.221939 -11.658062
-4.584064 17.442698 -11.415788
-4.570438 17.663454 -11.173513
-4.556813 17.884212 -10.931239
-4.543187 18.104971 -10.688966
-4.529562 18.325727 -10.446692
-4.517403 18.540934 -10.200626
-4.524064 18.684940 -9.905950
-4.548363 18.762329 -9.597552
-4.604306 18.718260 -9.286776
-4.693606 18.543060 -9.027171
-4.804462 18.291185 -8.848602
-4.928259 18.015554 -8.724580
-5.059949 17.732027 -8.627637
-5.202821 17.443913 -8.562872
-5.356503 17.158209 -8.517191
-5.516506 16.873913 -8.482671
-5.692013 16.597490 -8.464869
-5.870790 16.322880 -8.450148
-6.065537 16.058939 -8.445101
-6.263395 15.797417 -8.440680
-6.472004 15.544250 -8.438419
-6.684096 15.294070 -8.435165
-6.901405 15.048366 -8.430420
-7.119743 14.803658 -8.422908
-7.338763 14.559609 -8.413561
-7.551950 14.310577 -8.401790
-7.761557 14.058623 -8.389995
-7.956389 13.794862 -8.380694
-8.135935 13.520970 -8.377634
-8.301063 13.237525 -8.380461
-8.424941 12.934968 -8.405005
-8.523147 12.626019 -8.444089
-8.590751 12.310026 -8.500609
-8.606017 11.994329 -8.586611
-8.599266 11.682441 -8.684246
-8.559070 11.377848 -8.799239
-8.492414 11.083344 -8.925565
-8.412007 10.794086 -9.057779
-8.305999 10.516705 -9.196658
-8.195394 10.241456 -9.336734
-8.063781 9.975300 -9.476061
-7.930450 9.709886 -9.615326
-7.780531 9.449002 -9.745914
-7.629397 9.188451 -9.875869
-7.464420 8.928162 -9.988179
-7.298356 8.667863 -10.098960
-7.119609 8.404638 -10.178826
-6.938515 8.140699 -10.247510
-6.749531 7.874364 -10.278609
-6.558217 7.610713 -10.262168
-6.369471 7.355963 -10.191968
-6.194049 7.125401 -10.042092
-6.056764 6.950933 -9.800576
-5.975005 6.850253 -9.500381
-5.934279 6.799420 -9.180985
-5.920897 6.778662 -8.854795
-5.929735 6.780004 -8.526868
-5.958241 6.792152 -8.200382
-5.992530 6.803083 -7.874372
-6.034131 6.808371 -7.549015
-6.075265 6.793550 -7.224128
-6.113649 6.762222 -6.900408
-6.141117 6.693197 -6.580882
-6.148442 6.579278 -6.274816
-6.135579 6.427666 -5.986737
-6.099450 6.237113 -5.722161
-6.028318 6.000941 -5.505951
-5.942474 5.749103 -5.316272
-5.845082 5.485004 -5.148032
-5.735404 5.207812 -5.011096
-5.625117 4.927140 -4.882342
-5.514076 4.642140 -4.763759
-5.410447 4.352886 -4.648941
-5.310410 4.062087 -4.534854
-5.228949 3.767596 -4.415456
-5.158146 3.472626 -4.291484
-5.105286 3.176848 -4.159812
-5.075348 2.882760 -4.018559
-5.055955 2.589468 -3.872912
-5.068616 2.301544 -3.716208
-5.089269 2.015389 -3.557638
-5.128167 1.733271 -3.394810
-5.177136 1.453189 -3.231430
-5.233618 1.174626 -3.067636
-5.296874 0.896102 -2.906304
-5.361704 0.617497 -2.745707
-5.426148 0.335690 -2.590633
-5.488611 0.052583 -2.437209
-5.544773 -0.234653 -2.289028
-5.594062 -0.524603 -2.143978
-5.635196 -0.817773 -2.002642
-5.662411 -1.114224 -1.865190
-5.683306 -1.412164 -1.729501
-5.682252 -1.712378 -1.597402
-5.675060 -2.012682 -1.465911
-5.647650 -2.312643 -1.335955
-5.609858 -2.611284 -1.206112
-5.558524 -2.908201 -1.076416
-5.492523 -3.201816 -0.946252
-5.419515 -3.493853 -0.815865
-5.329353 -3.780572 -0.684545
-5.235458 -4.066001 -0.553023
-5.126862 -4.345853 -0.420713
-5.013464 -4.623644 -0.288314
-4.889508 -4.896902 -0.155718
-4.757813 -5.166441 -0.023246
-4.618488 -5.432315 0.109103
-4.467435 -5.691813 0.240948
-4.311303 -5.948548 0.372575
-4.137854 -6.194419 0.503098
-3.959628 -6.436934 0.633294
-3.762728 -6.665493 0.762165
-3.556575 -6.885646 0.890272
-3.336354 -7.093021 1.017217
-3.100347 -7.282628 1.142512
-2.856912 -7.463877 1.267032
-2.593054 -7.615865 1.388963
-2.324062 -7.758453 1.510096
-2.043029 -7.878540 1.629328
-1.755173 -7.981282 1.747386
-1.462200 -8.071017 1.864565
-1.162898 -8.137417 1.980825
-0.862059 -8.197280 2.096928
-0.557680 -8.235485 2.213163
-0.252886 -8.267368 2.329844
0.052795 -8.285783 2.447473
0.358239 -8.295757 2.566453
0.663474 -8.298283 2.686626
0.967610 -8.291617 2.809264
1.271346 -8.281610 2.932798
1.573100 -8.262334 3.060006
1.874382 -8.241242 3.188027
2.173535 -8.212721 3.319597
2.471794 -8.181394 3.452474
2.768319 -8.144622 3.587889
3.063362 -8.102946 3.725023
3.357211 -8.057321 3.863541
3.648991 -8.004023 4.003616
3.940162 -7.948460 4.144145
4.228758 -7.882331 4.285409
4.516805 -7.813742 4.426550
4.803088 -7.737258 4.567293
5.088548 -7.656620 4.707315
5.373096 -7.571384 4.846539
5.657069 -7.482295 4.984497
5.940812 -7.391668 5.121950
6.224753 -7.300096 5.258360
6.508926 -7.209323 5.394814
6.793933 -7.121701 5.531598
7.079493 -7.038099 5.669666
7.365666 -6.958970 5.809165
7.651960 -6.888736 5.952993
7.938226 -6.821987 6.098606
8.222786 -6.767951 6.252626
8.505839 -6.718119 6.410566
8.785940 -6.676521 6.576184
9.061524 -6.641772 6.750491
9.334598 -6.610830 6.929628
9.599214 -6.588262 7.122158
9.860921 -6.568355 7.318788
10.115320 -6.555035 7.525476
10.364447 -6.547814 7.738581
10.609274 -6.545568 7.956918
10.846577 -6.557209 8.183004
11.081094 -6.575222 8.411472
11.308155 -6.613158 8.645183
11.529755 -6.667470 8.880260
11.745907 -6.738112 9.116700
11.948383 -6.843632 9.351769
12.143106 -6.965443 9.585000
12.320253 -7.121020 9.813104
12.478399 -7.302781 10.034227
12.624854 -7.500650 10.251057
12.736148 -7.732631 10.454391
12.835575 -7.972683 10.653477
12.907300 -8.230879 10.842706
12.958093 -8.497525 11.025636
12.990877 -8.771444 11.203146
12.995430 -9.050931 11.373986
12.990379 -9.332311 11.542557
12.952212 -9.614120 11.705831
12.907698 -9.895338 11.868429
12.834747 -10.171942 12.029006
12.752400 -10.445114 12.190331
12.652633 -10.711925 12.353044
12.540083 -10.969992 12.521015
12.420201 -11.222032 12.693258
12.292606 -11.459602 12.880064
12.169596 -11.683707 13.085058
12.060775 -11.890522 13.313900
11.983598 -12.072889 13.573580
11.954718 -12.226764 13.860393
11.971685 -12.359826 14.159252
12.015679 -12.488099 14.457881
12.068984 -12.624318 14.751513
12.112918 -12.784969 15.034103
12.143080 -12.963260 15.306986
12.162298 -13.155321 15.572239
12.154222 -13.371951 15.817954
12.142259 -13.592082 16.060884
12.130294 -13.812214 16.303816
12.118329 -14.032345 16.546747
12.106365 -14.252476 16.789679
12.094400 -14.472608 17.032610
12.082436 -14.692739 17.275541
12.070472 -14.912869 17.518471
12.058507 -15.133001 17.761402
12.046542 -15.353132 18.004333
12.034578 -15.573263 18.247265
12.022614 -15.793395 18.490196
12.010649 -16.013525 18.733128
11.998685 -16.233658 18.976059
11.986720 -16.453789 19.218988
11.974755 -16.673920 19.461920
11.962791 -16.894051 19.704851
11.950827 -17.114182 19.947783
11.938862 -17.334312 20.190714
11.926898 -17.554445 20.433645
11.914933 -17.774576 20.676575
11.902968 -17.994707 20.919506
11.891005 -18.214838 21.162437
11.879040 -18.434969 21.405369
11.867075 -18.655100 21.648300
11.855111 -18.875233 21.891232
11.843146 -19.095364 22.134163
11.831182 -19.315495 22.377092
11.819218 -19.535625 22.620024
11.807253 -19.755756 22.862955
11.795289 -19.975887 23.105886
11.783324 -20.196018 23.348818
11.771359 -20.416151 23.591749
11.759396 -20.636282 23.834681
11.747431 -20.856413 24.077610
11.735466 -21.076544 24.320541
11.723502 -21.296675 24.563473
11.711537 -21.516806 24.806404
11.699573 -21.736938 25.049335
11.687609 -21.957069 25.292267
11.675644 -22.177200 25.535196
11.663679 -22.397331 25.778128
11.651715 -22.617462 26.021059
11.639750 -22.837593 26.263990
11.627786 -23.057726 26.506922
11.615822 -23.277857 26.749853
11.603857 -23.497988 26.992785
11.591892 -23.718119 27.235714
11.579928 -23.938250 27.478645
11.567964 -24.158381 27.721577
11.555999 -24.378511 27.964508
11.544035 -24.598644 28.207439
11.532070 -24.818775 28.450371
11.520105 -25.038906 28.693300
11.508142 -25.259037 28.936232
11.496177 -25.479168 29.179163
11.484212 -25.699299 29.422094
11.472248 -25.919432 29.665026
11.460283 -26.139563 29.907957
11.448318 -26.359694 30.150888
11.436355 -26.579824 30.393818
11.424390 -26.799955 30.636749
11.412425 -27.020086 30.879681
11.400461 -27.240219 31.122612
11.388496 -27.460350 31.365543
11.376532 -27.680481 31.608475
11.364568 -27.900612 31.851404
11.352603 -28.120743 32.094337
