#pt3d 300
-2.761110 29.917524 2.625104
-2.779528 29.543745 2.389898
-2.797946 29.169966 2.154691
-2.816365 28.796186 1.919484
-2.834783 28.422409 1.684278
-2.853201 28.048630 1.449071
-2.871619 27.674850 1.213865
-2.890037 27.301071 0.978658
-2.908456 26.927294 0.743452
-2.926874 26.553514 0.508245
-2.945292 26.179735 0.273039
-2.963710 25.805956 0.037832
-2.982128 25.432178 -0.197374
-3.000547 25.058399 -0.432581
-3.018965 24.684620 -0.667787
-3.037383 24.310841 -0.902994
-3.055801 23.937063 -1.138200
-3.074219 23.563284 -1.373407
-3.092638 23.189505 -1.608613
-3.111056 22.815725 -1.843820
-3.129474 22.441948 -2.079026
-3.147892 22.068169 -2.314233
-3.166311 21.694389 -2.549439
-3.184729 21.320610 -2.784646
-3.203147 20.946833 -3.019852
-3.221565 20.573053 -3.255059
-3.239983 20.199274 -3.490265
-3.258402 19.825495 -3.725472
-3.276820 19.451717 -3.960679
-3.295238 19.077938 -4.195885
-3.373357 18.676460 -4.358497
-3.461694 18.270245 -4.508685
-3.597972 17.860657 -4.601194
-3.738330 17.450781 -4.688796
-3.911621 17.048519 -4.747368
-4.086528 16.646631 -4.804515
-4.281726 16.254189 -4.861272
-4.478402 15.862433 -4.918000
-4.685250 15.480019 -4.997094
-4.893415 15.098815 -5.079085
-5.102359 14.728888 -5.199822
-5.311441 14.360975 -5.327483
-5.511220 14.009230 -5.504179
-5.709261 13.660503 -5.690031
-5.887354 13.334282 -5.928111
-6.062411 13.011485 -6.174138
-6.207636 12.715894 -6.468287
-6.349957 12.422951 -6.767119
-6.453733 12.158023 -7.105162
-6.554559 11.894937 -7.445574
-6.610238 11.655554 -7.812954
-6.658533 11.418638 -8.182410
-6.659890 11.197399 -8.565063
-6.643292 10.979567 -8.948251
-6.583026 10.770019 -9.332736
-6.491261 10.563519 -9.711217
-6.367261 10.360139 -10.083551
-6.203104 10.158170 -10.439748
-6.022742 9.956770 -10.789433
-5.805243 9.754347 -11.116344
-5.583448 9.551805 -11.440622
-5.336122 9.345640 -11.743437
-5.088786 9.139474 -12.046246
-4.827854 8.927050 -12.332884
-4.566900 8.714615 -12.619495
-4.299585 8.493661 -12.893471
-4.031532 8.271717 -13.165978
-3.759767 8.039497 -13.425752
-3.486587 7.803363 -13.680674
-3.210269 7.556121 -13.920649
-2.931278 7.299412 -14.147885
-2.649636 7.031064 -14.356048
-2.364292 6.746462 -14.537578
-2.078089 6.447370 -14.687214
-1.790757 6.129254 -14.794986
-1.513106 5.791879 -14.832035
-1.242987 5.443367 -14.823429
-1.021673 5.088723 -14.679833
-0.852755 4.754309 -14.459984
-0.736480 4.443436 -14.172548
-0.714130 4.190923 -13.810457
-0.749914 3.981967 -13.427530
-0.824333 3.801957 -13.030755
-0.969981 3.681054 -12.631982
-1.127839 3.570657 -12.234993
-1.331823 3.500728 -11.849153
-1.543957 3.437921 -11.467066
-1.783185 3.398790 -11.097458
-2.027157 3.363145 -10.730799
-2.286491 3.338786 -10.373693
-2.547590 3.314654 -10.017887
-2.815545 3.291404 -9.667129
-3.083676 3.266843 -9.316605
-3.352601 3.236346 -8.967147
-3.621192 3.204422 -8.617571
-3.888439 3.166764 -8.267525
-4.156384 3.130205 -7.917901
-4.426055 3.096367 -7.569327
-4.701922 3.075436 -7.224968
-4.984695 3.068896 -6.885309
-5.286301 3.109709 -6.566114
-5.597578 3.182013 -6.263825
-5.926172 3.326529 -6.005924
-6.254885 3.530447 -5.799451
-6.582618 3.767604 -5.622644
-6.892483 4.062379 -5.511003
-7.195729 4.366961 -5.411288
-7.482552 4.695880 -5.341170
-7.761562 5.032018 -5.275417
-8.027949 5.379817 -5.216715
-8.285513 5.732267 -5.148965
-8.532304 6.090398 -5.070171
-8.761621 6.448398 -4.953416
-8.977521 6.804402 -4.808200
-9.142412 7.132475 -4.562129
-9.231864 7.389488 -4.223386
-9.233463 7.546959 -3.821014
-9.163687 7.614212 -3.393818
-9.036108 7.600880 -2.970831
-8.871576 7.533137 -2.568050
-8.693654 7.445684 -2.173298
-8.483550 7.310963 -1.808499
-8.268220 7.168962 -1.450282
-8.030836 6.996243 -1.119845
-7.788157 6.816936 -0.797565
-7.527660 6.615467 -0.502738
-7.263180 6.410062 -0.214772
-6.983122 6.189269 0.046360
-6.700799 5.967136 0.303623
-6.404191 5.736557 0.536495
-6.106885 5.505882 0.768309
-5.795786 5.273302 0.979250
-5.484686 5.040722 1.190190
-5.160248 4.810894 1.383249
-4.835314 4.581168 1.575644
-4.496910 4.354887 1.747694
-4.157381 4.128894 1.918044
-3.802407 3.903360 2.053897
-3.444880 3.676900 2.179409
-3.075771 3.445224 2.253280
-2.707122 3.207609 2.281261
-2.338952 2.963820 2.261539
-2.002352 2.708429 2.134062
-1.697159 2.448629 1.957046
-1.427170 2.184283 1.727701
-1.225867 1.911403 1.445703
-1.047679 1.634183 1.152872
-0.927580 1.344159 0.841689
-0.833860 1.045101 0.531955
-0.781327 0.731935 0.224482
-0.758875 0.405658 -0.070608
-0.769022 0.065172 -0.352278
-0.808685 -0.289274 -0.610470
-0.875784 -0.656697 -0.846839
-0.968437 -1.035873 -1.050268
-1.083292 -1.425259 -1.225079
-1.216469 -1.822223 -1.360865
-1.365110 -2.225583 -1.463716
-1.522596 -2.632013 -1.526369
-1.687659 -3.041074 -1.554579
-1.851911 -3.449802 -1.545731
-2.015421 -3.858226 -1.503006
-2.170049 -4.264111 -1.428139
-2.315823 -4.667463 -1.321233
-2.446403 -5.066210 -1.186178
-2.561240 -5.460185 -1.021957
-2.655225 -5.846240 -0.831245
-2.729587 -6.224843 -0.615601
-2.776866 -6.589608 -0.372844
-2.805347 -6.944767 -0.111268
-2.799460 -7.276587 0.179012
-2.780482 -7.599515 0.480224
-2.718663 -7.886508 0.810101
-2.645821 -8.163672 1.145784
-2.533971 -8.404891 1.498877
-2.402760 -8.628814 1.855358
-2.245132 -8.829135 2.216464
-2.056145 -9.003684 2.574929
-1.854069 -9.167478 2.932293
-1.612991 -9.300244 3.278087
-1.363905 -9.425852 3.620424
-1.090370 -9.529338 3.951847
-0.807090 -9.620247 4.278198
-0.511411 -9.695153 4.598097
-0.207126 -9.751150 4.913328
0.102406 -9.795621 5.225713
0.418750 -9.814306 5.533525
0.736966 -9.825902 5.840079
1.062316 -9.806391 6.138528
1.389138 -9.782067 6.434942
1.725279 -9.731607 6.717493
2.065176 -9.675893 6.994102
2.416049 -9.604823 7.253349
2.773949 -9.530022 7.501117
3.142491 -9.449567 7.731500
3.519761 -9.369983 7.946959
3.905262 -9.291220 8.148349
4.298476 -9.218237 8.336060
4.696984 -9.149222 8.514386
5.100217 -9.089095 8.684865
5.506251 -9.034236 8.850694
5.913560 -8.989151 9.016166
6.321630 -8.949903 9.181424
6.727925 -8.920308 9.352695
7.133059 -8.897034 9.527901
7.534193 -8.883307 9.712647
7.932433 -8.876487 9.904298
8.325585 -8.879442 10.105856
8.714817 -8.889929 10.315046
9.099358 -8.910582 10.531683
9.480207 -8.939239 10.754179
9.858161 -8.978152 10.979814
10.233817 -9.025200 11.207937
10.609003 -9.082048 11.434420
10.983802 -9.146952 11.659554
11.359949 -9.220644 11.879456
11.737339 -9.302446 12.094530
12.116378 -9.391815 12.303331
12.497357 -9.490096 12.504745
12.878940 -9.594828 12.701427
13.261596 -9.711033 12.889689
13.643559 -9.832314 13.075869
14.023190 -9.970736 13.255013
14.401859 -10.111800 13.433901
14.770773 -10.279737 13.610172
15.139687 -10.447676 13.786443
15.486093 -10.654542 13.966864
15.832170 -10.861976 14.147346
16.137369 -11.118141 14.338310
16.435635 -11.380390 14.530706
16.668016 -11.695461 14.735891
16.865911 -12.026831 14.944084
16.991730 -12.392264 15.158561
17.033524 -12.773140 15.370137
17.031691 -13.162034 15.580209
16.916073 -13.542478 15.772750
16.781975 -13.917760 15.960570
16.582430 -14.273431 16.131016
16.369860 -14.622831 16.296698
16.120489 -14.954518 16.448915
15.866840 -15.283648 16.599121
15.591642 -15.599900 16.739204
15.316444 -15.916152 16.879286
15.033831 -16.228207 17.013895
14.751017 -16.540150 17.148357
14.475354 -16.858112 17.283470
14.201856 -17.177896 17.418777
13.947927 -17.511000 17.558783
13.705218 -17.851736 17.701481
13.505448 -18.213970 17.853119
13.328282 -18.587521 18.009464
13.151116 -18.961073 18.165810
12.973950 -19.334623 18.322155
12.796784 -19.708174 18.478500
12.619618 -20.081726 18.634846
12.442452 -20.455276 18.791191
12.265286 -20.828827 18.947536
12.088120 -21.202377 19.103882
11.910954 -21.575930 19.260227
11.733788 -21.949480 19.416573
11.556623 -22.323030 19.572918
11.379457 -22.696581 19.729263
11.202290 -23.070133 19.885609
11.025124 -23.443684 20.041954
10.847958 -23.817234 20.198299
10.670792 -24.190784 20.354645
10.493626 -24.564337 20.510990
10.316460 -24.937887 20.667336
10.139294 -25.311438 20.823681
9.962128 -25.684990 20.980026
9.784962 -26.058540 21.136370
9.607796 -26.432091 21.292715
9.430630 -26.805641 21.449060
9.253464 -27.179193 21.605406
9.076298 -27.552744 21.761751
8.899132 -27.926294 21.918097
8.721966 -28.299845 22.074442
8.544800 -28.673397 22.230787
8.367634 -29.046947 22.387133
8.190468 -29.420498 22.543478
8.013301 -29.794050 22.699823
7.836135 -30.167601 22.856169
7.658969 -30.541151 23.012514
7.481803 -30.914701 23.168859
7.304637 -31.288254 23.325205
7.127471 -31.661804 23.481550
6.950305 -32.035355 23.637896
6.773139 -32.408905 23.794241
6.595973 -32.782455 23.950586
6.418807 -33.156006 24.106932
6.241641 -33.529560 24.263275
6.064475 -33.903111 24.419621
5.887309 -34.276661 24.575966
5.710143 -34.650211 24.732311
5.532977 -35.023762 24.888657
5.355811 -35.397312 25.045002
5.178645 -35.770863 25.201347
5.001479 -36.144417 25.357693
4.824313 -36.517967 25.514038
4.647147 -36.891518 25.670383
