#pt3d 300
4.419212 30.967974 -5.712458
4.200984 30.720913 -5.809701
3.982756 30.473852 -5.906944
3.764528 30.226791 -6.004187
3.546299 29.979731 -6.101429
3.328071 29.732670 -6.198672
3.109843 29.485609 -6.295915
2.891615 29.238548 -6.393158
2.673386 28.991488 -6.490401
2.455158 28.744427 -6.587644
2.236930 28.497366 -6.684886
2.018702 28.250305 -6.782129
1.800473 28.003244 -6.879372
1.582245 27.756184 -6.976615
1.364017 27.509123 -7.073858
1.145788 27.262062 -7.171101
0.927560 27.015001 -7.268343
0.709332 26.767941 -7.365586
0.491104 26.520880 -7.462829
0.272875 26.273819 -7.560072
0.054647 26.026758 -7.657315
-0.163581 25.779697 -7.754558
-0.381810 25.532637 -7.851800
-0.600038 25.285576 -7.949043
-0.818266 25.038515 -8.046286
-1.036494 24.791454 -8.143529
-1.254723 24.544394 -8.240771
-1.472951 24.297333 -8.338015
-1.691179 24.050272 -8.435257
-1.909407 23.803211 -8.532500
-2.127636 23.556150 -8.629743
-2.345864 23.309090 -8.726986
-2.564092 23.062029 -8.824228
-2.782320 22.814968 -8.921472
-3.000549 22.567907 -9.018714
-3.218777 22.320847 -9.115957
-3.437006 22.073786 -9.213200
-3.655234 21.826725 -9.310443
-3.887260 21.583893 -9.380836
-4.124624 21.342695 -9.440846
-4.369783 21.106215 -9.482660
-4.621428 20.873659 -9.509337
-4.878365 20.646238 -9.521709
-5.139984 20.423361 -9.521429
-5.406046 20.206417 -9.508784
-5.674352 19.992468 -9.489896
-5.946836 19.784740 -9.463181
-6.220544 19.578432 -9.438079
-6.495752 19.373730 -9.416523
-6.770391 19.167110 -9.417437
-7.038106 18.955898 -9.456240
-7.284892 18.740818 -9.556242
-7.488787 18.529505 -9.731591
-7.639122 18.330912 -9.966889
-7.746959 18.144436 -10.233886
-7.828233 17.964287 -10.514609
-7.893036 17.786564 -10.801404
-7.943598 17.608994 -11.091285
-7.983343 17.427845 -11.380569
-8.018485 17.244654 -11.669190
-8.043525 17.054226 -11.954198
-8.064759 16.860033 -12.236854
-8.079002 16.658924 -12.515190
-8.087653 16.451677 -12.789058
-8.090698 16.238277 -13.058445
-8.086838 16.017181 -13.321341
-8.078038 15.790583 -13.579594
-8.061697 15.555472 -13.829505
-8.040825 15.315250 -14.074406
-8.012598 15.066104 -14.309176
-7.980314 14.812035 -14.538361
-7.941669 14.548552 -14.755295
-7.899796 14.280292 -14.966013
-7.853321 14.001507 -15.161159
-7.804929 13.718340 -15.349821
-7.754808 13.422326 -15.516624
-7.704260 13.123146 -15.678041
-7.657305 12.807174 -15.804745
-7.613659 12.486220 -15.917269
-7.578021 12.153621 -15.996173
-7.557781 11.813337 -16.027975
-7.553202 11.472340 -16.016346
-7.570490 11.136351 -15.947671
-7.623908 10.834333 -15.792587
-7.702024 10.577926 -15.581903
-7.797591 10.365743 -15.332543
-7.905370 10.191698 -15.056479
-8.023932 10.076237 -14.755302
-8.143862 9.979405 -14.448995
-8.265723 9.909629 -14.135307
-8.386349 9.861711 -13.817460
-8.506362 9.824594 -13.497557
-8.621701 9.805572 -13.174483
-8.736041 9.790419 -12.850731
-8.842033 9.786714 -12.523850
-8.947233 9.784094 -12.196673
-9.039782 9.785524 -11.865691
-9.130639 9.786655 -11.534276
-9.206054 9.784242 -11.198977
-9.275988 9.778914 -10.862698
-9.329862 9.765050 -10.523545
-9.370834 9.742334 -10.183434
-9.398776 9.710678 -9.842353
-9.403033 9.661308 -9.502546
-9.396134 9.603578 -9.164142
-9.365851 9.528288 -8.830175
-9.319032 9.441140 -8.501443
-9.260900 9.345947 -8.176428
-9.182589 9.237309 -7.859910
-9.096477 9.123741 -7.547331
-9.002591 9.005260 -7.238678
-8.899438 8.880016 -6.935724
-8.793773 8.751566 -6.635009
-8.684938 8.618502 -6.337406
-8.574955 8.476921 -6.044222
-8.465010 8.329097 -5.754193
-8.355839 8.169880 -5.469851
-8.248662 7.994050 -5.194905
-8.143084 7.806010 -4.927684
-8.040346 7.597604 -4.674443
-7.941324 7.367274 -4.439954
-7.845064 7.123099 -4.218748
-7.753510 6.858598 -4.019309
-7.667431 6.578516 -3.840486
-7.584701 6.290114 -3.673168
-7.509943 5.987729 -3.527934
-7.440038 5.680347 -3.391515
-7.375462 5.367479 -3.264778
-7.319403 5.049858 -3.146262
-7.266200 4.730776 -3.030201
-7.223913 4.409166 -2.916633
-7.184632 4.087667 -2.801803
-7.153389 3.766467 -2.683598
-7.127051 3.446864 -2.560204
-7.105611 3.128859 -2.431629
-7.089583 2.814900 -2.292928
-7.075533 2.502420 -2.150529
-7.065130 2.196676 -1.993928
-7.054624 1.892664 -1.834089
-7.043407 1.594061 -1.664297
-7.029223 1.298169 -1.490151
-7.011806 1.005231 -1.311257
-6.985739 0.714996 -1.129130
-6.956491 0.425725 -0.945873
-6.910485 0.138240 -0.763240
-6.858376 -0.148937 -0.582041
-6.790904 -0.435343 -0.404452
-6.709290 -0.720649 -0.231571
-6.616846 -1.005112 -0.062298
-6.501267 -1.285856 0.098435
-6.377854 -1.564882 0.256300
-6.230340 -1.837130 0.405428
-6.071513 -2.104543 0.550862
-5.896759 -2.365148 0.691094
-5.704685 -2.615452 0.826651
-5.504580 -2.860980 0.960040
-5.283390 -3.090049 1.089156
-5.057479 -3.314765 1.217541
-4.815689 -3.523843 1.343804
-4.567824 -3.725580 1.469661
-4.310349 -3.915704 1.594876
-4.045589 -4.095299 1.719974
-3.775654 -4.267419 1.844989
-3.498209 -4.427022 1.969909
-3.218470 -4.582800 2.094800
-2.931378 -4.724967 2.219174
-2.643143 -4.864937 2.343389
-2.348998 -4.993207 2.466452
-2.053381 -5.118489 2.588928
-1.753472 -5.235061 2.709693
-1.451310 -5.346981 2.829070
-1.145998 -5.452396 2.946506
-0.837634 -5.551180 3.061527
-0.527102 -5.645256 3.174835
-0.212751 -5.730168 3.284639
0.102801 -5.812202 3.393343
0.422791 -5.881507 3.497795
0.743609 -5.947995 3.601446
1.067956 -6.001611 3.701658
1.393395 -6.049595 3.800856
1.720946 -6.086680 3.898089
2.049572 -6.114092 3.994490
2.379091 -6.133465 4.090200
2.708978 -6.139238 4.186113
3.038986 -6.140561 4.282093
3.367946 -6.125167 4.380354
3.696441 -6.106513 4.479471
4.022805 -6.074855 4.582443
4.347761 -6.038620 4.688075
4.670301 -5.994535 4.798271
4.990046 -5.945613 4.914205
5.307711 -5.893090 5.034410
5.620748 -5.837505 5.164795
5.932426 -5.781098 5.298172
6.237067 -5.725609 5.447283
6.539398 -5.671581 5.601258
6.835242 -5.621655 5.768895
7.125305 -5.576897 5.947295
7.410346 -5.536628 6.135041
7.684821 -5.507019 6.339497
7.955204 -5.481709 6.549928
8.213744 -5.469391 6.776033
8.466189 -5.464597 7.008846
8.711375 -5.468763 7.249648
8.947870 -5.486383 7.498212
9.181158 -5.509487 7.749469
9.407158 -5.549966 8.005212
9.631452 -5.598359 8.260872
9.852974 -5.659616 8.516400
10.073241 -5.737005 8.768360
10.292923 -5.821916 9.018658
10.511504 -5.933492 9.259245
10.729233 -6.054434 9.495583
10.945024 -6.196286 9.722367
11.156671 -6.357871 9.938948
11.365818 -6.531348 10.149379
11.563435 -6.734690 10.343419
11.755424 -6.947636 10.532159
11.934166 -7.181805 10.709178
12.098825 -7.430971 10.878249
12.253739 -7.690519 11.041821
12.383535 -7.968278 11.196732
12.504831 -8.250887 11.349577
12.600854 -8.545781 11.497685
12.682869 -8.844954 11.644722
12.747445 -9.149451 11.790425
12.791176 -9.457329 11.936094
12.825631 -9.766710 12.081748
12.835271 -10.077332 12.228325
12.839856 -10.387983 12.375080
12.824512 -10.698062 12.522505
12.803536 -11.007802 12.669716
12.770329 -11.316803 12.816462
12.730638 -11.625718 12.961614
12.684319 -11.934546 13.105136
12.632010 -12.244356 13.244322
12.576745 -12.554652 13.381367
12.521480 -12.864947 13.518412
12.466214 -13.175242 13.655457
12.410950 -13.485538 13.792501
12.355684 -13.795834 13.929545
12.300419 -14.106129 14.066590
12.245153 -14.416425 14.203635
12.189888 -14.726720 14.340680
12.134624 -15.037015 14.477725
12.079358 -15.347311 14.614770
12.024093 -15.657606 14.751815
11.968827 -15.967901 14.888860
11.913563 -16.278196 15.025905
11.858297 -16.588493 15.162950
11.803032 -16.898788 15.299994
11.747766 -17.209084 15.437038
11.692501 -17.519379 15.574083
11.637237 -17.829674 15.711128
11.581971 -18.139969 15.848173
11.526706 -18.450266 15.985218
11.471440 -18.760561 16.122263
11.416176 -19.070856 16.259308
11.360910 -19.381151 16.396353
11.305645 -19.691446 16.533398
11.250380 -20.001741 16.670443
11.195114 -20.312038 16.807487
11.139850 -20.622334 16.944532
11.084584 -20.932629 17.081577
11.029319 -21.242924 17.218620
10.974053 -21.553219 17.355665
10.918788 -21.863514 17.492710
10.863523 -22.173811 17.629755
10.808258 -22.484106 17.766800
10.752993 -22.794401 17.903845
10.697727 -23.104696 18.040890
10.642463 -23.414991 18.177935
10.587197 -23.725286 18.314980
10.531932 -24.035583 18.452024
10.476666 -24.345879 18.589069
10.421401 -24.656174 18.726114
10.366137 -24.966469 18.863159
10.310871 -25.276764 19.000204
10.255606 -25.587059 19.137249
10.200340 -25.897356 19.274294
10.145076 -26.207651 19.411339
10.089810 -26.517946 19.548384
10.034545 -26.828241 19.685429
9.979280 -27.138536 19.822474
9.924014 -27.448833 19.959517
9.868750 -27.759129 20.096561
9.813484 -28.069424 20.233606
9.758219 -28.379719 20.370651
9.702953 -28.690014 20.507696
9.647688 -29.000309 20.644741
9.592423 -29.310606 20.781786
9.537158 -29.620901 20.918831
9.481893 -29.931196 21.055876
9.426627 -30.241491 21.192921
9.371363 -30.551786 21.329966
9.316097 -30.862082 21.467010
9.260832 -31.172379 21.604055
9.205566 -31.482674 21.741100
9.150301 -31.792969 21.878145
9.095037 -32.103264 22.015190
