#pt3d 300
0.894539 25.603779 -17.190039
0.830018 25.282173 -17.000685
0.765497 24.960567 -16.811331
0.700976 24.638962 -16.621977
0.636455 24.317356 -16.432625
0.571934 23.995750 -16.243271
0.507413 23.674145 -16.053917
0.442892 23.352539 -15.864564
0.378371 23.030933 -15.675210
0.313850 22.709330 -15.485857
0.249329 22.387724 -15.296503
0.184808 22.066118 -15.107150
0.120287 21.744513 -14.917796
0.055766 21.422907 -14.728443
-0.008755 21.101301 -14.539089
-0.073276 20.779696 -14.349736
-0.137796 20.458090 -14.160382
-0.202317 20.136484 -13.971029
-0.266838 19.814878 -13.781675
-0.331359 19.493273 -13.592322
-0.395880 19.171667 -13.402968
-0.460401 18.850061 -13.213615
-0.524922 18.528456 -13.024261
-0.589443 18.206850 -12.834908
-0.653964 17.885244 -12.645555
-0.718485 17.563639 -12.456202
-0.783006 17.242033 -12.266848
-0.847527 16.920427 -12.077495
-0.912048 16.598822 -11.888141
-0.976569 16.277216 -11.698788
-1.041090 15.955610 -11.509434
-1.105611 15.634005 -11.320081
-1.170132 15.312399 -11.130727
-1.234653 14.990793 -10.941374
-1.316822 14.680560 -10.741179
-1.410821 14.377951 -10.533720
-1.525524 14.091308 -10.314746
-1.644720 13.808129 -10.093272
-1.784801 13.543461 -9.861419
-1.926557 13.280388 -9.628820
-2.085079 13.033693 -9.389112
-2.245019 12.788432 -9.148959
-2.418709 12.557076 -8.904513
-2.593281 12.326531 -8.659968
-2.779994 12.107161 -8.414077
-2.966887 11.887901 -8.168229
-3.165277 11.675753 -7.925161
-3.363668 11.463603 -7.682094
-3.572979 11.252120 -7.447772
-3.782583 11.040640 -7.213701
-4.003365 10.821094 -6.998056
-4.225733 10.598523 -6.787706
-4.456715 10.359527 -6.606113
-4.689716 10.104874 -6.453943
-4.924321 9.832850 -6.335289
-5.144096 9.525461 -6.309625
-5.327255 9.205106 -6.372357
-5.461823 8.887343 -6.515512
-5.549259 8.581399 -6.718268
-5.578818 8.300164 -6.970223
-5.574852 8.035090 -7.238886
-5.550981 7.779613 -7.517470
-5.487432 7.541790 -7.805026
-5.417874 7.306483 -8.093349
-5.313363 7.084722 -8.382048
-5.204401 6.864587 -8.670067
-5.064237 6.655849 -8.953317
-4.919805 6.448785 -9.235369
-4.745239 6.253536 -9.508960
-4.567501 6.059715 -9.781294
-4.360856 5.878908 -10.042167
-4.152400 5.699014 -10.302089
-3.917713 5.532344 -10.548242
-3.682261 5.366047 -10.793856
-3.424608 5.210572 -11.023834
-3.166482 5.055231 -11.253335
-2.890715 4.904891 -11.464991
-2.613787 4.754213 -11.674747
-2.323750 4.599733 -11.863063
-2.030957 4.441019 -12.042582
-1.730068 4.269868 -12.196275
-1.426683 4.079540 -12.315196
-1.124510 3.869344 -12.394846
-0.836154 3.623787 -12.394614
-0.606053 3.352022 -12.270744
-0.460803 3.090699 -12.046769
-0.393511 2.858034 -11.762066
-0.382384 2.653281 -11.445911
-0.431974 2.486445 -11.109527
-0.522314 2.349802 -10.770092
-0.634739 2.229520 -10.429004
-0.801439 2.154592 -10.097611
-0.980824 2.091433 -9.771491
-1.202529 2.068439 -9.465279
-1.442550 2.065999 -9.174869
-1.709723 2.094028 -8.907884
-1.996421 2.149465 -8.669548
-2.296867 2.224202 -8.451387
-2.611487 2.325587 -8.268678
-2.931340 2.436810 -8.099056
-3.258462 2.567391 -7.960982
-3.587235 2.702368 -7.830073
-3.918853 2.847363 -7.718889
-4.250999 2.994220 -7.611374
-4.583938 3.142910 -7.508973
-4.917019 3.291932 -7.407501
-5.248978 3.435810 -7.295559
-5.580773 3.578942 -7.182100
-5.906124 3.709910 -7.039207
-6.227806 3.837057 -6.886385
-6.535264 3.949879 -6.696152
-6.822938 4.051042 -6.474340
-7.093726 4.142377 -6.225926
-7.306979 4.212073 -5.920782
-7.479120 4.270911 -5.591612
-7.608301 4.318833 -5.239827
-7.663271 4.350924 -4.866468
-7.665960 4.371439 -4.490355
-7.628516 4.382306 -4.114698
-7.529150 4.375467 -3.749284
-7.390022 4.352533 -3.399554
-7.225591 4.319115 -3.060184
-7.012304 4.257380 -2.753352
-6.787014 4.185568 -2.458742
-6.539248 4.094885 -2.187013
-6.280623 3.989244 -1.932222
-6.013652 3.872108 -1.690451
-5.742249 3.739255 -1.462602
-5.468699 3.598787 -1.241497
-5.197467 3.443465 -1.027885
-4.927268 3.281526 -0.817608
-4.664992 3.105057 -0.609336
-4.406722 2.921244 -0.402075
-4.161807 2.721237 -0.194165
-3.924022 2.512586 0.014092
-3.708373 2.281636 0.222002
-3.501215 2.042132 0.429779
-3.334922 1.765819 0.627854
-3.190967 1.471983 0.814709
-3.086969 1.147461 0.979990
-3.046244 0.788203 1.088059
-3.048157 0.417051 1.140920
-3.085250 0.041824 1.138393
-3.149724 -0.325413 1.071850
-3.218038 -0.680854 0.963261
-3.285741 -1.030972 0.836245
-3.341068 -1.372506 0.682161
-3.387006 -1.713404 0.524193
-3.417354 -2.053248 0.359776
-3.432460 -2.395631 0.199301
-3.433084 -2.740425 0.042572
-3.415536 -3.090522 -0.099495
-3.385660 -3.444216 -0.231615
-3.336486 -3.804175 -0.335972
-3.278023 -4.167150 -0.426964
-3.200038 -4.534038 -0.472919
-3.116842 -4.901971 -0.506851
-3.014933 -5.264980 -0.473998
-2.909744 -5.624199 -0.424736
-2.793310 -5.967169 -0.314001
-2.673049 -6.295323 -0.173306
-2.547697 -6.603774 0.007229
-2.417882 -6.883056 0.225121
-2.285860 -7.147910 0.461490
-2.147300 -7.373709 0.731405
-2.007637 -7.593153 1.006657
-1.857517 -7.772355 1.304648
-1.705978 -7.948190 1.603701
-1.541425 -8.093179 1.912487
-1.374221 -8.233959 2.221566
-1.191875 -8.350714 2.532316
-1.005893 -8.462892 2.842353
-0.803918 -8.554934 3.149244
-0.597495 -8.641441 3.454490
-0.376116 -8.709336 3.754205
-0.149701 -8.769179 4.051491
0.088467 -8.810229 4.343106
0.331560 -8.838223 4.631682
0.581742 -8.847424 4.915886
0.835000 -8.835528 5.196612
1.090631 -8.807349 5.474652
1.344949 -8.748451 5.748503
1.598847 -8.679747 6.021015
1.845609 -8.573161 6.287768
2.090432 -8.459414 6.553083
2.327972 -8.319979 6.813046
2.563154 -8.171853 7.070069
2.794779 -8.010613 7.322655
3.026864 -7.842955 7.570504
3.259278 -7.670704 7.814965
3.498230 -7.497427 8.052228
3.739320 -7.323815 8.287137
3.994403 -7.156188 8.511308
4.252357 -6.990142 8.733302
4.526867 -6.834656 8.942864
4.805895 -6.682703 9.148705
5.097576 -6.540640 9.344124
5.394810 -6.403750 9.534517
5.699481 -6.273787 9.718184
6.008626 -6.149089 9.897854
6.321030 -6.028227 10.074614
6.635423 -5.912105 10.250993
6.950603 -5.797853 10.427222
7.264916 -5.688918 10.608270
7.579076 -5.580932 10.790178
7.889931 -5.481890 10.982542
8.200214 -5.384831 11.176723
8.506769 -5.301052 11.382766
8.812195 -5.223361 11.592492
9.114525 -5.162349 11.812314
9.415085 -5.114213 12.037098
9.713202 -5.083834 12.268725
10.008509 -5.074353 12.504950
10.301704 -5.080573 12.744628
10.590112 -5.115160 12.986977
10.876572 -5.161291 13.230412
11.154702 -5.241805 13.474055
11.431192 -5.329087 13.717741
11.693432 -5.456102 13.959511
11.953272 -5.588357 14.200916
12.192125 -5.760760 14.438980
12.423192 -5.943521 14.675797
12.627969 -6.161254 14.908405
12.811303 -6.398780 15.137091
12.966922 -6.661891 15.360704
13.076824 -6.952646 15.574174
13.167210 -7.255201 15.783312
13.182479 -7.582975 15.972463
13.176362 -7.912743 16.155333
13.118039 -8.247373 16.322872
13.026831 -8.577514 16.481236
12.906307 -8.903652 16.631420
12.752932 -9.217415 16.776047
12.585002 -9.525696 16.918211
12.390528 -9.815657 17.064091
12.189270 -10.100937 17.210918
11.969788 -10.361327 17.376158
11.747799 -10.617658 17.544674
11.520046 -10.836658 17.753517
11.297139 -11.039919 17.979158
11.087635 -11.199646 18.251268
10.916006 -11.301167 18.567120
10.766433 -11.368794 18.908443
10.616859 -11.436421 19.249767
10.467285 -11.504048 19.591091
10.317712 -11.571675 19.932417
10.168139 -11.639302 20.273741
10.018565 -11.706929 20.615065
9.868991 -11.774556 20.956388
9.719418 -11.842183 21.297712
9.569844 -11.909810 21.639038
9.420271 -11.977437 21.980362
9.270697 -12.045065 22.321686
9.121123 -12.112692 22.663010
8.971550 -12.180319 23.004333
8.821977 -12.247946 23.345659
8.672403 -12.315573 23.686983
8.522829 -12.383200 24.028307
8.373256 -12.450827 24.369631
8.223682 -12.518454 24.710955
8.074109 -12.586081 25.052280
7.924535 -12.653708 25.393604
7.774961 -12.721334 25.734928
7.625388 -12.788961 26.076252
7.475814 -12.856588 26.417576
7.326241 -12.924215 26.758902
7.176667 -12.991842 27.100225
7.027094 -13.059469 27.441549
6.877520 -13.127097 27.782873
6.727947 -13.194724 28.124197
6.578373 -13.262351 28.465523
6.428800 -13.329978 28.806847
6.279226 -13.397605 29.148170
6.129653 -13.465232 29.489494
5.980079 -13.532859 29.830818
5.830505 -13.600486 30.172144
5.680932 -13.668113 30.513468
5.531358 -13.735740 30.854792
5.381785 -13.803367 31.196115
5.232211 -13.870994 31.537439
5.082638 -13.938621 31.878765
4.933064 -14.006248 32.220089
4.783491 -14.073874 32.561413
4.633917 -14.141502 32.902737
4.484344 -14.209129 33.244061
4.334770 -14.276756 33.585384
4.185196 -14.344383 33.926708
4.035623 -14.412010 34.268032
3.886049 -14.479637 34.609360
3.736476 -14.547264 34.950684
3.586902 -14.614891 35.292007
3.437329 -14.682518 35.633331
3.287755 -14.750145 35.974655
3.138181 -14.817772 36.315979
2.988608 -14.885399 36.657303
2.839034 -14.953026 36.998627
2.689461 -15.020653 37.339951
2.539887 -15.088280 37.681274
2.390314 -15.155908 38.022602
2.240740 -15.223535 38.363926
