#pt3d 300
0.369588 23.788532 -11.242059
0.253189 23.505150 -11.079192
0.136789 23.221767 -10.916326
0.020390 22.938383 -10.753459
-0.096010 22.655001 -10.590592
-0.212409 22.371618 -10.427726
-0.328808 22.088234 -10.264860
-0.445208 21.804852 -10.101994
-0.561607 21.521469 -9.939127
-0.678007 21.238087 -9.776260
-0.794406 20.954702 -9.613394
-0.910806 20.671320 -9.450527
-1.027205 20.387938 -9.287661
-1.143605 20.104553 -9.124795
-1.260004 19.821171 -8.961928
-1.376403 19.537788 -8.799062
-1.492803 19.254404 -8.636195
-1.609202 18.971022 -8.473329
-1.725602 18.687639 -8.310462
-1.842001 18.404255 -8.147596
-1.958400 18.120872 -7.984729
-2.074800 17.837490 -7.821863
-2.191199 17.554108 -7.658997
-2.307599 17.270723 -7.496130
-2.423998 16.987341 -7.333264
-2.540398 16.703959 -7.170397
-2.656797 16.420574 -7.007531
-2.773197 16.137192 -6.844664
-2.889596 15.853808 -6.681798
-3.005996 15.570426 -6.518931
-3.122395 15.287043 -6.356065
-3.238794 15.003660 -6.193199
-3.355194 14.720277 -6.030332
-3.471593 14.436893 -5.867465
-3.587993 14.153511 -5.704599
-3.704392 13.870128 -5.541733
-3.820791 13.586745 -5.378866
-3.937191 13.303362 -5.216000
-4.098265 13.012631 -5.118727
-4.266189 12.722658 -5.034620
-4.477046 12.447537 -5.049713
-4.699107 12.202826 -5.134641
-4.925672 11.992484 -5.286107
-5.142812 11.826002 -5.499449
-5.340388 11.690525 -5.749447
-5.526161 11.564475 -6.013532
-5.697518 11.445029 -6.290570
-5.851305 11.315139 -6.572985
-5.995327 11.175141 -6.855379
-6.121594 11.011481 -7.134040
-6.228063 10.818698 -7.400949
-6.321009 10.607080 -7.658910
-6.383629 10.358231 -7.892432
-6.426256 10.091743 -8.108552
-6.452321 9.810644 -8.310255
-6.447385 9.512723 -8.487555
-6.433081 9.211886 -8.659255
-6.396669 8.906312 -8.819501
-6.348125 8.602598 -8.979608
-6.287708 8.300705 -9.139577
-6.210786 8.009518 -9.311429
-6.126929 7.724621 -9.490215
-6.026082 7.462704 -9.694201
-5.914771 7.224395 -9.918518
-5.794287 7.007380 -10.160605
-5.656647 6.845034 -10.434611
-5.510627 6.713445 -10.718781
-5.357193 6.609069 -11.011943
-5.189851 6.548344 -11.309627
-5.017787 6.497187 -11.606209
-4.835883 6.464715 -11.899870
-4.646451 6.437410 -12.189112
-4.450491 6.414585 -12.474523
-4.244639 6.388721 -12.752500
-4.034832 6.361644 -13.027505
-3.812690 6.319627 -13.290603
-3.586291 6.269016 -13.548095
-3.350011 6.195570 -13.791318
-3.105253 6.080254 -14.006975
-2.864567 5.890744 -14.158215
-2.764460 5.601146 -14.071422
-2.839766 5.371805 -13.828845
-2.973299 5.198008 -13.561131
-3.137798 5.064116 -13.286551
-3.318321 4.959205 -13.010244
-3.505489 4.866598 -12.733225
-3.706186 4.814614 -12.455019
-3.908249 4.773502 -12.176723
-4.115005 4.769751 -11.898125
-4.320089 4.790122 -11.620428
-4.522913 4.843070 -11.343951
-4.714973 4.935572 -11.071818
-4.901459 5.048564 -10.801937
-5.062943 5.210033 -10.541241
-5.216585 5.382186 -10.282812
-5.343832 5.584400 -10.031221
-5.458367 5.793847 -9.780058
-5.554443 6.013799 -9.529517
-5.633060 6.233671 -9.273293
-5.701047 6.453493 -9.013609
-5.747132 6.658256 -8.737642
-5.786039 6.855543 -8.455432
-5.803012 7.020939 -8.150906
-5.807435 7.158852 -7.834319
-5.798646 7.267840 -7.505041
-5.767160 7.312106 -7.163071
-5.725959 7.323480 -6.820730
-5.671380 7.287367 -6.480000
-5.605866 7.200813 -6.151662
-5.536327 7.092935 -5.829900
-5.460970 6.941446 -5.526993
-5.385368 6.773340 -5.233893
-5.309438 6.583034 -4.953896
-5.236370 6.372541 -4.688559
-5.164799 6.151486 -4.430891
-5.100183 5.908347 -4.192282
-5.037252 5.660386 -3.958009
-4.984621 5.390860 -3.745957
-4.935024 5.116474 -3.539987
-4.894519 4.827524 -3.352244
-4.859588 4.531266 -3.175734
-4.830891 4.226836 -3.011786
-4.809051 3.914708 -2.862291
-4.790051 3.599391 -2.718784
-4.776771 3.278100 -2.588544
-4.764066 2.956059 -2.460081
-4.752469 2.632214 -2.336103
-4.739269 2.309001 -2.210673
-4.723946 1.986625 -2.083319
-4.702772 1.667617 -1.948714
-4.678777 1.350234 -1.810611
-4.642931 1.040550 -1.658436
-4.603410 0.733370 -1.502326
-4.550773 0.435290 -1.332745
-4.491097 0.142193 -1.157367
-4.421269 -0.143717 -0.973629
-4.340582 -0.422176 -0.783348
-4.253683 -0.696371 -0.589323
-4.153514 -0.962053 -0.390051
-4.050410 -1.225881 -0.189713
-3.934546 -1.482275 0.013309
-3.816476 -1.737510 0.216465
-3.690531 -1.988611 0.420098
-3.562055 -2.238551 0.623549
-3.429678 -2.486701 0.826719
-3.295647 -2.734242 1.029542
-3.160358 -2.981319 1.232101
-3.025018 -3.228616 1.434357
-2.889663 -3.475988 1.636511
-2.755659 -3.724293 1.838420
-2.621895 -3.972781 2.040264
-2.489065 -4.222020 2.241800
-2.355760 -4.471221 2.443065
-2.221574 -4.720356 2.643830
-2.084263 -4.968518 2.843662
-1.944646 -5.215962 3.042808
-1.796649 -5.460302 3.239670
-1.645914 -5.703597 3.435766
-1.481201 -5.941131 3.627671
-1.311285 -6.176272 3.817754
-1.128987 -6.405716 4.003503
-0.936954 -6.630105 4.185252
-0.736320 -6.850027 4.363467
-0.522726 -7.062074 4.535820
-0.304792 -7.271482 4.706211
-0.072356 -7.470200 4.870051
0.162518 -7.666786 5.032931
0.409250 -7.852144 5.191506
0.659316 -8.033242 5.349537
0.918057 -8.203259 5.506151
1.181654 -8.364792 5.663249
1.451540 -8.515341 5.820972
1.727783 -8.650633 5.980929
2.008139 -8.776052 6.142332
2.295961 -8.876030 6.307762
2.585815 -8.968670 6.474316
2.882399 -9.024779 6.645400
3.179926 -9.069350 6.817230
3.479876 -9.084284 6.990975
3.779498 -9.077329 7.164618
4.078844 -9.051820 7.338175
4.375328 -8.997957 7.509542
4.670933 -8.935975 7.680222
4.961895 -8.846872 7.846903
5.251845 -8.753241 8.012645
5.538580 -8.645183 8.175394
5.824261 -8.532711 8.336908
6.108530 -8.414318 8.496767
6.392491 -8.294379 8.656013
6.676251 -8.173430 8.814857
6.960824 -8.055385 8.974422
7.245621 -7.938138 9.134185
7.531985 -7.828872 9.296774
7.818579 -7.721765 9.460330
8.106045 -7.623595 9.627980
8.393370 -7.530001 9.798338
8.680480 -7.443361 9.972812
8.966198 -7.363734 10.152691
9.251078 -7.288328 10.335825
9.532532 -7.222365 10.527615
9.812926 -7.159099 10.721861
10.088441 -7.107037 10.926217
10.361873 -7.060156 11.134359
10.631012 -7.023963 11.350309
10.895846 -7.000036 11.572817
11.157410 -6.985428 11.800306
11.410775 -6.994448 12.036845
11.661043 -7.011836 12.276248
11.898064 -7.061746 12.524664
12.126983 -7.126947 12.776093
12.342530 -7.217384 13.032492
12.537589 -7.336154 13.292576
12.722998 -7.468270 13.554395
12.869930 -7.638783 13.818378
13.002708 -7.819387 14.081948
13.103340 -8.022655 14.344503
13.173699 -8.240409 14.603845
13.223939 -8.467788 14.861051
13.228621 -8.708832 15.109960
13.220158 -8.952758 15.355883
13.170101 -9.203100 15.590837
13.103620 -9.453981 15.820033
13.010708 -9.705730 16.039965
12.897691 -9.956138 16.251059
12.770448 -10.205596 16.455902
12.624701 -10.452373 16.651085
12.472988 -10.698285 16.843153
12.308360 -10.941572 17.027719
12.142175 -11.184528 17.211388
11.972091 -11.426363 17.392958
11.803363 -11.668366 17.575533
11.640111 -11.911057 17.762163
11.484543 -12.154584 17.953842
11.340933 -12.399416 18.153376
11.219816 -12.644906 18.365658
11.111531 -12.890773 18.585213
11.053323 -13.132456 18.826815
10.998597 -13.373849 19.069950
10.943871 -13.615241 19.313087
10.889146 -13.856633 19.556223
10.834420 -14.098025 19.799358
10.779695 -14.339417 20.042494
10.724969 -14.580811 20.285631
10.670244 -14.822203 20.528767
10.615519 -15.063595 20.771902
10.560793 -15.304987 21.015038
10.506067 -15.546380 21.258175
10.451342 -15.787772 21.501310
10.396616 -16.029165 21.744446
10.341890 -16.270557 21.987581
10.287166 -16.511950 22.230719
10.232440 -16.753342 22.473854
10.177714 -16.994734 22.716990
10.122989 -17.236126 22.960125
10.068263 -17.477518 23.203262
10.013537 -17.718910 23.446398
9.958813 -17.960302 23.689533
9.904087 -18.201696 23.932669
9.849361 -18.443089 24.175806
9.794636 -18.684481 24.418941
9.739910 -18.925873 24.662077
9.685184 -19.167265 24.905212
9.630459 -19.408657 25.148350
9.575734 -19.650049 25.391485
9.521008 -19.891441 25.634621
9.466283 -20.132833 25.877756
9.411557 -20.374228 26.120893
9.356832 -20.615620 26.364029
9.302106 -20.857012 26.607164
9.247380 -21.098404 26.850302
9.192656 -21.339796 27.093437
9.137930 -21.581188 27.336573
9.083204 -21.822580 27.579708
9.028479 -22.063972 27.822845
8.973753 -22.305367 28.065981
8.919027 -22.546759 28.309116
8.864303 -22.788151 28.552252
8.809577 -23.029543 28.795389
8.754851 -23.270935 29.038525
8.700126 -23.512327 29.281660
8.645400 -23.753719 29.524796
8.590674 -23.995111 29.767933
8.535949 -24.236504 30.011068
8.481224 -24.477898 30.254204
8.426498 -24.719290 30.497339
8.371773 -24.960682 30.740477
8.317047 -25.202074 30.983612
8.262321 -25.443466 31.226748
8.207596 -25.684858 31.469883
8.152870 -25.926250 31.713020
8.098145 -26.167643 31.956156
8.043420 -26.409037 32.199291
7.988694 -26.650429 32.442429
7.933969 -26.891821 32.685562
7.879243 -27.133213 32.928699
7.824518 -27.374605 33.171837
7.769792 -27.615997 33.414970
7.715066 -27.857389 33.658108
7.660341 -28.098782 33.901241
7.605616 -28.340174 34.144379
