#pt3d 300
0.484994 27.522297 -12.352596
0.350640 27.219017 -12.279084
0.216287 26.915737 -12.205573
0.081933 26.612457 -12.132062
-0.052421 26.309177 -12.058551
-0.186774 26.005898 -11.985040
-0.321128 25.702618 -11.911529
-0.455482 25.399338 -11.838017
-0.589836 25.096058 -11.764506
-0.724189 24.792778 -11.690995
-0.858543 24.489498 -11.617484
-0.992897 24.186218 -11.543973
-1.127250 23.882938 -11.470462
-1.261604 23.579659 -11.396951
-1.395958 23.276379 -11.323440
-1.530311 22.973099 -11.249928
-1.664665 22.669819 -11.176417
-1.799019 22.366539 -11.102906
-1.933373 22.063259 -11.029395
-2.067726 21.759981 -10.955884
-2.202080 21.456701 -10.882373
-2.336434 21.153421 -10.808862
-2.470788 20.850142 -10.735351
-2.605141 20.546862 -10.661839
-2.739495 20.243582 -10.588328
-2.873849 19.940302 -10.514817
-3.008202 19.637022 -10.441306
-3.142556 19.333742 -10.367795
-3.276910 19.030462 -10.294284
-3.411263 18.727182 -10.220773
-3.545617 18.423903 -10.147262
-3.679971 18.120623 -10.073750
-3.814325 17.817343 -10.000239
-3.948678 17.514063 -9.926728
-4.083032 17.210783 -9.853217
-4.217386 16.907503 -9.779706
-4.351739 16.604223 -9.706195
-4.488974 16.302528 -9.632348
-4.659652 16.019228 -9.554609
-4.839277 15.741959 -9.476498
-5.033376 15.474446 -9.397782
-5.235963 15.213219 -9.319827
-5.444250 14.956212 -9.242382
-5.657958 14.703013 -9.167306
-5.873456 14.451073 -9.093012
-6.090071 14.198796 -9.023263
-6.306835 13.946457 -8.954187
-6.519003 13.688233 -8.893043
-6.729205 13.428039 -8.833967
-6.930006 13.158422 -8.784786
-7.122512 12.882026 -8.743026
-7.303488 12.596207 -8.711582
-7.461423 12.296219 -8.699342
-7.603810 11.988537 -8.699802
-7.713130 11.667984 -8.726791
-7.787710 11.342207 -8.781130
-7.836187 11.015480 -8.856148
-7.849773 10.691953 -8.959000
-7.834197 10.378357 -9.087077
-7.804837 10.071131 -9.228217
-7.757065 9.775677 -9.389023
-7.702404 9.488509 -9.561666
-7.643055 9.206976 -9.742360
-7.582063 8.934750 -9.936178
-7.521077 8.664373 -10.132649
-7.464573 8.400675 -10.339298
-7.409753 8.137547 -10.547079
-7.362009 7.876810 -10.759613
-7.317627 7.615490 -10.972097
-7.280764 7.352866 -11.184472
-7.249333 7.086744 -11.393175
-7.224563 6.816333 -11.597375
-7.208846 6.536223 -11.788556
-7.197783 6.251121 -11.973000
-7.203573 5.945270 -12.120834
-7.221087 5.628412 -12.237094
-7.255737 5.299644 -12.305621
-7.315680 4.965281 -12.299154
-7.410865 4.659816 -12.184974
-7.532166 4.409413 -11.994264
-7.672228 4.217155 -11.755897
-7.824906 4.072310 -11.491289
-7.988068 3.972597 -11.210453
-8.160355 3.916982 -10.923639
-8.335911 3.878638 -10.635777
-8.516748 3.870948 -10.348249
-8.698688 3.877719 -10.061758
-8.881715 3.898759 -9.776290
-9.062170 3.934013 -9.490727
-9.241634 3.974744 -9.205128
-9.410972 4.026812 -8.915254
-9.576172 4.080626 -8.623412
-9.724154 4.138779 -8.323156
-9.856424 4.195652 -8.015959
-9.971066 4.251086 -7.700970
-10.041668 4.295012 -7.371996
-10.078497 4.326620 -7.037659
-10.072405 4.341311 -6.698730
-9.990504 4.318443 -6.369789
-9.856464 4.263518 -6.065328
-9.682948 4.181048 -5.787868
-9.475880 4.071992 -5.541571
-9.242689 3.933598 -5.337764
-9.002698 3.784068 -5.150668
-8.754367 3.617786 -4.989066
-8.504822 3.439585 -4.843616
-8.254527 3.254028 -4.708137
-8.007739 3.055531 -4.585443
-7.761712 2.854228 -4.465521
-7.523628 2.640078 -4.352026
-7.286910 2.424376 -4.238677
-7.059918 2.198606 -4.124941
-6.836054 1.970520 -4.009860
-6.621685 1.735405 -3.890696
-6.412976 1.497120 -3.768141
-6.212182 1.254405 -3.640844
-6.019996 1.007680 -3.508360
-5.833190 0.758451 -3.372634
-5.658144 0.503943 -3.231284
-5.486486 0.247856 -3.088569
-5.327864 -0.014749 -2.942587
-5.174141 -0.280192 -2.796717
-5.030334 -0.551378 -2.651077
-4.895779 -0.828348 -2.507804
-4.767819 -1.109441 -2.366218
-4.653991 -1.399247 -2.230475
-4.544191 -1.691471 -2.096483
-4.450443 -1.992670 -1.970294
-4.361229 -2.296041 -1.846339
-4.283260 -2.604800 -1.727922
-4.211137 -2.915832 -1.611978
-4.145159 -3.229254 -1.498633
-4.083045 -3.543586 -1.385661
-4.022777 -3.858354 -1.272868
-3.959928 -4.170966 -1.155595
-3.895233 -4.482453 -1.036481
-3.818247 -4.787151 -0.907386
-3.730836 -5.085686 -0.771786
-3.627831 -5.374999 -0.626454
-3.496053 -5.643850 -0.467220
-3.346751 -5.898568 -0.300879
-3.162764 -6.122108 -0.123082
-2.951164 -6.313871 0.058589
-2.722214 -6.484548 0.241766
-2.464781 -6.613894 0.421853
-2.196372 -6.723945 0.597238
-1.916909 -6.814567 0.767890
-1.626254 -6.882539 0.929596
-1.332619 -6.944453 1.088880
-1.030379 -6.986921 1.238148
-0.727241 -7.027009 1.386114
-0.419745 -7.055557 1.527765
-0.111383 -7.080658 1.668058
0.198993 -7.097758 1.805200
0.509771 -7.109430 1.941859
0.821070 -7.114071 2.077892
1.131811 -7.109114 2.214955
1.442184 -7.097796 2.352702
1.750027 -7.069243 2.493346
2.056811 -7.034629 2.634991
2.358286 -6.976327 2.780412
2.656460 -6.906933 2.927055
2.949617 -6.820676 3.075555
3.235820 -6.715624 3.225021
3.518893 -6.602356 3.374833
3.794336 -6.471483 3.524622
4.067857 -6.336550 3.674229
4.338496 -6.195529 3.823565
4.608690 -6.053888 3.973119
4.878695 -5.911985 4.122766
5.151237 -5.777026 4.274221
5.424736 -5.645187 4.426593
5.701137 -5.522920 4.581791
5.978874 -5.407738 4.739792
6.258054 -5.300215 4.900822
6.537294 -5.202272 5.067602
6.816559 -5.108149 5.236674
7.092447 -5.022709 5.415585
7.366835 -4.938379 5.597249
7.635232 -4.856836 5.788943
7.899115 -4.774237 5.986189
8.156856 -4.690201 6.190984
8.405833 -4.601456 6.404266
8.650775 -4.510541 6.621457
8.883469 -4.411427 6.848284
9.113242 -4.310308 7.077147
9.335732 -4.204167 7.310954
9.556190 -4.096947 7.546176
9.774956 -3.988830 7.782578
9.996787 -3.884874 8.017976
10.220647 -3.783507 8.252516
10.453420 -3.693243 8.482956
10.692374 -3.611669 8.709921
10.939535 -3.541630 8.932272
11.196687 -3.489524 9.147650
11.458165 -3.445184 9.360008
11.729611 -3.427160 9.563377
12.002411 -3.414428 9.765270
12.279803 -3.427186 9.961036
12.556855 -3.447318 10.156261
12.832932 -3.488598 10.349939
13.105626 -3.541121 10.545111
13.372995 -3.611347 10.742634
13.630383 -3.698581 10.945681
13.879507 -3.799897 11.153301
14.103363 -3.928179 11.373408
14.312695 -4.069180 11.599629
14.476573 -4.241998 11.841934
14.589792 -4.436265 12.093167
14.650442 -4.647117 12.348994
14.636395 -4.871881 12.603390
14.540133 -5.094022 12.839705
14.401406 -5.308540 13.060504
14.225651 -5.514427 13.265819
14.012251 -5.705247 13.448235
13.790258 -5.892192 13.624446
13.551980 -6.071203 13.787579
13.310508 -6.249353 13.946811
13.065174 -6.426464 14.101332
12.822153 -6.607251 14.255209
12.580584 -6.790347 14.408681
12.349288 -6.982642 14.566465
12.121066 -7.177690 14.725539
11.913569 -7.386316 14.895306
11.712386 -7.597800 15.068660
11.533609 -7.818627 15.254960
11.369528 -8.041241 15.451450
11.221169 -8.265766 15.658843
11.096644 -8.483137 15.887841
10.982305 -8.693804 16.127876
10.887754 -8.884105 16.392979
10.804740 -9.046290 16.678280
10.729335 -9.188998 16.977026
10.666088 -9.267352 17.301517
10.605336 -9.316201 17.629997
10.548656 -9.316914 17.964991
10.491974 -9.317626 18.299984
10.435293 -9.318337 18.634977
10.378612 -9.319050 18.969969
10.321931 -9.319761 19.304962
10.265249 -9.320474 19.639956
10.208568 -9.321185 19.974947
10.151887 -9.321898 20.309940
10.095205 -9.322610 20.644934
10.038525 -9.323321 20.979927
9.981843 -9.324034 21.314919
9.925162 -9.324745 21.649912
9.868481 -9.325458 21.984905
9.811800 -9.326170 22.319897
9.755118 -9.326881 22.654890
9.698438 -9.327594 22.989883
9.641756 -9.328305 23.324877
9.585075 -9.329018 23.659868
9.528394 -9.329730 23.994862
9.471713 -9.330441 24.329855
9.415031 -9.331154 24.664846
9.358350 -9.331865 24.999840
9.301669 -9.332578 25.334833
9.244987 -9.333290 25.669825
9.188307 -9.334002 26.004818
9.131625 -9.334714 26.339811
9.074944 -9.335425 26.674805
9.018263 -9.336138 27.009796
8.961582 -9.336849 27.344790
8.904901 -9.337562 27.679783
8.848220 -9.338274 28.014774
8.791538 -9.338985 28.349768
8.734858 -9.339698 28.684761
8.678176 -9.340409 29.019754
8.621494 -9.341122 29.354746
8.564814 -9.341834 29.689739
8.508132 -9.342546 30.024733
8.451451 -9.343258 30.359724
8.394770 -9.343969 30.694717
8.338089 -9.344682 31.029711
8.281407 -9.345394 31.364704
8.224727 -9.346106 31.699696
8.168045 -9.346818 32.034687
8.111364 -9.347529 32.369682
8.054683 -9.348242 32.704674
7.998002 -9.348954 33.039669
7.941320 -9.349666 33.374660
7.884639 -9.350378 33.709652
7.827958 -9.351089 34.044647
7.771277 -9.351802 34.379639
7.714596 -9.352513 34.714630
7.657915 -9.353226 35.049625
7.601233 -9.353938 35.384617
7.544552 -9.354650 35.719608
7.487871 -9.355362 36.054604
7.431190 -9.356073 36.389595
7.374508 -9.356786 36.724586
7.317827 -9.357498 37.059582
7.261146 -9.358210 37.394573
7.204465 -9.358922 37.729568
7.147784 -9.359633 38.064560
7.091103 -9.360346 38.399551
7.034421 -9.361058 38.734547
6.977740 -9.361770 39.069538
6.921059 -9.362482 39.404530
