#pt3d 300
-3.473191 27.159409 1.808887
-3.518568 26.826605 1.623735
-3.563945 26.493801 1.438583
-3.609321 26.160999 1.253432
-3.654698 25.828196 1.068280
-3.700074 25.495394 0.883129
-3.745451 25.162590 0.697977
-3.790828 24.829788 0.512825
-3.836204 24.496984 0.327673
-3.881581 24.164181 0.142522
-3.926957 23.831379 -0.042630
-3.972334 23.498575 -0.227782
-4.017711 23.165773 -0.412933
-4.063087 22.832970 -0.598085
-4.108464 22.500168 -0.783237
-4.153841 22.167364 -0.968388
-4.199217 21.834560 -1.153540
-4.244594 21.501759 -1.338692
-4.289970 21.168955 -1.523843
-4.335347 20.836153 -1.708995
-4.380723 20.503349 -1.894147
-4.426100 20.170547 -2.079298
-4.471477 19.837744 -2.264450
-4.516853 19.504940 -2.449602
-4.562230 19.172138 -2.634753
-4.607606 18.839334 -2.819905
-4.652983 18.506533 -3.005057
-4.698359 18.173729 -3.190208
-4.743736 17.840927 -3.375360
-4.789113 17.508123 -3.560512
-4.834489 17.175320 -3.745663
-4.879866 16.842518 -3.930815
-4.925242 16.509714 -4.115967
-4.970619 16.176912 -4.301118
-5.032093 15.837216 -4.462554
-5.128100 15.482735 -4.573112
-5.233047 15.128010 -4.668633
-5.370993 14.772386 -4.708642
-5.516494 14.419498 -4.735317
-5.683400 14.074365 -4.724226
-5.857357 13.733592 -4.702924
-6.041791 13.399299 -4.666451
-6.231308 13.067727 -4.631505
-6.423612 12.737620 -4.597869
-6.612156 12.403631 -4.597015
-6.787757 12.066298 -4.632212
-6.941226 11.727511 -4.716187
-7.054379 11.393440 -4.866820
-7.100963 11.082559 -5.085464
-7.102579 10.790827 -5.331319
-7.070658 10.513186 -5.593083
-6.995018 10.252516 -5.864059
-6.896476 9.998471 -6.133130
-6.779922 9.749638 -6.400701
-6.637011 9.506907 -6.660666
-6.488270 9.265528 -6.918949
-6.314237 9.031461 -7.167984
-6.137450 8.798779 -7.416268
-5.943749 8.574826 -7.660036
-5.746274 8.354713 -7.904119
-5.539026 8.144543 -8.149016
-5.328563 7.942018 -8.397392
-5.114285 7.748566 -8.649898
-4.899834 7.566662 -8.910522
-4.685300 7.390278 -9.175025
-4.475779 7.226550 -9.451366
-4.268116 7.065054 -9.730404
-4.067557 6.909353 -10.017860
-3.870383 6.753089 -10.307302
-3.678681 6.595914 -10.599953
-3.491049 6.433390 -10.892252
-3.306918 6.266264 -11.184250
-3.126723 6.088413 -11.472187
-2.948918 5.904052 -11.757658
-2.775136 5.704860 -12.035242
-2.603615 5.497330 -12.308390
-2.436772 5.272940 -12.570380
-2.272880 5.037912 -12.825330
-2.114906 4.784936 -13.065611
-1.961174 4.519097 -13.295381
-1.815605 4.232987 -13.503809
-1.675341 3.933704 -13.698368
-1.548479 3.608021 -13.853745
-1.428177 3.270917 -13.989137
-1.330412 2.905114 -14.050194
-1.255990 2.534510 -14.031007
-1.212914 2.182152 -13.909710
-1.206747 1.882918 -13.677997
-1.233986 1.666938 -13.362229
-1.285589 1.539294 -13.005886
-1.347158 1.448818 -12.640094
-1.420488 1.402691 -12.266472
-1.505715 1.388723 -11.893647
-1.597422 1.392273 -11.521255
-1.706275 1.424472 -11.155393
-1.820409 1.465495 -10.791540
-1.957249 1.532727 -10.440067
-2.099439 1.606133 -10.091511
-2.268672 1.706723 -9.762863
-2.442694 1.812126 -9.437741
-2.644329 1.948988 -9.141953
-2.848925 2.089651 -8.849792
-3.073045 2.265451 -8.592960
-3.297894 2.446999 -8.341464
-3.526628 2.659195 -8.118413
-3.751948 2.880748 -7.901915
-3.968354 3.126739 -7.702529
-4.174694 3.383108 -7.506493
-4.364271 3.656758 -7.316035
-4.536961 3.938454 -7.122408
-4.689371 4.229813 -6.924977
-4.819136 4.523211 -6.716172
-4.928698 4.818429 -6.497219
-5.010926 5.105158 -6.257708
-5.076476 5.386707 -6.005653
-5.110594 5.641854 -5.722795
-5.134866 5.888730 -5.430286
-5.124599 6.077408 -5.096725
-5.105826 6.238935 -4.752213
-5.068725 6.339444 -4.383947
-5.021619 6.360310 -4.007268
-4.970439 6.325816 -3.631820
-4.918687 6.198064 -3.273911
-4.872756 6.002439 -2.951251
-4.830473 5.769880 -2.650445
-4.797363 5.478660 -2.403074
-4.767027 5.172719 -2.175934
-4.741004 4.843889 -1.980252
-4.716545 4.504101 -1.805345
-4.693358 4.155387 -1.647362
-4.670207 3.800392 -1.504627
-4.647079 3.441533 -1.371272
-4.624012 3.079200 -1.247902
-4.600978 2.715001 -1.129890
-4.580321 2.348275 -1.019652
-4.560673 1.980476 -0.912714
-4.548641 1.609617 -0.815872
-4.538567 1.238001 -0.721588
-4.544065 0.862134 -0.645485
-4.555297 0.485181 -0.577289
-4.580033 0.105671 -0.527709
-4.615003 -0.274744 -0.498152
-4.655748 -0.655670 -0.479912
-4.701990 -1.036262 -0.490346
-4.744872 -1.416873 -0.507432
-4.781523 -1.797516 -0.536853
-4.800602 -2.178954 -0.569765
-4.811183 -2.560777 -0.604365
-4.781689 -2.942304 -0.629291
-4.738105 -3.322095 -0.647932
-4.656575 -3.696861 -0.649025
-4.548697 -4.063203 -0.633538
-4.415133 -4.421332 -0.601886
-4.250542 -4.761885 -0.545116
-4.072759 -5.094964 -0.477665
-3.868643 -5.404550 -0.382065
-3.658690 -5.708928 -0.280224
-3.431209 -5.989011 -0.151281
-3.200749 -6.264966 -0.017732
-2.961086 -6.518605 0.140661
-2.719596 -6.767816 0.303984
-2.475172 -6.996351 0.490747
-2.230015 -7.219725 0.683362
-1.986815 -7.421812 0.899830
-1.744100 -7.618623 1.122209
-1.508150 -7.789989 1.370946
-1.273807 -7.955927 1.624982
-1.050086 -8.091514 1.905451
-0.830223 -8.214771 2.193787
-0.617592 -8.314931 2.496861
-0.408251 -8.388247 2.809266
-0.198481 -8.444981 3.124971
0.018436 -8.472605 3.440061
0.252097 -8.477839 3.743476
0.500268 -8.467647 4.034904
0.775432 -8.436729 4.300284
1.072981 -8.393585 4.536983
1.382610 -8.344034 4.757468
1.713814 -8.284994 4.941631
2.049508 -8.223806 5.116106
2.393628 -8.158587 5.272393
2.739894 -8.090436 5.422393
3.088326 -8.019320 5.566043
3.435019 -7.943399 5.711357
3.780380 -7.863802 5.857944
4.118973 -7.776238 6.014940
4.453291 -7.683642 6.178512
4.773538 -7.578733 6.360772
5.087444 -7.468274 6.551455
5.377290 -7.340650 6.767040
5.661740 -7.209194 6.988156
5.914128 -7.057810 7.234085
6.161052 -6.903043 7.483058
6.387891 -6.735844 7.743225
6.610297 -6.564724 8.004570
6.826556 -6.388171 8.267550
7.046765 -6.210712 8.526575
7.269490 -6.032676 8.783081
7.507812 -5.860730 9.029311
7.750387 -5.690443 9.272740
8.016904 -5.536228 9.501246
8.286325 -5.384475 9.727981
8.577825 -5.256013 9.941579
8.871530 -5.131507 10.154172
9.179317 -5.032248 10.360357
9.488413 -4.938745 10.566898
9.803342 -4.870930 10.775030
10.117590 -4.810721 10.985978
10.429556 -4.776004 11.206364
10.736746 -4.752710 11.433865
11.033799 -4.753662 11.676468
11.315810 -4.774684 11.933908
11.582757 -4.815804 12.206206
11.809853 -4.894116 12.503677
12.011237 -4.993192 12.812406
12.157417 -5.132442 13.138501
12.243073 -5.307943 13.465778
12.287013 -5.506928 13.788440
12.274203 -5.735467 14.096178
12.221435 -5.983720 14.382068
12.150234 -6.241201 14.656920
12.048264 -6.515248 14.905109
11.940225 -6.793553 15.145422
11.820675 -7.079935 15.370791
11.697122 -7.370463 15.588358
11.569704 -7.664996 15.798389
11.440763 -7.962417 16.003302
11.310843 -8.261698 16.204920
11.181206 -8.562049 16.405117
11.051704 -8.862916 16.604633
10.924480 -9.162905 16.806906
10.798086 -9.462572 17.010183
10.677208 -9.759025 17.221315
10.557706 -10.054674 17.434408
10.449179 -10.343902 17.661613
10.342031 -10.632322 17.890591
10.254488 -10.908994 18.141363
10.170516 -11.183371 18.395462
10.110844 -11.442127 18.672197
10.060121 -11.694441 18.955687
10.035992 -11.927605 19.259249
10.025419 -12.149739 19.570557
10.041920 -12.349845 19.897335
10.058419 -12.549951 20.224112
10.074920 -12.750056 20.550888
10.091420 -12.950163 20.877666
10.107921 -13.150269 21.204443
10.124420 -13.350374 21.531219
10.140921 -13.550480 21.857998
10.157421 -13.750587 22.184774
10.173922 -13.950692 22.511551
10.190422 -14.150798 22.838329
10.206922 -14.350904 23.165106
10.223422 -14.551010 23.491882
10.239923 -14.751116 23.818661
10.256423 -14.951221 24.145437
10.272923 -15.151327 24.472214
10.289423 -15.351434 24.798992
10.305923 -15.551539 25.125769
10.322424 -15.751645 25.452545
10.338924 -15.951751 25.779324
10.355425 -16.151857 26.106100
10.371924 -16.351963 26.432877
10.388425 -16.552069 26.759655
10.404925 -16.752174 27.086432
10.421426 -16.952280 27.413210
10.437925 -17.152386 27.739986
10.454426 -17.352493 28.066763
10.470926 -17.552599 28.393541
10.487427 -17.752705 28.720318
10.503927 -17.952810 29.047094
10.520427 -18.152916 29.373873
10.536927 -18.353022 29.700649
10.553428 -18.553127 30.027426
10.569928 -18.753233 30.354204
10.586429 -18.953341 30.680981
10.602928 -19.153446 31.007757
10.619429 -19.353552 31.334536
10.635929 -19.553658 31.661312
10.652430 -19.753763 31.988089
10.668930 -19.953869 32.314865
10.685430 -20.153975 32.641644
10.701930 -20.354080 32.968422
10.718431 -20.554188 33.295197
10.734931 -20.754293 33.621975
10.751431 -20.954399 33.948753
10.767931 -21.154505 34.275528
10.784431 -21.354610 34.602306
10.800932 -21.554716 34.929085
10.817432 -21.754822 35.255859
10.833932 -21.954927 35.582638
10.850432 -22.155035 35.909416
10.866933 -22.355141 36.236191
10.883433 -22.555246 36.562969
10.899934 -22.755352 36.889748
10.916433 -22.955458 37.216522
10.932934 -23.155563 37.543301
10.949434 -23.355669 37.870079
10.965935 -23.555775 38.196854
10.982435 -23.755882 38.523632
