#pt3d 300
3.488796 26.944504 -14.367401
3.347045 26.639420 -14.184641
3.205293 26.334335 -14.001880
3.063542 26.029249 -13.819119
2.921790 25.724165 -13.636359
2.780039 25.419081 -13.453599
2.638288 25.113995 -13.270839
2.496536 24.808910 -13.088078
2.354784 24.503826 -12.905317
2.213033 24.198742 -12.722557
2.071281 23.893656 -12.539797
1.929530 23.588572 -12.357037
1.787778 23.283487 -12.174275
1.646027 22.978401 -11.991515
1.504276 22.673317 -11.808755
1.362524 22.368233 -11.625995
1.220773 22.063147 -11.443234
1.079021 21.758062 -11.260474
0.937270 21.452978 -11.077713
0.795518 21.147892 -10.894953
0.653767 20.842808 -10.712193
0.512015 20.537724 -10.529432
0.370264 20.232637 -10.346672
0.228512 19.927553 -10.163911
0.086761 19.622469 -9.981151
-0.054991 19.317383 -9.798390
-0.196742 19.012299 -9.615630
-0.338494 18.707214 -9.432870
-0.480245 18.402130 -9.250110
-0.621997 18.097044 -9.067348
-0.763748 17.791960 -8.884588
-0.905500 17.486876 -8.701828
-1.047251 17.181789 -8.519068
-1.189003 16.876705 -8.336308
-1.341110 16.568323 -8.169228
-1.505168 16.256136 -8.020245
-1.680198 15.942738 -7.889200
-1.868695 15.627851 -7.780173
-2.071274 15.314963 -7.696559
-2.284540 15.003593 -7.632231
-2.515404 14.700297 -7.603782
-2.751831 14.399767 -7.586843
-3.006041 14.114587 -7.611760
-3.263869 13.834397 -7.646802
-3.531028 13.567083 -7.707965
-3.802032 13.307812 -7.783003
-4.076934 13.056691 -7.872107
-4.353879 12.813458 -7.974971
-4.631859 12.574222 -8.084808
-4.908721 12.340020 -8.207347
-5.185270 12.107238 -8.333462
-5.456264 11.875429 -8.472621
-5.726354 11.643779 -8.613906
-5.984729 11.409107 -8.771103
-6.242096 11.174174 -8.929650
-6.478914 10.933217 -9.109730
-6.712160 10.691512 -9.292954
-6.918374 10.444148 -9.499977
-7.112759 10.195770 -9.715705
-7.276810 9.944791 -9.953755
-7.414561 9.694961 -10.207184
-7.525278 9.446312 -10.476418
-7.591267 9.204751 -10.764515
-7.641161 8.965739 -11.059398
-7.630688 8.741242 -11.369167
-7.608624 8.519814 -11.679889
-7.539599 8.311003 -11.993265
-7.455325 8.105471 -12.304200
-7.337664 7.907122 -12.609790
-7.205024 7.709496 -12.908937
-7.047990 7.513050 -13.197590
-6.879200 7.313282 -13.476503
-6.692013 7.108320 -13.740174
-6.497138 6.896261 -13.991541
-6.289258 6.672198 -14.222092
-6.077730 6.437761 -14.437123
-5.859863 6.185306 -14.625197
-5.643282 5.918562 -14.791094
-5.428528 5.631529 -14.925496
-5.224490 5.325101 -15.023203
-5.029173 5.002890 -15.091046
-4.865238 4.658902 -15.094580
-4.719878 4.308396 -15.065957
-4.623475 3.952369 -14.963378
-4.579089 3.614592 -14.798512
-4.579616 3.302088 -14.584623
-4.641171 3.040185 -14.312245
-4.757434 2.857262 -14.000102
-4.898833 2.725507 -13.673572
-5.064893 2.655192 -13.335856
-5.242197 2.647707 -12.998268
-5.422414 2.661679 -12.661126
-5.600648 2.729510 -12.329158
-5.775941 2.807019 -11.998213
-5.942374 2.913683 -11.670348
-6.102664 3.028811 -11.342591
-6.251736 3.159395 -11.015030
-6.391834 3.295784 -10.686105
-6.520302 3.439696 -10.355413
-6.636992 3.587219 -10.022167
-6.743324 3.737919 -9.686676
-6.835130 3.891354 -9.348318
-6.919547 4.046181 -9.008504
-6.987545 4.204783 -8.666841
-7.051861 4.364278 -8.324800
-7.100417 4.529853 -7.983042
-7.146540 4.696963 -7.641740
-7.183739 4.869707 -7.302112
-7.218320 5.044919 -6.963502
-7.249009 5.223797 -6.626409
-7.278385 5.404287 -6.290063
-7.306808 5.585945 -5.954259
-7.335953 5.765382 -5.617329
-7.365323 5.944126 -5.280046
-7.397628 6.111701 -4.937345
-7.431075 6.271624 -4.591336
-7.467047 6.414340 -4.237910
-7.504449 6.519764 -3.872369
-7.539880 6.573984 -3.497668
-7.565341 6.532878 -3.123706
-7.565327 6.357050 -2.791722
-7.534063 6.078248 -2.536525
-7.480228 5.752907 -2.342997
-7.406904 5.406968 -2.196296
-7.322836 5.057262 -2.065909
-7.233079 4.705563 -1.944162
-7.130255 4.354759 -1.830438
-7.025460 4.004560 -1.716717
-6.911748 3.657274 -1.602552
-6.795975 3.311008 -1.487445
-6.674172 2.967721 -1.369589
-6.550970 2.625283 -1.250760
-6.424426 2.284870 -1.129613
-6.297724 1.944603 -1.008217
-6.170702 1.604638 -0.886313
-6.045305 1.263723 -0.765414
-5.922581 0.921245 -0.646168
-5.803917 0.576468 -0.529615
-5.690049 0.228973 -0.416244
-5.583025 -0.122033 -0.307375
-5.481145 -0.475678 -0.201890
-5.388238 -0.833310 -0.101951
-5.298985 -1.192565 -0.004270
-5.218619 -1.555065 0.088951
-5.139797 -1.918095 0.181508
-5.065720 -2.282109 0.274126
-4.991110 -2.645587 0.368351
-4.914735 -3.007286 0.467911
-4.833746 -3.366102 0.573627
-4.746805 -3.721200 0.687288
-4.647593 -4.068377 0.813790
-4.542077 -4.411484 0.946888
-4.414012 -4.738545 1.098795
-4.279354 -5.060651 1.255273
-4.119512 -5.363205 1.426980
-3.948312 -5.656459 1.602655
-3.757330 -5.933516 1.785240
-3.548570 -6.195641 1.969269
-3.326193 -6.446331 2.154404
-3.081234 -6.677337 2.335738
-2.828326 -6.901414 2.515734
-2.550034 -7.101294 2.686048
-2.268059 -7.297582 2.854871
-1.961195 -7.466037 3.009884
-1.651398 -7.630294 3.162961
-1.323556 -7.768723 3.304129
-0.991671 -7.899114 3.442567
-0.648011 -8.006089 3.573049
-0.300480 -8.100909 3.701595
0.053538 -8.175354 3.826896
0.409968 -8.233115 3.953028
0.768798 -8.274276 4.079989
1.127129 -8.294077 4.212313
1.485185 -8.302052 4.347605
1.838451 -8.284392 4.493434
2.190530 -8.260372 4.641877
2.532689 -8.208474 4.805492
2.872836 -8.152446 4.971684
3.202175 -8.075784 5.151211
3.527838 -7.993931 5.334726
3.844549 -7.899437 5.527955
4.156484 -7.799948 5.726132
4.462105 -7.693851 5.930853
4.762850 -7.584454 6.140868
5.059667 -7.472399 6.355145
5.352093 -7.359640 6.574960
5.642316 -7.246528 6.797554
5.929025 -7.135651 7.025725
6.214706 -7.025426 7.255524
6.498134 -6.920531 7.490534
6.781267 -6.816335 7.726226
7.063807 -6.720582 7.966172
7.346562 -6.626056 8.206326
7.630897 -6.540455 8.447983
7.916265 -6.457582 8.689318
8.204842 -6.383181 8.929648
8.495747 -6.313048 9.168357
8.790731 -6.250400 9.404218
9.089378 -6.193417 9.636750
9.392122 -6.142774 9.865558
9.699424 -6.099219 10.089538
10.010265 -6.061170 10.309769
10.325581 -6.031812 10.524744
10.643496 -6.007501 10.736667
10.964864 -5.994198 10.944141
11.287829 -5.985981 11.149563
11.612096 -5.992394 11.352786
11.936844 -6.004223 11.555197
12.259212 -6.036890 11.758831
12.580953 -6.075050 11.962789
12.893364 -6.144464 12.172612
13.203161 -6.220626 12.383868
13.492971 -6.337705 12.604944
13.770757 -6.471406 12.829962
14.023815 -6.639295 13.063087
14.242728 -6.839824 13.302306
14.442710 -7.058232 13.544824
14.581660 -7.316228 13.791203
14.698731 -7.583262 14.037309
14.777132 -7.866271 14.282932
14.821301 -8.156754 14.527128
14.848517 -8.450937 14.770617
14.839760 -8.746481 15.013610
14.824169 -9.041426 15.257006
14.785799 -9.332307 15.502948
14.741504 -9.619951 15.751501
14.686858 -9.901942 16.004616
14.627506 -10.176764 16.264318
14.565069 -10.446884 16.528341
14.501245 -10.704876 16.803846
14.437984 -10.958283 17.083654
14.377207 -11.201292 17.373178
14.320889 -11.437738 17.668865
14.267933 -11.669884 17.968643
14.226924 -11.897348 18.273846
14.196396 -12.126002 18.579214
14.176027 -12.355808 18.884739
14.186728 -12.594762 19.183640
14.217792 -12.840053 19.474955
14.272194 -13.092616 19.757486
14.372375 -13.356764 20.015247
14.490235 -13.624112 20.261122
14.646752 -13.897310 20.478924
14.803269 -14.170508 20.696724
14.959785 -14.443706 20.914524
15.116302 -14.716904 21.132324
15.272819 -14.990102 21.350124
15.429336 -15.263300 21.567924
15.585852 -15.536498 21.785727
15.742369 -15.809695 22.003527
15.898885 -16.082893 22.221327
16.055401 -16.356091 22.439127
16.211918 -16.629290 22.656927
16.368435 -16.902487 22.874727
16.524952 -17.175686 23.092529
16.681469 -17.448883 23.310329
16.837984 -17.722080 23.528130
16.994501 -17.995279 23.745930
17.151018 -18.268476 23.963730
17.307535 -18.541676 24.181530
17.464050 -18.814873 24.399332
17.620567 -19.088072 24.617132
17.777084 -19.361269 24.834932
17.933601 -19.634466 25.052732
18.090118 -19.907665 25.270533
18.246634 -20.180862 25.488333
18.403151 -20.454062 25.706135
18.559668 -20.727259 25.923935
18.716185 -21.000456 26.141735
18.872700 -21.273655 26.359535
19.029217 -21.546852 26.577335
19.185734 -21.820051 26.795137
19.342251 -22.093248 27.012938
19.498768 -22.366446 27.230738
19.655283 -22.639645 27.448538
19.811800 -22.912842 27.666338
19.968317 -23.186041 27.884138
20.124834 -23.459238 28.101940
20.281349 -23.732435 28.319740
20.437866 -24.005634 28.537540
20.594383 -24.278831 28.755341
20.750900 -24.552031 28.973141
20.907417 -24.825228 29.190941
21.063932 -25.098425 29.408743
21.220449 -25.371624 29.626543
21.376966 -25.644821 29.844343
21.533484 -25.918020 30.062143
21.689999 -26.191217 30.279943
21.846516 -26.464415 30.497744
22.003033 -26.737614 30.715546
22.159550 -27.010811 30.933346
22.316067 -27.284010 31.151146
22.472582 -27.557207 31.368946
22.629099 -27.830404 31.586746
22.785616 -28.103603 31.804546
22.942133 -28.376801 32.022346
23.098648 -28.650000 32.240147
23.255165 -28.923197 32.457947
23.411682 -29.196394 32.675751
23.568199 -29.469593 32.893551
