#pt3d 300
12.838431 22.866699 -7.474799
12.568872 22.637783 -7.477964
12.299313 22.408867 -7.481130
12.029754 22.179951 -7.484296
11.760195 21.951035 -7.487462
11.490635 21.722118 -7.490627
11.221076 21.493200 -7.493793
10.951516 21.264284 -7.496958
10.681957 21.035368 -7.500124
10.412398 20.806452 -7.503290
10.142838 20.577536 -7.506455
9.873280 20.348619 -7.509621
9.603721 20.119703 -7.512786
9.334161 19.890787 -7.515952
9.064602 19.661871 -7.519118
8.795043 19.432955 -7.522284
8.525483 19.204039 -7.525449
8.255924 18.975122 -7.528615
7.986365 18.746206 -7.531780
7.716806 18.517290 -7.534946
7.447247 18.288374 -7.538112
7.177687 18.059458 -7.541277
6.908128 17.830542 -7.544443
6.638569 17.601625 -7.547609
6.369009 17.372709 -7.550774
6.099450 17.143793 -7.553940
5.829891 16.914877 -7.557106
5.560332 16.685961 -7.560271
5.290772 16.457045 -7.563437
5.021214 16.228128 -7.566603
4.751654 15.999212 -7.569768
4.482095 15.770296 -7.572934
4.212536 15.541380 -7.576099
3.942976 15.312464 -7.579265
3.673417 15.083547 -7.582431
3.403858 14.854630 -7.585597
3.133557 14.627326 -7.576005
2.862127 14.402474 -7.546981
2.589430 14.181405 -7.505386
2.315936 13.962715 -7.455880
2.039921 13.749381 -7.398068
1.763022 13.537922 -7.337347
1.481978 13.332846 -7.273969
1.199925 13.129322 -7.209945
0.912091 12.932982 -7.149464
0.623129 12.738044 -7.089674
0.327000 12.551134 -7.040545
0.029816 12.365407 -6.992987
-0.275365 12.188916 -6.965484
-0.581551 12.013775 -6.941602
-0.894004 11.848187 -6.946943
-1.206996 11.685686 -6.964597
-1.521298 11.530695 -7.012206
-1.831432 11.381684 -7.089874
-2.138710 11.236771 -7.188136
-2.428144 11.099352 -7.337523
-2.706085 10.963231 -7.506582
-2.966410 10.828795 -7.704655
-3.199481 10.690487 -7.931033
-3.418565 10.548387 -8.168887
-3.610507 10.395818 -8.423752
-3.782697 10.230896 -8.684215
-3.941626 10.057681 -8.948437
-4.070635 9.860949 -9.212368
-4.189816 9.656371 -9.474501
-4.287508 9.434598 -9.732081
-4.369076 9.201989 -9.985087
-4.438406 8.961156 -10.234622
-4.486699 8.710725 -10.479349
-4.529860 8.457953 -10.722902
-4.550167 8.200294 -10.964280
-4.568085 7.942531 -11.205687
-4.567849 7.684745 -11.447803
-4.564912 7.427261 -11.690146
-4.547968 7.171351 -11.933658
-4.528250 6.915493 -12.176952
-4.497684 6.659844 -12.419407
-4.464146 6.402947 -12.660065
-4.422305 6.142563 -12.895700
-4.376450 5.877133 -13.124585
-4.324572 5.604130 -13.343338
-4.265811 5.315917 -13.538701
-4.202020 5.015765 -13.712490
-4.128976 4.690912 -13.831695
-4.047340 4.349723 -13.855062
-3.962731 4.025164 -13.761045
-3.881374 3.751655 -13.560861
-3.804567 3.534301 -13.296535
-3.730682 3.360953 -12.998069
-3.657509 3.236497 -12.675220
-3.582092 3.143153 -12.343389
-3.505061 3.069630 -12.006347
-3.422684 3.037428 -11.663926
-3.337938 3.025502 -11.321509
-3.250341 3.038002 -10.979098
-3.161559 3.086983 -10.640700
-3.073511 3.151620 -10.304730
-2.989296 3.247856 -9.975002
-2.911830 3.361898 -9.649761
-2.839429 3.489297 -9.327888
-2.783545 3.635756 -9.010962
-2.734436 3.786482 -8.695001
-2.702599 3.945574 -8.380754
-2.683916 4.106257 -8.066520
-2.677480 4.268420 -7.752296
-2.691329 4.428915 -7.437656
-2.711354 4.588902 -7.122890
-2.756704 4.743793 -6.808223
-2.806486 4.897395 -6.493711
-2.875857 5.045099 -6.179950
-2.951980 5.189751 -5.866507
-3.041567 5.328316 -5.553699
-3.139182 5.460525 -5.240716
-3.245055 5.586196 -4.927550
-3.359090 5.698869 -4.612500
-3.477186 5.805073 -4.296511
-3.602480 5.885089 -3.975770
-3.729318 5.954376 -3.653408
-3.859142 5.987842 -3.326146
-3.987741 5.990358 -2.997977
-4.115273 5.965923 -2.669019
-4.233187 5.875308 -2.348369
-4.343048 5.752841 -2.037426
-4.443011 5.592364 -1.738546
-4.522826 5.381869 -1.466596
-4.593601 5.154139 -1.206645
-4.647400 4.897655 -0.969165
-4.688672 4.626364 -0.747080
-4.720731 4.344183 -0.536317
-4.738252 4.049842 -0.341489
-4.751671 3.752069 -0.151158
-4.751245 3.445951 0.025825
-4.749443 3.139004 0.201481
-4.735775 2.826500 0.366490
-4.721451 2.513704 0.530860
-4.698725 2.197193 0.686997
-4.675029 1.880123 0.841797
-4.645795 1.559870 0.988963
-4.615380 1.238501 1.133331
-4.581624 0.913980 1.269792
-4.546646 0.587432 1.400815
-4.509912 0.257968 1.524019
-4.472071 -0.074577 1.637998
-4.433467 -0.409241 1.745630
-4.393875 -0.747734 1.839863
-4.354019 -1.087239 1.930527
-4.312978 -1.430524 2.004994
-4.271546 -1.774365 2.076376
-4.228678 -2.120245 2.136412
-4.184592 -2.466663 2.192018
-4.138609 -2.813921 2.240726
-4.090030 -3.161337 2.285409
-4.039166 -3.508894 2.326547
-3.984013 -3.856029 2.365488
-3.926356 -4.202919 2.403147
-3.862776 -4.548682 2.441404
-3.796568 -4.893946 2.479927
-3.723304 -5.237261 2.522538
-3.647407 -5.579849 2.566675
-3.563926 -5.919418 2.619170
-3.478040 -6.258029 2.674313
-3.384684 -6.591911 2.743734
-3.289659 -6.924736 2.816345
-3.188113 -7.249456 2.912659
-3.085615 -7.571485 3.016016
-2.980363 -7.882187 3.148155
-2.875967 -8.181813 3.302463
-2.772394 -8.470809 3.478045
-2.675378 -8.726571 3.702184
-2.583220 -8.955320 3.953727
-2.494803 -9.152482 4.232460
-2.407744 -9.315026 4.534240
-2.308743 -9.436051 4.851456
-2.188808 -9.536036 5.168231
-2.042733 -9.620407 5.478109
-1.867906 -9.693671 5.776311
-1.648311 -9.757221 6.046152
-1.400889 -9.815319 6.290535
-1.134546 -9.869167 6.516205
-0.841340 -9.914432 6.708705
-0.537795 -9.952967 6.884870
-0.223979 -9.984818 7.044808
0.099201 -10.003589 7.186499
0.425558 -10.017921 7.321999
0.757894 -10.012605 7.442534
1.090886 -10.005129 7.561425
1.425756 -9.972185 7.670289
1.760454 -9.937148 7.778773
2.093021 -9.876420 7.882630
2.424708 -9.811572 7.986324
2.751404 -9.723350 8.089092
3.076196 -9.629428 8.192269
3.394783 -9.516934 8.296779
3.710545 -9.398342 8.402662
4.020654 -9.267550 8.511294
4.327612 -9.132041 8.622821
4.630666 -8.990683 8.737934
4.931156 -8.848264 8.858233
5.229767 -8.705066 8.982333
5.527061 -8.566978 9.114944
5.823867 -8.430792 9.250718
6.120474 -8.308357 9.399284
6.417034 -8.189613 9.550811
6.713357 -8.090302 9.716354
7.009145 -7.998870 9.886756
7.303765 -7.924630 10.067760
7.596469 -7.863212 10.255975
7.887414 -7.813573 10.450813
8.174810 -7.778281 10.653588
8.460759 -7.748846 10.859602
8.742029 -7.731128 11.073183
9.022533 -7.715210 11.287978
9.297801 -7.705368 11.509802
9.572154 -7.695538 11.732732
9.841625 -7.685776 11.961565
10.108538 -7.674687 12.193245
10.370121 -7.660835 12.430852
10.624939 -7.644161 12.675352
10.874147 -7.625148 12.925570
11.106710 -7.603832 13.190986
11.328936 -7.582977 13.464838
11.529544 -7.564625 13.755517
11.701695 -7.556081 14.063701
11.851412 -7.558487 14.383242
11.974233 -7.576661 14.714390
12.066561 -7.625382 15.052109
12.148148 -7.697200 15.387995
12.222961 -7.792003 15.720052
12.301603 -7.924170 16.038519
12.396492 -8.085336 16.337446
12.505442 -8.266784 16.619619
12.647366 -8.480547 16.863008
12.812798 -8.707654 17.074188
12.998600 -8.946326 17.257458
13.212355 -9.191009 17.393011
13.436406 -9.437905 17.510984
13.677664 -9.681469 17.591709
13.929378 -9.923007 17.649799
14.181091 -10.164546 17.707888
14.432805 -10.406084 17.765976
14.684519 -10.647622 17.824066
14.936233 -10.889160 17.882154
15.187945 -11.130699 17.940245
15.439659 -11.372237 17.998333
15.691373 -11.613775 18.056421
15.943087 -11.855314 18.114511
16.194799 -12.096852 18.172600
16.446514 -12.338390 18.230690
16.698227 -12.579928 18.288778
16.949942 -12.821467 18.346867
17.201654 -13.063005 18.404957
17.453369 -13.304543 18.463045
17.705082 -13.546082 18.521135
17.956797 -13.787621 18.579224
18.208509 -14.029159 18.637312
18.460222 -14.270697 18.695402
18.711937 -14.512235 18.753490
18.963650 -14.753774 18.811581
19.215364 -14.995312 18.869669
19.467077 -15.236850 18.927757
19.718792 -15.478388 18.985847
19.970505 -15.719927 19.043936
20.222218 -15.961465 19.102026
20.473932 -16.203003 19.160114
20.725645 -16.444542 19.218203
20.977360 -16.686079 19.276293
21.229073 -16.927618 19.334381
21.480787 -17.169157 19.392471
21.732500 -17.410694 19.450560
21.984215 -17.652233 19.508648
22.235928 -17.893772 19.566738
22.487640 -18.135309 19.624826
22.739355 -18.376848 19.682915
22.991068 -18.618385 19.741005
23.242783 -18.859924 19.799093
23.494495 -19.101463 19.857183
23.746210 -19.343000 19.915272
23.997923 -19.584539 19.973360
24.249636 -19.826078 20.031450
24.501350 -20.067616 20.089539
24.753063 -20.309155 20.147629
25.004778 -20.550692 20.205717
25.256491 -20.792231 20.263805
25.508205 -21.033770 20.321896
25.759918 -21.275307 20.379984
26.011631 -21.516846 20.438074
26.263346 -21.758385 20.496162
26.515059 -21.999922 20.554251
26.766773 -22.241461 20.612341
27.018486 -22.483000 20.670429
27.270201 -22.724537 20.728519
27.521914 -22.966076 20.786608
27.773628 -23.207613 20.844696
28.025341 -23.449152 20.902786
28.277054 -23.690691 20.960875
28.528769 -23.932228 21.018965
28.780481 -24.173767 21.077053
29.032196 -24.415306 21.135141
29.283909 -24.656843 21.193232
29.535624 -24.898382 21.251320
