#pt3d 300
-7.543910 30.790401 -3.637331
-7.481608 30.403343 -3.735287
-7.419307 30.016283 -3.833243
-7.357007 29.629223 -3.931199
-7.294705 29.242165 -4.029155
-7.232404 28.855104 -4.127110
-7.170103 28.468046 -4.225066
-7.107802 28.080986 -4.323022
-7.045501 27.693926 -4.420978
-6.983200 27.306868 -4.518934
-6.920899 26.919807 -4.616889
-6.858598 26.532747 -4.714845
-6.796297 26.145689 -4.812801
-6.733996 25.758629 -4.910757
-6.671695 25.371571 -5.008712
-6.609394 24.984510 -5.106668
-6.547093 24.597450 -5.204624
-6.484792 24.210392 -5.302580
-6.422491 23.823332 -5.400536
-6.360190 23.436274 -5.498491
-6.297889 23.049213 -5.596447
-6.235588 22.662153 -5.694403
-6.173287 22.275095 -5.792359
-6.110986 21.888035 -5.890315
-6.048685 21.500975 -5.988270
-5.986384 21.113916 -6.086226
-5.924083 20.726856 -6.184182
-5.861782 20.339798 -6.282138
-5.799481 19.952738 -6.380094
-5.737180 19.565678 -6.478049
-5.674879 19.178619 -6.576005
-5.612578 18.791559 -6.673961
-5.566435 18.395750 -6.717094
-5.533040 17.993040 -6.716975
-5.527281 17.596756 -6.644541
-5.530008 17.204075 -6.552381
-5.559818 16.828611 -6.405989
-5.598854 16.460457 -6.246109
-5.657121 16.107534 -6.058111
-5.726739 15.763231 -5.859374
-5.810752 15.429858 -5.647017
-5.906811 15.103289 -5.429748
-6.014691 14.783397 -5.207661
-6.135684 14.466783 -4.987977
-6.266874 14.152716 -4.770163
-6.414289 13.836944 -4.566132
-6.569523 13.520349 -4.368744
-6.747015 13.194592 -4.209220
-6.932858 12.864124 -4.073505
-7.134021 12.524043 -3.988830
-7.340864 12.179168 -3.982629
-7.542354 11.837237 -4.038434
-7.733753 11.501451 -4.155831
-7.891202 11.184846 -4.351441
-8.027940 10.876402 -4.571558
-8.145687 10.575438 -4.814146
-8.230126 10.279469 -5.075655
-8.306005 9.983523 -5.339885
-8.353827 9.684177 -5.607087
-8.393350 9.381780 -5.871817
-8.412883 9.072029 -6.130593
-8.423025 8.757191 -6.383221
-8.418002 8.434138 -6.625921
-8.403506 8.105391 -6.859905
-8.376692 7.769235 -7.082553
-8.340433 7.428146 -7.295624
-8.293290 7.081372 -7.497656
-8.236365 6.731405 -7.690982
-8.168726 6.377940 -7.874774
-8.090549 6.023582 -8.052085
-8.000633 5.668230 -8.222178
-7.899343 5.314577 -8.388870
-7.784184 4.962996 -8.551414
-7.657343 4.615686 -8.713768
-7.513817 4.274479 -8.875848
-7.359174 3.939924 -9.040603
-7.185094 3.616999 -9.210035
-7.001033 3.303088 -9.384507
-6.796041 3.008077 -9.569545
-6.581997 2.725659 -9.762090
-6.348340 2.470518 -9.970894
-6.105986 2.236190 -10.191321
-5.849338 2.036066 -10.430851
-5.585820 1.876798 -10.689274
-5.316665 1.751049 -10.963198
-5.052061 1.709380 -11.263708
-4.799480 1.722141 -11.573156
-4.568833 1.814710 -11.891787
-4.408001 2.036621 -12.187776
-4.327458 2.342516 -12.427239
-4.335729 2.704416 -12.585209
-4.419917 3.087646 -12.659257
-4.570102 3.462530 -12.645172
-4.761194 3.805022 -12.558860
-4.966351 4.132658 -12.444794
-5.192888 4.421470 -12.275797
-5.422012 4.698666 -12.093607
-5.657387 4.947779 -11.879520
-5.892514 5.187933 -11.656109
-6.127019 5.405597 -11.409286
-6.360223 5.618770 -11.157741
-6.587814 5.812564 -10.885825
-6.814620 6.005007 -10.612410
-7.031372 6.180153 -10.319777
-7.248118 6.355292 -10.027135
-7.451153 6.513976 -9.715867
-7.653855 6.672297 -9.404227
-7.840415 6.812955 -9.074526
-8.023601 6.949841 -8.741638
-8.189519 7.067418 -8.392442
-8.342952 7.171229 -8.034060
-8.480832 7.257893 -7.664235
-8.584160 7.310528 -7.277674
-8.659986 7.339505 -6.883426
-8.701465 7.340148 -6.481619
-8.676373 7.294107 -6.080942
-8.603597 7.217830 -5.692932
-8.487938 7.113923 -5.321891
-8.329938 6.982231 -4.974062
-8.130507 6.815383 -4.665405
-7.915903 6.628188 -4.380495
-7.687282 6.419884 -4.120430
-7.453441 6.176711 -3.898607
-7.222657 5.918914 -3.691254
-7.000124 5.635458 -3.508434
-6.793982 5.331238 -3.342031
-6.597269 5.015073 -3.185073
-6.432232 4.675058 -3.042697
-6.275463 4.330196 -2.902813
-6.151470 3.969367 -2.769697
-6.038509 3.605046 -2.637382
-5.949692 3.233083 -2.506819
-5.873133 2.858593 -2.376456
-5.811714 2.480984 -2.246338
-5.759200 2.101974 -2.116655
-5.714071 1.721802 -1.987331
-5.671379 1.340772 -1.859739
-5.630152 0.959227 -1.733189
-5.583472 0.577042 -1.610600
-5.534412 0.194579 -1.489741
-5.472128 -0.187991 -1.375775
-5.405996 -0.570591 -1.263816
-5.320323 -0.951985 -1.161765
-5.231564 -1.333189 -1.061278
-5.119535 -1.711204 -0.972859
-5.005141 -2.088770 -0.885626
-4.869089 -2.461477 -0.809002
-4.729623 -2.833071 -0.733604
-4.572574 -3.198932 -0.664520
-4.410338 -3.562469 -0.595800
-4.233773 -3.919585 -0.528088
-4.049935 -4.272341 -0.457875
-3.854118 -4.617916 -0.383543
-3.648304 -4.955520 -0.301460
-3.432735 -5.285347 -0.211814
-3.204143 -5.601213 -0.107153
-2.968671 -5.909706 0.005439
-2.717926 -6.195829 0.140626
-2.463784 -6.476977 0.280839
-2.193752 -6.726119 0.448983
-1.921595 -6.969632 0.621214
-1.638173 -7.182406 0.815355
-1.351730 -7.384501 1.015358
-1.057649 -7.559603 1.230178
-0.759952 -7.719183 1.451019
-0.456880 -7.855694 1.680811
-0.149910 -7.972709 1.915242
0.160902 -8.070506 2.154247
0.475579 -8.145761 2.395583
0.792914 -8.205512 2.638523
1.113617 -8.241207 2.881175
1.435959 -8.265188 3.123687
1.760818 -8.265373 3.363603
2.086541 -8.257398 3.602628
2.413776 -8.227833 3.837617
2.741370 -8.193155 4.071651
3.069667 -8.140551 4.301198
3.398074 -8.085125 4.530039
3.726981 -8.016705 4.754566
4.055937 -7.947031 4.978677
4.385768 -7.869714 5.198954
4.715640 -7.792040 5.419052
5.047423 -7.712531 5.635592
5.379334 -7.633155 5.851984
5.714011 -7.556926 6.065225
6.049010 -7.481355 6.278181
6.387173 -7.412255 6.488330
6.725819 -7.344552 6.698126
7.067220 -7.284824 6.905899
7.409039 -7.227118 7.113517
7.752419 -7.176954 7.320558
8.095778 -7.129062 7.528137
8.439081 -7.087068 7.737111
8.781487 -7.047012 7.947898
9.122201 -7.010602 8.162094
9.460791 -6.975291 8.379757
9.796392 -6.941525 8.602295
10.128685 -6.908074 8.829707
10.457402 -6.874961 9.062387
10.782162 -6.842119 9.300517
11.103530 -6.809509 9.543316
11.421337 -6.778646 9.790926
11.736662 -6.749003 10.041890
12.049972 -6.724907 10.295904
12.362134 -6.703969 10.551654
12.674339 -6.695373 10.807934
12.986562 -6.692137 11.064445
13.300231 -6.712242 11.318121
13.614285 -6.738594 11.571036
13.928310 -6.805414 11.816186
14.241254 -6.883345 12.058796
14.548018 -7.008865 12.289949
14.846588 -7.160896 12.513350
15.134036 -7.348907 12.726229
15.397709 -7.580534 12.924105
15.651001 -7.829972 13.115754
15.866239 -8.124293 13.289936
16.068653 -8.428796 13.460217
16.243778 -8.754965 13.622194
16.400337 -9.091099 13.781573
16.540716 -9.435919 13.938687
16.661985 -9.787107 14.097018
16.774673 -10.141157 14.255897
16.870026 -10.498011 14.419521
16.961031 -10.855566 14.584335
17.035894 -11.213799 14.755553
17.108595 -11.572124 14.927629
17.164528 -11.930683 15.105345
17.219141 -12.289283 15.283406
17.255135 -12.648972 15.464017
17.288757 -13.008918 15.644440
17.302765 -13.370998 15.823308
17.311705 -13.733723 16.000883
17.300568 -14.099000 16.173336
17.281046 -14.465191 16.342529
17.242250 -14.833485 16.504229
17.191793 -15.202527 16.660124
17.124170 -15.572671 16.807476
17.042490 -15.942814 16.946547
16.946371 -16.312956 17.077112
16.835224 -16.681995 17.197458
16.712080 -17.050154 17.309647
16.574562 -17.416096 17.410767
16.426590 -17.780422 17.503838
16.266417 -18.141832 17.586271
16.096203 -18.500845 17.659956
15.925989 -18.859858 17.733641
15.755775 -19.218870 17.807325
15.585562 -19.577883 17.881008
15.415348 -19.936893 17.954693
15.245135 -20.295906 18.028378
15.074922 -20.654919 18.102062
14.904708 -21.013931 18.175745
14.734494 -21.372942 18.249430
14.564281 -21.731955 18.323114
14.394068 -22.090967 18.396799
14.223854 -22.449980 18.470482
14.053640 -22.808992 18.544167
13.883427 -23.168003 18.617851
13.713213 -23.527016 18.691536
13.542999 -23.886028 18.765219
13.372787 -24.245041 18.838903
13.202573 -24.604052 18.912588
13.032359 -24.963064 18.986273
12.862145 -25.322077 19.059956
12.691932 -25.681089 19.133640
12.521719 -26.040102 19.207325
12.351505 -26.399113 19.281010
12.181292 -26.758125 19.354692
12.011078 -27.117138 19.428377
11.840864 -27.476151 19.502062
11.670651 -27.835163 19.575745
11.500438 -28.194174 19.649429
11.330224 -28.553186 19.723114
11.160010 -28.912199 19.796799
10.989797 -29.271212 19.870481
10.819583 -29.630222 19.944166
10.649370 -29.989235 20.017851
10.479156 -30.348248 20.091536
10.308943 -30.707260 20.165218
10.138729 -31.066273 20.238903
9.968515 -31.425283 20.312588
9.798303 -31.784296 20.386272
9.628089 -32.143307 20.459955
9.457875 -32.502319 20.533640
9.287662 -32.861332 20.607325
9.117448 -33.220345 20.681009
8.947234 -33.579357 20.754692
8.777021 -33.938370 20.828377
8.606808 -34.297382 20.902061
8.436594 -34.656395 20.975746
8.266380 -35.015408 21.049429
8.096167 -35.374416 21.123114
7.925953 -35.733429 21.196798
7.755740 -36.092442 21.270483
7.585526 -36.451454 21.344166
7.415313 -36.810467 21.417850
7.245100 -37.169479 21.491535
7.074886 -37.528492 21.565220
6.904672 -37.887505 21.638903
