#pt3d 300
9.764949 20.377840 -9.989100
9.455379 20.249851 -9.837162
9.145811 20.121861 -9.685225
8.836242 19.993872 -9.533286
8.526672 19.865881 -9.381349
8.217104 19.737892 -9.229410
7.907535 19.609903 -9.077472
7.597966 19.481913 -8.925534
7.288396 19.353924 -8.773596
6.978827 19.225933 -8.621658
6.669259 19.097944 -8.469720
6.359689 18.969955 -8.317781
6.050120 18.841965 -8.165844
5.740551 18.713976 -8.013906
5.430982 18.585985 -7.861968
5.121413 18.457996 -7.710030
4.811844 18.330008 -7.558092
4.502275 18.202017 -7.406154
4.192706 18.074028 -7.254215
3.883137 17.946037 -7.102277
3.573568 17.818048 -6.950339
3.263999 17.690060 -6.798401
2.954430 17.562069 -6.646463
2.644861 17.434080 -6.494525
2.335292 17.306089 -6.342587
2.025723 17.178101 -6.190649
1.716154 17.050112 -6.038711
1.406585 16.922121 -5.886773
1.097016 16.794132 -5.734835
0.787447 16.666142 -5.582897
0.477878 16.538153 -5.430959
0.168309 16.410164 -5.279021
-0.141260 16.282173 -5.127083
-0.450829 16.154184 -4.975145
-0.760399 16.026196 -4.823206
-1.052749 15.858952 -4.677146
-1.337077 15.675760 -4.533360
-1.600805 15.460785 -4.393601
-1.855484 15.235506 -4.254262
-2.097070 14.995321 -4.115530
-2.327408 14.745332 -3.975543
-2.550064 14.488648 -3.834698
-2.762211 14.224765 -3.691229
-2.969710 13.957695 -3.546599
-3.169174 13.685870 -3.399666
-3.365576 13.412231 -3.251855
-3.557235 13.135157 -3.104267
-3.747075 12.856762 -2.956765
-3.936237 12.575026 -2.814894
-4.125170 12.292157 -2.674932
-4.320057 12.005160 -2.552876
-4.519104 11.717034 -2.441920
-4.731989 11.426658 -2.366680
-4.964779 11.144583 -2.358900
-5.209849 10.898291 -2.456051
-5.436656 10.730464 -2.679710
-5.621545 10.636211 -2.979491
-5.773349 10.577090 -3.308612
-5.903686 10.530516 -3.649410
-6.014998 10.468171 -3.994398
-6.121071 10.384796 -4.335938
-6.222353 10.281720 -4.674193
-6.318792 10.126986 -4.993591
-6.414040 9.951221 -5.301101
-6.507708 9.746929 -5.592290
-6.599966 9.515010 -5.861842
-6.691700 9.273994 -6.124032
-6.781650 9.013692 -6.367858
-6.870512 8.750683 -6.609084
-6.956577 8.480721 -6.843632
-7.038671 8.209643 -7.078273
-7.115865 7.937189 -7.313026
-7.182261 7.666082 -7.552405
-7.241749 7.395836 -7.794744
-7.276750 7.130771 -8.047009
-7.303258 6.867647 -8.302426
-7.286862 6.616081 -8.570278
-7.249377 6.371887 -8.841166
-7.175235 6.140510 -9.117332
-7.058298 5.928442 -9.392509
-6.922298 5.725074 -9.667051
-6.734365 5.550098 -9.930423
-6.535903 5.381362 -10.189192
-6.307967 5.230092 -10.435082
-6.068319 5.084744 -10.672561
-5.811975 4.947841 -10.898047
-5.545703 4.812903 -11.112395
-5.268649 4.680101 -11.314642
-4.983279 4.544489 -11.502231
-4.689834 4.406147 -11.675583
-4.388850 4.260077 -11.826878
-4.081845 4.107836 -11.960557
-3.768739 3.941967 -12.055134
-3.452823 3.769820 -12.131695
-3.139185 3.578783 -12.134059
-2.832643 3.383289 -12.102287
-2.542646 3.180457 -12.001986
-2.286066 2.983535 -11.833323
-2.049597 2.792169 -11.629007
-1.861987 2.622904 -11.361704
-1.697720 2.469503 -11.073147
-1.561860 2.335408 -10.758727
-1.454666 2.228728 -10.424833
-1.361328 2.135301 -10.081528
-1.297208 2.080911 -9.724154
-1.238923 2.034317 -9.363973
-1.211707 2.042044 -8.997294
-1.190763 2.062537 -8.631689
-1.194757 2.134228 -8.270935
-1.212916 2.236895 -7.920245
-1.247308 2.375061 -7.581088
-1.302953 2.560018 -7.269434
-1.366834 2.763019 -6.970139
-1.447136 3.001667 -6.701999
-1.532804 3.251353 -6.446486
-1.624178 3.512780 -6.204399
-1.719576 3.778718 -5.968905
-1.816186 4.044058 -5.733262
-1.914350 4.299850 -5.487836
-2.013084 4.539761 -5.227876
-2.112330 4.765468 -4.954918
-2.212864 4.943000 -4.649080
-2.313816 5.091070 -4.329758
-2.415261 5.202140 -3.994092
-2.515879 5.253551 -3.644776
-2.615339 5.279288 -3.292706
-2.712127 5.260175 -2.938353
-2.804879 5.207106 -2.587445
-2.895087 5.132635 -2.238710
-2.977522 5.013273 -1.901105
-3.057712 4.881864 -1.567526
-3.129494 4.708017 -1.251418
-3.197828 4.516266 -0.946305
-3.260322 4.294205 -0.659804
-3.317655 4.043068 -0.398941
-3.371973 3.774954 -0.153047
-3.419735 3.470448 0.046870
-3.465529 3.156592 0.231480
-3.506032 2.819550 0.373117
-3.543467 2.474297 0.491516
-3.577515 2.119985 0.584267
-3.607175 1.759909 0.651114
-3.635034 1.397468 0.707327
-3.657817 1.032340 0.745008
-3.679739 0.666874 0.780376
-3.697142 0.300807 0.811871
-3.713686 -0.065060 0.845704
-3.727112 -0.430203 0.888012
-3.739231 -0.794133 0.938850
-3.749241 -1.156107 1.003458
-3.757203 -1.514603 1.084124
-3.763597 -1.870440 1.177069
-3.766261 -2.219887 1.291181
-3.767757 -2.567335 1.411918
-3.762234 -2.906814 1.553326
-3.754915 -3.245122 1.697403
-3.738120 -3.578319 1.852314
-3.716727 -3.910825 2.007973
-3.684591 -4.241716 2.165382
-3.643150 -4.572885 2.319643
-3.590842 -4.904378 2.470227
-3.522976 -5.236763 2.611722
-3.445843 -5.569676 2.747804
-3.345812 -5.902258 2.868184
-3.240092 -6.234757 2.984661
-3.104047 -6.562912 3.079960
-2.962186 -6.889392 3.171492
-2.794284 -7.208005 3.246287
-2.615684 -7.521544 3.315415
-2.417445 -7.825768 3.374136
-2.204280 -8.120237 3.427422
-1.977860 -8.406044 3.475881
-1.733811 -8.676986 3.521699
-1.482204 -8.941554 3.566384
-1.211872 -9.186314 3.613252
-0.938114 -9.427311 3.660690
-0.647111 -9.645410 3.715913
-0.353455 -9.858974 3.773505
-0.048724 -10.053614 3.840991
0.259563 -10.240012 3.913920
0.574148 -10.411823 3.996485
0.892086 -10.572105 4.087762
1.212969 -10.722260 4.186692
1.536279 -10.857964 4.297192
1.860596 -10.987663 4.412498
2.185999 -11.100556 4.541357
2.511532 -11.210196 4.672812
2.836797 -11.303035 4.817322
3.161774 -11.392080 4.964581
3.485774 -11.468253 5.121173
3.809002 -11.538132 5.281958
4.131043 -11.598333 5.449184
4.451624 -11.649811 5.621787
4.771035 -11.694300 5.798696
5.087892 -11.727308 5.982371
5.403714 -11.755660 6.168792
5.715250 -11.768949 6.363774
6.025980 -11.779505 6.560305
6.329804 -11.770963 6.767470
6.631856 -11.758443 6.976755
6.925821 -11.727771 7.195715
7.215137 -11.688418 7.418947
7.495778 -11.632869 7.650149
7.767603 -11.563209 7.887376
8.031515 -11.480884 8.130013
8.281999 -11.379616 8.379140
8.526987 -11.270596 8.630923
8.755560 -11.140283 8.887787
8.981215 -11.006202 9.145411
9.193160 -10.854612 9.405025
9.403531 -10.700541 9.664398
9.608344 -10.537705 9.922925
9.814140 -10.374001 10.180107
10.021528 -10.208883 10.435108
10.236040 -10.048162 10.686880
10.456201 -9.890928 10.936091
10.692156 -9.748064 11.179118
10.933072 -9.609738 11.420198
11.197669 -9.499829 11.650867
11.467685 -9.398892 11.878621
11.752843 -9.323027 12.098231
12.044760 -9.264664 12.313493
12.342877 -9.222363 12.524765
12.644180 -9.201380 12.734351
12.946501 -9.187212 12.943399
13.245128 -9.193030 13.158044
13.541862 -9.201712 13.375081
13.829113 -9.222076 13.603929
14.109902 -9.245620 13.839951
14.378407 -9.275208 14.089609
14.632190 -9.308618 14.353096
14.873704 -9.345213 14.628107
15.087459 -9.386928 14.923902
15.292436 -9.430252 15.226203
15.451905 -9.480662 15.553813
15.597322 -9.532995 15.886600
15.701609 -9.590951 16.234545
15.775945 -9.652248 16.588114
15.818254 -9.717117 16.947699
15.818308 -9.785619 17.307787
15.796195 -9.856026 17.668139
15.774081 -9.926433 18.028490
15.751968 -9.996840 18.388842
15.729855 -10.067246 18.749193
15.707741 -10.137653 19.109545
15.685628 -10.208060 19.469896
15.663514 -10.278467 19.830248
15.641401 -10.348874 20.190599
15.619287 -10.419281 20.550951
15.597175 -10.489688 20.911303
15.575061 -10.560094 21.271656
15.552947 -10.630501 21.632008
15.530834 -10.700908 21.992359
15.508720 -10.771315 22.352711
15.486608 -10.841722 22.713062
15.464494 -10.912128 23.073414
15.442381 -10.982535 23.433765
15.420267 -11.052942 23.794117
15.398153 -11.123349 24.154469
15.376040 -11.193756 24.514820
15.353927 -11.264163 24.875172
15.331814 -11.334570 25.235523
15.309700 -11.404977 25.595877
15.287587 -11.475384 25.956228
15.265473 -11.545791 26.316580
15.243360 -11.616198 26.676931
15.221247 -11.686604 27.037283
15.199133 -11.757010 27.397635
15.177020 -11.827417 27.757986
15.154906 -11.897824 28.118338
15.132793 -11.968231 28.478689
15.110680 -12.038638 28.839041
15.088566 -12.109045 29.199392
15.066453 -12.179452 29.559744
15.044339 -12.249859 29.920095
15.022226 -12.320266 30.280449
15.000113 -12.390673 30.640800
14.978000 -12.461080 31.001152
14.955886 -12.531487 31.361504
14.933772 -12.601893 31.721855
14.911659 -12.672300 32.082207
14.889545 -12.742707 32.442558
14.867433 -12.813114 32.802910
14.845319 -12.883521 33.163261
14.823206 -12.953928 33.523613
14.801092 -13.024334 33.883965
14.778978 -13.094741 34.244316
14.756866 -13.165148 34.604668
14.734752 -13.235555 34.965019
14.712639 -13.305962 35.325371
14.690525 -13.376369 35.685722
14.668412 -13.446775 36.046074
14.646298 -13.517182 36.406425
14.624185 -13.587589 36.766781
14.602072 -13.657996 37.127132
14.579958 -13.728403 37.487484
14.557845 -13.798810 37.847836
14.535731 -13.869217 38.208187
14.513618 -13.939624 38.568539
14.491505 -14.010031 38.928890
