#pt3d 300
-0.714362 26.120762 -7.494379
-0.883009 25.790154 -7.405104
-1.051655 25.459545 -7.315828
-1.220301 25.128939 -7.226552
-1.388947 24.798330 -7.137277
-1.557593 24.467722 -7.048002
-1.726240 24.137115 -6.958726
-1.894886 23.806507 -6.869451
-2.063532 23.475901 -6.780176
-2.232178 23.145292 -6.690900
-2.400824 22.814684 -6.601624
-2.569470 22.484077 -6.512349
-2.738117 22.153469 -6.423074
-2.906763 21.822861 -6.333798
-3.075409 21.492254 -6.244523
-3.244055 21.161646 -6.155248
-3.412701 20.831039 -6.065972
-3.581348 20.500431 -5.976696
-3.749994 20.169823 -5.887421
-3.918640 19.839216 -5.798146
-4.087286 19.508608 -5.708870
-4.255932 19.178001 -5.619595
-4.424579 18.847393 -5.530319
-4.593225 18.516785 -5.441044
-4.761871 18.186178 -5.351768
-4.930517 17.855570 -5.262493
-5.099164 17.524961 -5.173218
-5.267809 17.194355 -5.083942
-5.436456 16.863747 -4.994667
-5.605102 16.533140 -4.905391
-5.773748 16.202532 -4.816116
-5.942394 15.871924 -4.726840
-6.111041 15.541316 -4.637565
-6.279687 15.210709 -4.548290
-6.438029 14.875431 -4.457953
-6.590854 14.537653 -4.367048
-6.735789 14.195966 -4.277945
-6.878858 13.853246 -4.189721
-7.019854 13.508257 -4.107162
-7.163315 13.163354 -4.028796
-7.310164 12.818569 -3.956189
-7.468932 12.477003 -3.894629
-7.637435 12.139043 -3.840507
-7.819559 11.806511 -3.796165
-8.025827 11.486621 -3.768256
-8.248604 11.177500 -3.754072
-8.487393 10.880231 -3.757293
-8.739853 10.595253 -3.782829
-8.999212 10.322166 -3.845032
-9.249930 10.055169 -3.950998
-9.478088 9.791274 -4.102779
-9.671298 9.530045 -4.299512
-9.822309 9.272276 -4.534965
-9.922592 9.020257 -4.803558
-9.964136 8.778825 -5.095405
-9.971615 8.545475 -5.395778
-9.945765 8.320568 -5.703124
-9.875491 8.110203 -6.013307
-9.790812 7.905094 -6.323399
-9.672794 7.713109 -6.631500
-9.540444 7.527386 -6.937058
-9.388797 7.350097 -7.239192
-9.221176 7.179793 -7.536492
-9.042536 7.014309 -7.830458
-8.848487 6.854548 -8.117528
-8.648381 6.697036 -8.401889
-8.434367 6.542603 -8.677570
-8.217306 6.388845 -8.951351
-7.988051 6.234907 -9.214850
-7.757518 6.080949 -9.477271
-7.516325 5.923605 -9.727818
-7.274699 5.766086 -9.977845
-7.023825 5.602483 -10.214508
-6.772705 5.438626 -10.450710
-6.513466 5.266349 -10.671683
-6.253941 5.093643 -10.891936
-5.986928 4.909724 -11.093410
-5.719443 4.724813 -11.293193
-5.445096 4.525454 -11.468416
-5.169747 4.322915 -11.637595
-4.889091 4.103535 -11.774772
-4.607506 3.875098 -11.890154
-4.324381 3.631615 -11.969332
-4.048811 3.370661 -11.981565
-3.787622 3.102316 -11.935195
-3.552187 2.829932 -11.808345
-3.387250 2.585066 -11.566917
-3.275204 2.373380 -11.275560
-3.202744 2.187920 -10.951530
-3.187593 2.045504 -10.597692
-3.196223 1.921914 -10.238132
-3.231831 1.819682 -9.872080
-3.291478 1.735965 -9.505269
-3.366682 1.664233 -9.137965
-3.463144 1.607767 -8.773538
-3.572258 1.560389 -8.410823
-3.700715 1.526396 -8.053504
-3.841782 1.501130 -7.699704
-4.002603 1.490821 -7.354278
-4.175684 1.489797 -7.014050
-4.371792 1.511349 -6.688004
-4.576877 1.541702 -6.367485
-4.808975 1.612967 -6.073242
-5.047814 1.702652 -5.791026
-5.299501 1.832405 -5.535035
-5.550781 2.005409 -5.308100
-5.799196 2.203936 -5.098233
-6.030260 2.449768 -4.919658
-6.244922 2.715980 -4.752385
-6.443748 3.001869 -4.596025
-6.613759 3.307362 -4.443862
-6.776055 3.618104 -4.292824
-6.902056 3.940221 -4.131442
-7.022642 4.262482 -3.966821
-7.109924 4.584013 -3.780508
-7.185393 4.901040 -3.583476
-7.231184 5.206751 -3.359519
-7.250660 5.492076 -3.109742
-7.247379 5.759772 -2.837637
-7.190269 5.961845 -2.520098
-7.102550 6.111909 -2.186033
-6.980881 6.201384 -1.835479
-6.814825 6.172215 -1.493006
-6.637985 6.092799 -1.168507
-6.450833 5.965333 -0.861197
-6.260062 5.777374 -0.590444
-6.069200 5.577320 -0.327783
-5.882807 5.334638 -0.099582
-5.697783 5.087155 0.123929
-5.520781 4.811560 0.319965
-5.345229 4.532893 0.512498
-5.180082 4.232205 0.679908
-5.015872 3.930077 0.845370
-4.864097 3.608845 0.984968
-4.712839 3.286978 1.123486
-4.575167 2.948404 1.233607
-4.438220 2.609092 1.342022
-4.314454 2.256377 1.419396
-4.192271 1.902382 1.492193
-4.080986 1.539581 1.533470
-3.972106 1.175494 1.565302
-3.870351 0.807603 1.569173
-3.770801 0.439653 1.558658
-3.674425 0.071619 1.527424
-3.578395 -0.294443 1.479627
-3.482621 -0.659045 1.419583
-3.384023 -1.020148 1.345331
-3.284375 -1.379951 1.265799
-3.178386 -1.736216 1.178978
-3.071401 -2.091925 1.091010
-2.955037 -2.445486 1.006360
-2.837515 -2.798986 0.923236
-2.710584 -3.152280 0.854061
-2.581455 -3.505672 0.790729
-2.444338 -3.859423 0.748632
-2.303977 -4.212748 0.719678
-2.157690 -4.565294 0.714745
-2.007363 -4.915025 0.732090
-1.853142 -5.262044 0.770908
-1.694035 -5.601326 0.840154
-1.532549 -5.936841 0.924208
-1.364493 -6.258017 1.042618
-1.195081 -6.576235 1.168118
-1.015747 -6.873648 1.326357
-0.834979 -7.168462 1.487671
-0.641174 -7.440906 1.671863
-0.444211 -7.708967 1.858638
-0.231676 -7.955416 2.058150
-0.013182 -8.194715 2.259269
0.222712 -8.413137 2.465081
0.467988 -8.620818 2.670127
0.730646 -8.808595 2.873753
1.006249 -8.980556 3.072955
1.296768 -9.134297 3.267058
1.602769 -9.265679 3.452174
1.919090 -9.382160 3.631301
2.251096 -9.468858 3.797241
2.588288 -9.545711 3.958823
2.938365 -9.585994 4.104991
3.290195 -9.620034 4.248722
3.648724 -9.617524 4.379732
4.007474 -9.607104 4.508818
4.367025 -9.568138 4.630957
4.725295 -9.517787 4.751706
5.081253 -9.446896 4.869948
5.434129 -9.363400 4.988443
5.783729 -9.266506 5.107206
6.129028 -9.158209 5.228250
6.471486 -9.042377 5.350800
6.809478 -8.918348 5.477484
7.145655 -8.790987 5.605848
7.478117 -8.659621 5.739680
7.809735 -8.527345 5.874758
8.139004 -8.395490 6.015846
8.468040 -8.263769 6.157609
8.796176 -8.135880 6.304862
9.124331 -8.008759 6.452723
9.452591 -7.886499 6.604413
9.781074 -7.765811 6.756853
10.110198 -7.649686 6.911467
10.439837 -7.535958 7.066729
10.770310 -7.426096 7.223033
11.101705 -7.319758 7.379783
11.433970 -7.216752 7.536952
11.767688 -7.119275 7.694515
12.102197 -7.024812 7.852292
12.438719 -6.939116 8.010718
12.775819 -6.855940 8.169332
13.114976 -6.785761 8.329768
13.454370 -6.717081 8.490416
13.795025 -6.666177 8.654963
14.135626 -6.616932 8.820024
14.475595 -6.586637 8.990950
14.815061 -6.559467 9.163186
15.151353 -6.551895 9.343638
15.486274 -6.548767 9.526414
15.814877 -6.566116 9.719888
16.140638 -6.589420 9.916982
16.456194 -6.634121 10.127076
16.766100 -6.687386 10.342675
17.061388 -6.762811 10.572521
17.344912 -6.851824 10.810807
17.609818 -6.962340 11.062449
17.850037 -7.095135 11.325912
18.071215 -7.245113 11.598493
18.244196 -7.429039 11.883375
18.397015 -7.625602 12.171420
18.488441 -7.855276 12.462288
18.545431 -8.098673 12.748035
18.563778 -8.357468 13.028038
18.532101 -8.630017 13.291846
18.485441 -8.906596 13.550662
18.391014 -9.191506 13.786508
18.291006 -9.476954 14.018926
18.163490 -9.765052 14.234453
18.031227 -10.053351 14.446574
17.884026 -10.342285 14.647975
17.734528 -10.631274 14.847536
17.578791 -10.920414 15.042107
17.423656 -11.209664 15.236990
17.269930 -11.499174 15.432605
17.121620 -11.788795 15.632026
16.981859 -12.078589 15.837449
16.842100 -12.368384 16.042873
16.702339 -12.658178 16.248297
16.562578 -12.947973 16.453720
16.422817 -13.237768 16.659145
16.283056 -13.527563 16.864569
16.143295 -13.817358 17.069992
16.003534 -14.107153 17.275417
15.863773 -14.396947 17.480841
15.724012 -14.686742 17.686264
15.584252 -14.976537 17.891687
15.444491 -15.266332 18.097113
15.304730 -15.556127 18.302536
15.164969 -15.845921 18.507959
15.025208 -16.135715 18.713385
14.885448 -16.425510 18.918808
14.745687 -16.715305 19.124231
14.605927 -17.005100 19.329655
14.466166 -17.294895 19.535080
14.326405 -17.584690 19.740503
14.186644 -17.874485 19.945927
14.046884 -18.164278 20.151352
13.907123 -18.454073 20.356775
13.767362 -18.743868 20.562199
13.627601 -19.033663 20.767622
13.487840 -19.323458 20.973047
13.348079 -19.613253 21.178471
13.208319 -19.903048 21.383894
13.068558 -20.192842 21.589319
12.928797 -20.482637 21.794743
12.789036 -20.772432 22.000166
12.649275 -21.062227 22.205589
12.509515 -21.352020 22.411015
12.369754 -21.641815 22.616438
12.229993 -21.931610 22.821861
12.090232 -22.221405 23.027287
11.950471 -22.511200 23.232710
11.810710 -22.800995 23.438133
11.670950 -23.090790 23.643557
11.531189 -23.380585 23.848982
11.391428 -23.670380 24.054405
11.251667 -23.960175 24.259829
11.111906 -24.249969 24.465254
10.972145 -24.539762 24.670677
10.832385 -24.829557 24.876101
10.692624 -25.119352 25.081526
10.552863 -25.409147 25.286949
10.413102 -25.698942 25.492373
10.273341 -25.988737 25.697796
10.133581 -26.278532 25.903221
9.993820 -26.568327 26.108644
9.854059 -26.858122 26.314068
9.714298 -27.147917 26.519493
9.574537 -27.437710 26.724916
9.434776 -27.727505 26.930340
9.295016 -28.017300 27.135763
9.155255 -28.307095 27.341188
9.015494 -28.596889 27.546612
