#pt3d 300
4.518124 23.946951 2.246034
4.359891 23.698261 2.100869
4.201658 23.449572 1.955704
4.043425 23.200884 1.810539
3.885191 22.952194 1.665374
3.726958 22.703505 1.520209
3.568725 22.454815 1.375044
3.410491 22.206125 1.229879
3.252258 21.957436 1.084714
3.094025 21.708746 0.939548
2.935791 21.460056 0.794383
2.777558 21.211367 0.649218
2.619325 20.962677 0.504053
2.461092 20.713987 0.358888
2.302858 20.465298 0.213723
2.144625 20.216610 0.068558
1.986392 19.967920 -0.076607
1.828158 19.719231 -0.221772
1.669925 19.470541 -0.366937
1.511692 19.221851 -0.512102
1.353458 18.973162 -0.657268
1.195225 18.724472 -0.802433
1.036992 18.475782 -0.947598
0.878759 18.227093 -1.092763
0.720525 17.978403 -1.237928
0.562292 17.729713 -1.383093
0.404059 17.481024 -1.528258
0.245825 17.232336 -1.673423
0.087592 16.983646 -1.818588
-0.070641 16.734957 -1.963753
-0.228875 16.486267 -2.108918
-0.387108 16.237577 -2.254084
-0.545341 15.988888 -2.399249
-0.703574 15.740198 -2.544414
-0.861808 15.491508 -2.689579
-1.020041 15.242819 -2.834744
-1.178274 14.994129 -2.979909
-1.336508 14.745440 -3.125074
-1.494741 14.496751 -3.270239
-1.675754 14.255403 -3.398622
-1.869036 14.018008 -3.517967
-2.085285 13.791459 -3.616261
-2.306703 13.567477 -3.709650
-2.547900 13.355972 -3.780688
-2.792829 13.147466 -3.846584
-3.049091 12.948068 -3.896854
-3.310488 12.753808 -3.938785
-3.577504 12.565171 -3.971588
-3.850184 12.383496 -3.994783
-4.125215 12.204814 -4.014227
-4.405315 12.033598 -4.027881
-4.687482 11.866006 -4.043090
-4.971818 11.702283 -4.060317
-5.258697 11.545500 -4.093134
-5.544696 11.394135 -4.148024
-5.825419 11.249741 -4.235610
-6.092224 11.114219 -4.368046
-6.334078 10.988379 -4.549503
-6.545015 10.870520 -4.771590
-6.723971 10.757471 -5.022891
-6.876988 10.644997 -5.290790
-7.015453 10.531246 -5.565940
-7.143313 10.416142 -5.845852
-7.256093 10.296999 -6.130532
-7.363361 10.175589 -6.416295
-7.463168 10.051110 -6.703525
-7.553234 9.921433 -6.991596
-7.639678 9.789816 -7.279969
-7.710014 9.648353 -7.568063
-7.774197 9.503024 -7.855433
-7.822735 9.347867 -8.140964
-7.853866 9.182502 -8.422660
-7.873064 9.010138 -8.701729
-7.856980 8.820239 -8.969224
-7.824620 8.624069 -9.229810
-7.765195 8.417834 -9.478592
-7.675373 8.204809 -9.711178
-7.571561 7.989268 -9.936037
-7.436833 7.771781 -10.142204
-7.291377 7.555308 -10.341428
-7.129657 7.340372 -10.530124
-6.955960 7.128078 -10.710603
-6.774283 6.917545 -10.885607
-6.581970 6.709803 -11.052173
-6.385689 6.503101 -11.215590
-6.180460 6.297561 -11.369052
-5.973195 6.092286 -11.520249
-5.757942 5.884891 -11.656564
-5.541334 5.676752 -11.789469
-5.317895 5.462158 -11.898930
-5.092464 5.243300 -11.992712
-4.863732 5.017370 -12.060493
-4.636177 4.781797 -12.070627
-4.418533 4.545560 -12.021459
-4.222850 4.319170 -11.895949
-4.061333 4.117590 -11.694927
-3.945468 3.959109 -11.431458
-3.860137 3.835242 -11.140843
-3.790848 3.730979 -10.837738
-3.740764 3.652542 -10.522624
-3.699927 3.588430 -10.203321
-3.665838 3.534772 -9.880962
-3.639859 3.493746 -9.556111
-3.616383 3.456616 -9.230494
-3.600691 3.427317 -8.903638
-3.586124 3.399150 -8.576603
-3.581367 3.372531 -8.249155
-3.578113 3.345481 -7.921744
-3.587504 3.312932 -7.594927
-3.601803 3.276808 -7.268823
-3.629780 3.230721 -6.944708
-3.669662 3.174141 -6.623886
-3.720332 3.108048 -6.306047
-3.791363 3.021464 -5.997398
-3.870726 2.925520 -5.693699
-3.965199 2.811422 -5.400418
-4.068100 2.683263 -5.116218
-4.175522 2.546447 -4.837534
-4.285911 2.395130 -4.567581
-4.393157 2.237913 -4.299816
-4.497638 2.075819 -4.033803
-4.589133 1.908125 -3.766475
-4.671423 1.739387 -3.496986
-4.744330 1.569598 -3.225312
-4.797090 1.398230 -2.949982
-4.838967 1.223982 -2.674779
-4.870132 1.046101 -2.400373
-4.885656 0.856936 -2.132171
-4.891771 0.653849 -1.874332
-4.890654 0.437613 -1.627458
-4.881414 0.201516 -1.399138
-4.866174 -0.054641 -1.194577
-4.847713 -0.321972 -1.005161
-4.825427 -0.603035 -0.836447
-4.799664 -0.893339 -0.685204
-4.772160 -1.187518 -0.541557
-4.739826 -1.487455 -0.411366
-4.704824 -1.788055 -0.283498
-4.665449 -2.089742 -0.159436
-4.620336 -2.390352 -0.034803
-4.571490 -2.690261 0.090201
-4.512808 -2.986431 0.219676
-4.451659 -3.281664 0.350272
-4.375610 -3.569954 0.488315
-4.296394 -3.856656 0.627679
-4.201971 -4.135677 0.773242
-4.100441 -4.410940 0.920719
-3.985402 -4.679058 1.071836
-3.857892 -4.940161 1.224643
-3.719974 -5.195410 1.378862
-3.563251 -5.438917 1.533610
-3.400629 -5.678732 1.688519
-3.212391 -5.899840 1.842256
-3.017375 -6.114907 1.995362
-2.803474 -6.313142 2.146710
-2.576490 -6.496714 2.296414
-2.338546 -6.668000 2.444740
-2.083219 -6.814094 2.590469
-1.822380 -6.951203 2.735319
-1.547496 -7.061304 2.877705
-1.267982 -7.159080 3.019211
-0.981957 -7.239527 3.159481
-0.691446 -7.302324 3.298992
-0.398864 -7.356977 3.438154
-0.103438 -7.392273 3.577463
0.192292 -7.423768 3.717028
0.488533 -7.442706 3.857882
0.784412 -7.458188 3.999836
1.079679 -7.467849 4.143644
1.373770 -7.474956 4.289955
1.666995 -7.480186 4.438107
1.957988 -7.484652 4.590597
2.248341 -7.488899 4.744331
2.535194 -7.493892 4.904476
2.821217 -7.498981 5.066068
3.103924 -7.504422 5.233413
3.384959 -7.509113 5.403523
3.663466 -7.512669 5.577818
3.939598 -7.512699 5.755830
4.214261 -7.510547 5.936143
4.486381 -7.499750 6.119923
4.757877 -7.486099 6.304429
5.027691 -7.459065 6.489974
5.297318 -7.426106 6.674644
5.566587 -7.381739 6.857627
5.836281 -7.326654 7.036805
6.106248 -7.264655 7.213527
6.378063 -7.189793 7.382164
6.650687 -7.111792 7.548064
6.926176 -7.026529 7.705524
7.203838 -6.940925 7.858840
7.484137 -6.854908 8.007135
7.768564 -6.774751 8.150690
8.054656 -6.697424 8.292516
8.345494 -6.634896 8.432016
8.637413 -6.580201 8.572168
8.931162 -6.538789 8.713427
9.224648 -6.513482 8.858543
9.518013 -6.495446 9.005405
9.807531 -6.499846 9.160702
10.095119 -6.510088 9.318923
10.378095 -6.534303 9.484138
10.656427 -6.568244 9.655082
10.931214 -6.609619 9.830403
11.198640 -6.664180 10.013163
11.463904 -6.722611 10.197973
11.720132 -6.797240 10.389638
11.973275 -6.877707 10.582739
12.218794 -6.972610 10.779388
12.457377 -7.080581 10.977334
12.689836 -7.200095 11.176423
12.908609 -7.342619 11.375410
13.121986 -7.493655 11.574160
13.314013 -7.674067 11.770462
13.494578 -7.866855 11.964686
13.656776 -8.079478 12.155581
13.794334 -8.312301 12.340971
13.921082 -8.553988 12.523947
14.010092 -8.818427 12.697415
14.089465 -9.087033 12.868262
14.141745 -9.367220 13.031723
14.179093 -9.651495 13.191312
14.199969 -9.940282 13.346630
14.205321 -10.231102 13.498999
14.202350 -10.523011 13.649787
14.187331 -10.813959 13.801597
14.169432 -11.104676 13.953650
14.147223 -11.389901 14.115232
14.127375 -11.671821 14.282408
14.114663 -11.944179 14.465756
14.122275 -12.196712 14.674100
14.156349 -12.420350 14.907829
14.236686 -12.589118 15.177070
14.391281 -12.632673 15.463706
14.545877 -12.676228 15.750342
14.700472 -12.719782 16.036978
14.855067 -12.763337 16.323614
15.009663 -12.806891 16.610252
15.164257 -12.850447 16.896889
15.318852 -12.894001 17.183525
15.473448 -12.937556 17.470161
15.628043 -12.981111 17.756798
15.782639 -13.024665 18.043434
15.937233 -13.068220 18.330070
16.091829 -13.111774 18.616707
16.246424 -13.155330 18.903343
16.401018 -13.198884 19.189980
16.555614 -13.242439 19.476616
16.710209 -13.285994 19.763252
16.864805 -13.329548 20.049889
17.019400 -13.373103 20.336525
17.173996 -13.416657 20.623161
17.328590 -13.460213 20.909798
17.483185 -13.503767 21.196434
17.637781 -13.547321 21.483070
17.792376 -13.590877 21.769707
17.946972 -13.634431 22.056345
18.101566 -13.677986 22.342981
18.256161 -13.721540 22.629618
18.410757 -13.765096 22.916254
18.565351 -13.808650 23.202890
18.719948 -13.852204 23.489527
18.874542 -13.895760 23.776163
19.029137 -13.939314 24.062799
19.183733 -13.982869 24.349436
19.338327 -14.026423 24.636072
19.492924 -14.069979 24.922709
19.647518 -14.113533 25.209345
19.802113 -14.157087 25.495981
19.956709 -14.200643 25.782618
20.111303 -14.244197 26.069254
20.265900 -14.287752 26.355890
20.420494 -14.331306 26.642527
20.575090 -14.374862 26.929163
20.729685 -14.418416 27.215799
20.884279 -14.461970 27.502438
21.038876 -14.505526 27.789074
21.193470 -14.549080 28.075710
21.348066 -14.592635 28.362347
21.502661 -14.636189 28.648983
21.657255 -14.679744 28.935619
21.811852 -14.723299 29.222256
21.966446 -14.766853 29.508892
22.121042 -14.810409 29.795528
22.275637 -14.853963 30.082165
22.430231 -14.897518 30.368801
22.584827 -14.941072 30.655437
22.739422 -14.984627 30.942074
22.894018 -15.028182 31.228710
23.048613 -15.071736 31.515347
23.203207 -15.115292 31.801983
23.357803 -15.158846 32.088619
23.512398 -15.202401 32.375256
23.666994 -15.245955 32.661892
23.821589 -15.289510 32.948528
23.976185 -15.333065 33.235165
24.130779 -15.376619 33.521801
24.285374 -15.420175 33.808437
24.439970 -15.463729 34.095074
24.594564 -15.507284 34.381710
