#pt3d 300
6.201692 23.828674 -9.307118
5.922782 23.668226 -9.191143
5.643872 23.507776 -9.075168
5.364962 23.347328 -8.959192
5.086052 23.186880 -8.843217
4.807142 23.026430 -8.727242
4.528233 22.865982 -8.611266
4.249323 22.705534 -8.495291
3.970413 22.545084 -8.379315
3.691503 22.384636 -8.263341
3.412593 22.224188 -8.147366
3.133683 22.063738 -8.031390
2.854774 21.903290 -7.915415
2.575864 21.742842 -7.799439
2.296954 21.582392 -7.683464
2.018044 21.421944 -7.567489
1.739134 21.261496 -7.451514
1.460224 21.101046 -7.335538
1.181314 20.940598 -7.219563
0.902404 20.780149 -7.103588
0.623495 20.619699 -6.987613
0.344585 20.459251 -6.871637
0.065675 20.298803 -6.755662
-0.213235 20.138353 -6.639687
-0.492145 19.977905 -6.523711
-0.771055 19.817457 -6.407736
-1.049965 19.657007 -6.291761
-1.328874 19.496559 -6.175786
-1.607784 19.336111 -6.059810
-1.886694 19.175663 -5.943835
-2.165604 19.015213 -5.827860
-2.444514 18.854765 -5.711884
-2.723424 18.694317 -5.595909
-3.002333 18.533867 -5.479934
-3.281243 18.373419 -5.363959
-3.560153 18.212971 -5.247983
-3.839063 18.052521 -5.132008
-4.117973 17.892073 -5.016033
-4.381847 17.694099 -4.926182
-4.641737 17.489151 -4.842008
-4.882902 17.253769 -4.783525
-5.112176 17.005230 -4.738788
-5.326217 16.739834 -4.711662
-5.517656 16.457130 -4.707553
-5.699091 16.167553 -4.713344
-5.855383 15.864725 -4.742543
-6.000395 15.557937 -4.781733
-6.131421 15.246237 -4.833312
-6.246858 14.931229 -4.898716
-6.356843 14.615083 -4.968967
-6.450769 14.297536 -5.054564
-6.541861 13.980140 -5.143375
-6.623833 13.663228 -5.242531
-6.702106 13.347264 -5.347251
-6.775587 13.032533 -5.459184
-6.845180 12.720005 -5.579246
-6.912360 12.408847 -5.704355
-6.974908 12.101799 -5.841281
-7.036285 11.795790 -5.981196
-7.090134 11.497004 -6.138713
-7.141059 11.200727 -6.301449
-7.183003 10.912166 -6.480215
-7.214247 10.631781 -6.672816
-7.236944 10.357930 -6.876471
-7.232229 10.103989 -7.105320
-7.209895 9.863020 -7.345551
-7.164569 9.638998 -7.600000
-7.077112 9.447712 -7.869309
-6.965689 9.276012 -8.141839
-6.831194 9.123301 -8.416748
-6.660482 9.001009 -8.686705
-6.477770 8.887925 -8.952277
-6.281116 8.785525 -9.212711
-6.071372 8.688768 -9.464870
-5.858292 8.591623 -9.714113
-5.640472 8.488693 -9.956898
-5.424149 8.375872 -10.196361
-5.209414 8.252551 -10.432297
-5.003772 8.104933 -10.661834
-4.801929 7.947910 -10.888737
-4.619217 7.753619 -11.102868
-4.445739 7.544938 -11.309466
-4.289711 7.309064 -11.501829
-4.153483 7.047826 -11.673295
-4.027752 6.773139 -11.833683
-3.932725 6.466717 -11.951918
-3.848903 6.151776 -12.050690
-3.785788 5.821449 -12.113020
-3.746332 5.483457 -12.124395
-3.722559 5.145178 -12.099621
-3.723293 4.813862 -12.014687
-3.750931 4.512160 -11.860537
-3.798497 4.246790 -11.656644
-3.865449 4.026109 -11.405938
-3.954463 3.881397 -11.109088
-4.055277 3.796564 -10.796064
-4.163229 3.752159 -10.475947
-4.279110 3.762591 -10.154315
-4.398890 3.805933 -9.837956
-4.521010 3.869040 -9.524764
-4.646677 3.965825 -9.221919
-4.772905 4.068751 -8.921285
-4.900738 4.192057 -8.628984
-5.028303 4.319551 -8.338449
-5.155278 4.456289 -8.051805
-5.279772 4.595518 -7.765294
-5.401683 4.737339 -7.478921
-5.515701 4.877454 -7.188545
-5.626424 5.016857 -6.896497
-5.718329 5.146224 -6.593524
-5.800553 5.269216 -6.285629
-5.864020 5.379771 -5.968242
-5.900609 5.469943 -5.640977
-5.919819 5.546140 -5.308792
-5.907801 5.595701 -4.970585
-5.869783 5.619734 -4.632412
-5.815259 5.626636 -4.295285
-5.733866 5.601925 -3.964001
-5.638618 5.556317 -3.639435
-5.533313 5.495542 -3.319744
-5.411842 5.400436 -3.014554
-5.286404 5.292243 -2.715949
-5.154227 5.160864 -2.429150
-5.018767 5.004558 -2.157418
-4.881941 4.835786 -1.893435
-4.745627 4.634447 -1.652882
-4.611415 4.420571 -1.423062
-4.480329 4.188048 -1.209207
-4.355749 3.936435 -1.014583
-4.234041 3.677011 -0.827976
-4.122585 3.398940 -0.662935
-4.014831 3.116279 -0.503745
-3.914336 2.824619 -0.356030
-3.819667 2.527815 -0.215110
-3.728925 2.227543 -0.078774
-3.644384 1.923310 0.052619
-3.561340 1.618171 0.182915
-3.482461 1.311143 0.311355
-3.403877 1.004059 0.439840
-3.326025 0.696833 0.568433
-3.246910 0.389995 0.697173
-3.166606 0.083520 0.826050
-3.082034 -0.222161 0.954054
-2.996024 -0.527579 1.081751
-2.902041 -0.832147 1.205809
-2.805596 -1.136581 1.328195
-2.702436 -1.440653 1.446023
-2.594591 -1.744681 1.559539
-2.482696 -2.048672 1.669328
-2.365252 -2.352877 1.772444
-2.246189 -2.657176 1.873471
-2.123401 -2.962075 1.968047
-2.000335 -3.267250 2.061341
-1.876678 -3.573012 2.151916
-1.754082 -3.879240 2.242350
-1.632304 -4.185828 2.332675
-1.513256 -4.492607 2.425922
-1.394999 -4.799403 2.520124
-1.279936 -5.105289 2.621017
-1.165164 -5.410448 2.724325
-1.051190 -5.713613 2.834260
-0.935543 -6.014246 2.949142
-0.818290 -6.312450 3.068768
-0.693858 -6.604839 3.195145
-0.566478 -6.894961 3.323864
-0.423686 -7.174983 3.458708
-0.273047 -7.450031 3.594648
-0.107931 -7.715905 3.732608
0.074551 -7.969918 3.870256
0.265496 -8.218151 4.007752
0.481865 -8.446381 4.142212
0.705074 -8.668133 4.275607
0.943070 -8.875878 4.406697
1.190722 -9.072069 4.537145
1.444575 -9.260841 4.667178
1.707010 -9.435071 4.800275
1.971198 -9.605433 4.934930
2.239209 -9.762853 5.077666
2.507123 -9.915020 5.225828
2.774866 -10.057965 5.383514
3.040161 -10.191125 5.552986
3.303916 -10.318130 5.729870
3.561986 -10.428306 5.925215
3.818076 -10.532366 6.126320
4.068401 -10.618180 6.343019
4.316220 -10.692196 6.566382
4.561388 -10.753731 6.796797
4.805682 -10.795786 7.032249
5.050291 -10.830353 7.268684
5.298554 -10.845814 7.503442
5.550908 -10.853265 7.733928
5.808341 -10.850769 7.959110
6.075276 -10.838313 8.172348
6.346078 -10.822165 8.380560
6.629243 -10.798083 8.570882
6.916594 -10.772243 8.754245
7.211504 -10.743222 8.925037
7.511927 -10.712319 9.085315
7.815666 -10.680282 9.239267
8.124297 -10.646152 9.382604
8.433915 -10.611454 9.523715
8.745909 -10.574353 9.658875
9.058024 -10.536512 9.793542
9.370407 -10.497051 9.927125
9.682237 -10.457159 10.061863
9.993581 -10.416890 10.197612
10.303867 -10.378884 10.336386
10.613813 -10.341887 10.476192
10.923096 -10.313805 10.619513
11.232540 -10.291816 10.763295
11.542297 -10.281574 10.907968
11.852664 -10.290174 11.050880
12.163238 -10.310051 11.192432
12.473106 -10.362033 11.327578
12.780746 -10.432920 11.457664
13.086116 -10.523056 11.582602
13.383661 -10.645392 11.698186
13.677164 -10.779346 11.810831
13.962461 -10.934258 11.918503
14.240020 -11.102436 12.025798
14.512677 -11.279018 12.132856
14.773364 -11.469203 12.246061
15.030414 -11.662496 12.362161
15.274884 -11.864437 12.490376
15.512127 -12.069065 12.626882
15.738444 -12.277758 12.775922
15.949328 -12.489191 12.941821
16.151894 -12.702103 13.116809
16.325401 -12.916943 13.318280
16.487644 -13.131879 13.528142
16.617474 -13.346560 13.760610
16.721046 -13.559273 14.005971
16.799919 -13.770133 14.263462
16.831821 -13.974113 14.535040
16.850121 -14.175951 14.810328
16.809166 -14.364756 15.092570
16.768211 -14.553559 15.374812
16.727257 -14.742364 15.657054
16.686304 -14.931169 15.939296
16.645350 -15.119972 16.221537
16.604395 -15.308777 16.503778
16.563440 -15.497581 16.786020
16.522486 -15.686385 17.068262
16.481531 -15.875190 17.350504
16.440577 -16.063993 17.632746
16.399622 -16.252798 17.914988
16.358667 -16.441603 18.197229
16.317713 -16.630405 18.479471
16.276758 -16.819210 18.761713
16.235804 -17.008015 19.043955
16.194849 -17.196819 19.326197
16.153894 -17.385624 19.608438
16.112940 -17.574427 19.890680
16.071987 -17.763231 20.172922
16.031033 -17.952036 20.455164
15.990077 -18.140841 20.737406
15.949123 -18.329643 21.019648
15.908169 -18.518448 21.301889
15.867214 -18.707253 21.584131
15.826260 -18.896057 21.866373
15.785305 -19.084862 22.148615
15.744350 -19.273664 22.430857
15.703396 -19.462469 22.713099
15.662441 -19.651274 22.995340
15.621488 -19.840078 23.277582
15.580533 -20.028883 23.559824
15.539578 -20.217686 23.842068
15.498624 -20.406490 24.124310
15.457669 -20.595295 24.406551
15.416715 -20.784100 24.688793
15.375760 -20.972904 24.971035
15.334806 -21.161707 25.253277
15.293852 -21.350512 25.535519
15.252897 -21.539316 25.817760
15.211943 -21.728121 26.100002
15.170988 -21.916924 26.382244
15.130033 -22.105728 26.664486
15.089079 -22.294533 26.946728
15.048125 -22.483337 27.228970
15.007171 -22.672142 27.511211
14.966216 -22.860945 27.793453
14.925261 -23.049749 28.075695
14.884307 -23.238554 28.357937
14.843352 -23.427359 28.640179
14.802398 -23.616163 28.922421
14.761443 -23.804966 29.204662
14.720490 -23.993771 29.486904
14.679535 -24.182575 29.769146
14.638580 -24.371380 30.051388
14.597626 -24.560183 30.333630
14.556671 -24.748987 30.615871
14.515717 -24.937792 30.898113
14.474762 -25.126596 31.180355
14.433808 -25.315401 31.462597
14.392854 -25.504204 31.744839
14.351899 -25.693008 32.027081
14.310945 -25.881813 32.309322
14.269990 -26.070618 32.591564
14.229035 -26.259422 32.873806
14.188081 -26.448225 33.156048
