#pt3d 300
4.761901 19.473141 -13.409871
4.536985 19.375200 -13.198485
4.312069 19.277260 -12.987099
4.087154 19.179319 -12.775713
3.862238 19.081379 -12.564327
3.637323 18.983438 -12.352942
3.412407 18.885498 -12.141556
3.187491 18.787558 -11.930170
2.962576 18.689617 -11.718783
2.737660 18.591677 -11.507398
2.512744 18.493736 -11.296012
2.287829 18.395796 -11.084626
2.062913 18.297855 -10.873240
1.837998 18.199915 -10.661855
1.613082 18.101976 -10.450468
1.388166 18.004036 -10.239082
1.163251 17.906096 -10.027697
0.938335 17.808155 -9.816311
0.713419 17.710215 -9.604925
0.488504 17.612274 -9.393539
0.263588 17.514334 -9.182153
0.038672 17.416393 -8.970767
-0.186243 17.318453 -8.759381
-0.411159 17.220512 -8.547996
-0.636074 17.122572 -8.336610
-0.860990 17.024632 -8.125224
-1.085906 16.926691 -7.913838
-1.310821 16.828751 -7.702452
-1.535737 16.730810 -7.491066
-1.760653 16.632870 -7.279680
-1.985568 16.534929 -7.068294
-2.210484 16.436989 -6.856908
-2.435400 16.339048 -6.645523
-2.660315 16.241108 -6.434136
-2.885231 16.143167 -6.222751
-3.110147 16.045227 -6.011365
-3.335062 15.947287 -5.799979
-3.559978 15.849346 -5.588593
-3.784894 15.751406 -5.377207
-4.012730 15.638716 -5.179973
-4.249838 15.479197 -5.027668
-4.485394 15.291215 -4.914501
-4.719573 15.086678 -4.824957
-4.945873 14.859822 -4.778181
-5.169304 14.628585 -4.743004
-5.388587 14.391016 -4.724593
-5.606104 14.151396 -4.715167
-5.822752 13.910767 -4.710158
-6.040983 13.671544 -4.707014
-6.259711 13.432782 -4.703862
-6.483336 13.198721 -4.695487
-6.708800 12.966612 -4.684659
-6.939548 12.740120 -4.666776
-7.174683 12.518805 -4.643666
-7.413447 12.301775 -4.616230
-7.660489 12.094892 -4.584159
-7.913057 11.894268 -4.556487
-8.172560 11.701597 -4.547399
-8.431022 11.519443 -4.603590
-8.612122 11.371213 -4.815525
-8.695217 11.252617 -5.103771
-8.737730 11.134556 -5.402003
-8.763509 11.008010 -5.698802
-8.780513 10.872211 -5.992287
-8.786927 10.720087 -6.278068
-8.787443 10.559862 -6.559233
-8.781021 10.390157 -6.834955
-8.761230 10.206519 -7.100744
-8.735822 10.017663 -7.362373
-8.692813 9.814706 -7.611012
-8.640191 9.605676 -7.852147
-8.574353 9.388298 -8.082962
-8.492235 9.162827 -8.299905
-8.403308 8.933972 -8.511046
-8.293804 8.697375 -8.703083
-8.179762 8.459557 -8.890669
-8.052547 8.218325 -9.065274
-7.919087 7.976192 -9.233598
-7.778481 7.733027 -9.394733
-7.631289 7.489596 -9.549304
-7.480568 7.246021 -9.700360
-7.323614 7.002589 -9.845096
-7.165012 6.759193 -9.988161
-7.000457 6.515770 -10.124249
-6.835170 6.272345 -10.259480
-6.663821 6.028100 -10.385350
-6.491948 5.783725 -10.510222
-6.313988 5.537379 -10.622057
-6.134794 5.290414 -10.730180
-5.950056 5.040671 -10.821634
-5.762393 4.789190 -10.900073
-5.570677 4.535302 -10.960482
-5.374240 4.279434 -10.981735
-5.176924 4.025824 -10.964294
-4.983572 3.782169 -10.884258
-4.810726 3.570492 -10.714788
-4.680674 3.416278 -10.462310
-4.603765 3.326059 -10.160965
-4.566150 3.275855 -9.844189
-4.552069 3.244444 -9.522896
-4.555637 3.225569 -9.199640
-4.584930 3.214226 -8.877400
-4.621964 3.202129 -8.556099
-4.675493 3.187043 -8.237083
-4.739204 3.164975 -7.920581
-4.812099 3.136607 -7.606344
-4.895790 3.092755 -7.296823
-4.983262 3.043479 -6.988952
-5.077695 2.967750 -6.688648
-5.171571 2.883358 -6.390793
-5.262856 2.773945 -6.100002
-5.344463 2.643837 -5.815653
-5.418839 2.498265 -5.536118
-5.462731 2.318437 -5.270506
-5.487724 2.125608 -5.012895
-5.489439 1.917130 -4.765110
-5.451299 1.693723 -4.534220
-5.395811 1.466973 -4.310638
-5.317318 1.236872 -4.096731
-5.218977 1.007578 -3.890601
-5.113366 0.778808 -3.687250
-4.996589 0.551965 -3.487828
-4.879229 0.325040 -3.288846
-4.761142 0.098013 -3.090408
-4.649545 -0.132436 -2.892207
-4.540789 -0.364394 -2.694167
-4.448113 -0.605100 -2.498374
-4.362568 -0.849763 -2.304601
-4.290895 -1.102124 -2.114758
-4.232714 -1.361993 -1.930902
-4.181587 -1.625787 -1.750175
-4.145257 -1.898277 -1.579055
-4.111073 -2.172480 -1.410285
-4.081349 -2.450447 -1.246841
-4.049131 -2.729122 -1.085105
-4.015107 -3.008310 -0.924605
-3.968415 -3.284602 -0.762369
-3.916100 -3.559105 -0.598999
-3.844840 -3.826744 -0.431205
-3.760866 -4.088422 -0.260629
-3.661972 -4.343105 -0.086791
-3.541526 -4.585705 0.090104
-3.413339 -4.823932 0.268042
-3.258346 -5.045183 0.446616
-3.096973 -5.262096 0.624384
-2.917619 -5.466784 0.799879
-2.727954 -5.664110 0.972424
-2.527254 -5.853559 1.141812
-2.313730 -6.033105 1.305829
-2.094384 -6.208157 1.467407
-1.860618 -6.370213 1.622005
-1.623751 -6.529158 1.775150
-1.374148 -6.673424 1.922625
-1.120999 -6.812057 2.069107
-0.859799 -6.937898 2.213336
-0.593770 -7.052438 2.357708
-0.323613 -7.157320 2.502202
-0.048637 -7.244106 2.649255
0.227792 -7.324875 2.797236
0.507350 -7.383562 2.949770
0.787258 -7.435430 3.103778
1.067928 -7.472494 3.260986
1.348588 -7.499336 3.420020
1.629241 -7.518529 3.580422
1.909873 -7.527133 3.741696
2.190528 -7.532998 3.903125
2.471819 -7.531391 4.063549
2.753490 -7.528867 4.223282
3.036251 -7.523700 4.381024
3.319940 -7.518175 4.537066
3.604689 -7.512238 4.691164
3.890701 -7.506146 4.842888
4.177316 -7.499979 4.993476
4.465100 -7.492120 5.141736
4.753067 -7.483438 5.289587
5.041350 -7.470241 5.436497
5.329293 -7.453786 5.583678
5.616642 -7.431629 5.731337
5.902485 -7.402202 5.880522
6.187411 -7.368347 6.030635
6.469060 -7.323447 6.183944
6.749591 -7.275517 6.338376
7.026512 -7.219151 6.496492
7.301601 -7.160383 6.656860
7.574349 -7.098549 6.820103
7.844560 -7.037007 6.987592
8.113724 -6.975585 7.156829
8.379834 -6.920254 7.332852
8.645120 -6.867517 7.510824
8.907916 -6.822942 7.694711
9.168885 -6.784680 7.882412
9.427865 -6.753291 8.074265
9.683822 -6.731505 8.271306
9.938609 -6.713439 8.470355
10.189618 -6.706892 8.674822
10.440008 -6.702737 8.880086
10.688399 -6.706986 9.087804
10.936872 -6.714953 9.295266
11.185465 -6.728446 9.502348
11.436049 -6.747989 9.706456
11.687789 -6.771039 9.908841
11.944372 -6.804483 10.103478
12.202527 -6.841733 10.295256
12.465652 -6.892006 10.477192
12.730494 -6.951385 10.653423
12.997352 -7.021452 10.822955
13.263305 -7.110194 10.984667
13.527756 -7.207818 11.143723
13.785346 -7.327315 11.299388
14.033816 -7.461447 11.457131
14.274685 -7.607777 11.616609
14.490058 -7.779039 11.787171
14.689933 -7.960572 11.964530
14.868121 -8.155995 12.151403
15.009400 -8.367353 12.351179
15.131023 -8.585519 12.556073
15.219311 -8.813775 12.768129
15.277534 -9.049136 12.981726
15.320585 -9.288070 13.195934
15.325040 -9.535579 13.404699
15.319081 -9.785666 13.609627
15.289937 -10.041494 13.806007
15.245477 -10.302008 13.992356
15.188423 -10.566373 14.170456
15.114142 -10.837380 14.330717
15.034188 -11.110576 14.485103
14.936789 -11.392014 14.611959
14.836523 -11.674953 14.732774
14.723570 -11.964998 14.822098
14.607571 -12.256846 14.898357
14.484645 -12.552795 14.944901
14.359426 -12.849606 14.966224
14.231949 -13.147264 14.962691
14.104471 -13.444922 14.959159
13.976994 -13.742580 14.955626
13.849516 -14.040238 14.952093
13.722038 -14.337896 14.948560
13.594561 -14.635554 14.945027
13.467083 -14.933212 14.941495
13.339605 -15.230870 14.937962
13.212128 -15.528529 14.934429
13.084650 -15.826187 14.930897
12.957172 -16.123844 14.927363
12.829695 -16.421503 14.923831
12.702217 -16.719162 14.920298
12.574739 -17.016819 14.916765
12.447262 -17.314478 14.913233
12.319784 -17.612135 14.909699
12.192307 -17.909794 14.906167
12.064829 -18.207451 14.902635
11.937351 -18.505110 14.899101
11.809874 -18.802769 14.895569
11.682397 -19.100426 14.892036
11.554919 -19.398085 14.888503
11.427442 -19.695742 14.884971
11.299964 -19.993401 14.881437
11.172486 -20.291058 14.877905
11.045009 -20.588717 14.874372
10.917531 -20.886374 14.870839
10.790053 -21.184032 14.867307
10.662576 -21.481691 14.863774
10.535098 -21.779348 14.860241
10.407620 -22.077007 14.856709
10.280143 -22.374664 14.853176
10.152665 -22.672323 14.849643
10.025187 -22.969980 14.846110
9.897710 -23.267639 14.842577
9.770232 -23.565298 14.839045
9.642755 -23.862955 14.835512
9.515277 -24.160614 14.831979
9.387799 -24.458271 14.828446
9.260322 -24.755930 14.824914
9.132844 -25.053587 14.821381
9.005366 -25.351246 14.817848
8.877889 -25.648905 14.814315
8.750411 -25.946562 14.810782
8.622933 -26.244221 14.807250
8.495456 -26.541878 14.803717
8.367978 -26.839537 14.800184
8.240501 -27.137194 14.796652
8.113024 -27.434853 14.793118
7.985546 -27.732510 14.789586
7.858068 -28.030169 14.786054
7.730590 -28.327827 14.782520
7.603113 -28.625484 14.778988
7.475635 -28.923143 14.775455
7.348158 -29.220800 14.771922
7.220680 -29.518459 14.768390
7.093203 -29.816116 14.764856
6.965725 -30.113775 14.761324
6.838247 -30.411434 14.757792
6.710770 -30.709091 14.754258
6.583292 -31.006750 14.750726
6.455814 -31.304407 14.747192
6.328337 -31.602066 14.743660
6.200859 -31.899723 14.740128
6.073381 -32.197380 14.736594
5.945904 -32.495041 14.733062
5.818426 -32.792698 14.729529
5.690948 -33.090355 14.725996
