#pt3d 300
8.367502 20.342590 -4.822395
8.071593 20.209978 -4.923726
7.775685 20.077366 -5.025056
7.479777 19.944754 -5.126386
7.183868 19.812141 -5.227716
6.887960 19.679529 -5.329047
6.592052 19.546917 -5.430377
6.296143 19.414305 -5.531707
6.000235 19.281693 -5.633038
5.704326 19.149080 -5.734368
5.408418 19.016468 -5.835698
5.112509 18.883856 -5.937028
4.816601 18.751244 -6.038358
4.520692 18.618631 -6.139688
4.224784 18.486019 -6.241019
3.928875 18.353407 -6.342349
3.632967 18.220795 -6.443679
3.337059 18.088182 -6.545010
3.041150 17.955570 -6.646340
2.745242 17.822958 -6.747670
2.449333 17.690346 -6.849000
2.153425 17.557734 -6.950331
1.857516 17.425121 -7.051661
1.561608 17.292509 -7.152991
1.265700 17.159897 -7.254322
0.969791 17.027285 -7.355652
0.673883 16.894672 -7.456982
0.377974 16.762060 -7.558312
0.082066 16.629448 -7.659643
-0.213843 16.496836 -7.760973
-0.509751 16.364223 -7.862303
-0.805660 16.231611 -7.963634
-1.101568 16.098999 -8.064963
-1.397476 15.966388 -8.166294
-1.693385 15.833776 -8.267624
-1.989293 15.701163 -8.368955
-2.285202 15.568551 -8.470284
-2.581110 15.435939 -8.571615
-2.865787 15.264347 -8.622869
-3.144234 15.071133 -8.646344
-3.392462 14.844649 -8.609752
-3.631931 14.610036 -8.557306
-3.835956 14.357815 -8.456441
-4.032447 14.103790 -8.347200
-4.208982 13.844989 -8.215773
-4.379373 13.585423 -8.078242
-4.542170 13.324912 -7.933168
-4.704930 13.064112 -7.788572
-4.867666 12.803138 -7.644264
-5.041410 12.542105 -7.513723
-5.221710 12.281457 -7.392534
-5.420322 12.022314 -7.298653
-5.636934 11.768401 -7.242084
-5.866577 11.520974 -7.220386
-6.109623 11.285421 -7.249696
-6.353684 11.066234 -7.335003
-6.591834 10.855050 -7.450921
-6.822600 10.650512 -7.593493
-7.031000 10.445342 -7.766289
-7.224746 10.233839 -7.947370
-7.401674 10.014823 -8.137486
-7.540373 9.774027 -8.332503
-7.653677 9.520659 -8.526134
-7.734699 9.251657 -8.717155
-7.755890 8.964910 -8.897092
-7.743572 8.674433 -9.069571
-7.692958 8.381068 -9.233252
-7.593526 8.095080 -9.386165
-7.478255 7.813559 -9.536372
-7.333267 7.543364 -9.682621
-7.178113 7.279832 -9.830008
-7.011257 7.023973 -9.978703
-6.839911 6.774016 -10.132073
-6.665301 6.528354 -10.288843
-6.492754 6.285565 -10.452126
-6.321553 6.044650 -10.619653
-6.157475 5.803242 -10.793306
-5.998271 5.561497 -10.971152
-5.850329 5.315873 -11.153075
-5.709607 5.067762 -11.337612
-5.585987 4.810728 -11.521811
-5.469887 4.549561 -11.705313
-5.380753 4.269592 -11.875866
-5.313849 3.971048 -12.020552
-5.288710 3.644721 -12.085985
-5.339013 3.436670 -11.871942
-5.388113 3.448006 -11.540791
-5.415917 3.534442 -11.214682
-5.427484 3.656395 -10.897807
-5.420284 3.804645 -10.592549
-5.407823 3.959393 -10.290504
-5.377765 4.131206 -9.998968
-5.344598 4.305007 -9.709081
-5.297414 4.487778 -9.426620
-5.247669 4.671210 -9.145092
-5.186252 4.857653 -8.867815
-5.122911 5.043359 -8.590510
-5.050903 5.225748 -8.313086
-4.977446 5.404756 -8.033931
-4.899716 5.573789 -7.749675
-4.822439 5.731813 -7.459377
-4.745734 5.875943 -7.161453
-4.676836 5.990095 -6.849532
-4.615080 6.082870 -6.529589
-4.569035 6.135034 -6.197062
-4.545858 6.136956 -5.859259
-4.540615 6.099833 -5.523399
-4.553185 6.023776 -5.192733
-4.587140 5.892127 -4.881395
-4.627262 5.730330 -4.586693
-4.670880 5.543544 -4.306874
-4.711838 5.320731 -4.053709
-4.743680 5.076663 -3.820809
-4.768796 4.818151 -3.602046
-4.771870 4.534528 -3.415060
-4.763681 4.243468 -3.241433
-4.740306 3.942380 -3.085820
-4.698193 3.634103 -2.950378
-4.649382 3.323368 -2.822111
-4.581631 3.008792 -2.713175
-4.510615 2.693915 -2.607510
-4.430454 2.378198 -2.511009
-4.348047 2.062313 -2.417051
-4.263052 1.746235 -2.326021
-4.179526 1.429770 -2.234984
-4.096776 1.113101 -2.143943
-4.020885 0.795564 -2.050045
-3.946912 0.477796 -1.955400
-3.884452 0.158747 -1.856798
-3.825956 -0.160739 -1.757401
-3.777719 -0.481357 -1.655948
-3.736668 -0.802893 -1.554490
-3.702609 -1.125323 -1.453028
-3.677683 -1.449236 -1.353820
-3.656087 -1.773688 -1.255435
-3.643684 -2.100107 -1.162128
-3.632710 -2.426894 -1.069953
-3.627072 -2.755177 -0.982697
-3.622244 -3.083812 -0.896751
-3.619055 -3.413155 -0.813452
-3.614956 -3.742472 -0.730097
-3.609947 -4.071764 -0.646685
-3.600440 -4.399857 -0.559159
-3.588709 -4.727358 -0.469599
-3.566204 -5.050863 -0.368556
-3.540314 -5.372924 -0.263892
-3.496588 -5.686248 -0.140071
-3.443283 -5.993452 -0.006641
-3.372832 -6.289701 0.143987
-3.279658 -6.567372 0.314492
-3.174000 -6.834366 0.495512
-3.034841 -7.067221 0.700033
-2.879997 -7.280826 0.912163
-2.706260 -7.471245 1.133460
-2.507660 -7.626238 1.360509
-2.299896 -7.767468 1.588581
-2.071847 -7.876173 1.815722
-1.835464 -7.969964 2.040184
-1.589091 -8.045879 2.261436
-1.333744 -8.103258 2.477616
-1.074657 -8.152909 2.691683
-0.808495 -8.183754 2.900461
-0.541369 -8.211040 3.108514
-0.271665 -8.225329 3.314599
-0.002264 -8.235782 3.521243
0.266588 -8.239265 3.728903
0.533243 -8.238206 3.939346
0.798345 -8.233935 4.151756
1.059168 -8.225000 4.369228
1.318659 -8.214681 4.588242
1.573894 -8.200298 4.811992
1.828084 -8.184280 5.036799
2.080593 -8.165631 5.263310
2.333012 -8.144008 5.489646
2.585387 -8.120893 5.715895
2.839941 -8.093148 5.939157
3.095452 -8.063973 6.161118
3.353959 -8.030601 6.379008
3.614528 -7.994457 6.593928
3.877349 -7.955287 6.805603
4.143045 -7.911582 7.012707
4.409827 -7.866163 7.218085
4.679653 -7.814368 7.417895
4.949993 -7.760899 7.616539
5.222018 -7.701363 7.811151
5.494401 -7.638351 8.004105
5.767292 -7.570402 8.194706
6.039876 -7.496523 8.383475
6.312282 -7.419240 8.571193
6.582978 -7.333192 8.757529
6.853122 -7.244814 8.943588
7.120322 -7.146791 9.129090
7.386293 -7.045652 9.314619
7.649545 -6.937613 9.500205
7.910800 -6.825215 9.685967
8.170323 -6.709031 9.871883
8.428031 -6.588937 10.057824
8.685144 -6.467565 10.243773
8.942144 -6.345197 10.429226
9.199595 -6.223502 10.614486
9.459280 -6.105282 10.798885
9.720836 -5.990777 10.982905
9.985559 -5.882560 11.166282
10.253997 -5.783722 11.349346
10.525168 -5.691781 11.532181
10.801188 -5.617698 11.715621
11.078582 -5.549041 11.899287
11.359770 -5.508430 12.085567
11.640841 -5.477571 12.273228
11.921616 -5.471416 12.464391
12.198734 -5.487769 12.659201
12.473093 -5.521111 12.856763
12.735487 -5.592555 13.059861
12.991814 -5.678629 13.264548
13.232132 -5.799030 13.472314
13.458099 -5.942718 13.679964
13.672755 -6.104760 13.887523
13.862785 -6.298669 14.091205
14.044815 -6.501779 14.293185
14.204321 -6.728552 14.489521
14.353075 -6.964220 14.683098
14.487141 -7.212040 14.872907
14.605938 -7.468730 15.060606
14.715954 -7.730521 15.247093
14.805517 -7.998586 15.435348
14.890019 -8.267971 15.624244
14.947098 -8.538031 15.822298
14.994859 -8.805899 16.024952
15.016781 -9.067689 16.240360
15.013759 -9.317414 16.469027
14.990762 -9.557478 16.708309
14.919434 -9.761018 16.969872
14.828772 -9.945358 17.238014
14.695956 -10.083735 17.518419
14.539459 -10.185319 17.799152
14.360764 -10.252408 18.080189
14.182067 -10.319498 18.361227
14.003371 -10.386587 18.642265
13.824676 -10.453677 18.923304
13.645979 -10.520766 19.204342
13.467283 -10.587855 19.485380
13.288588 -10.654945 19.766417
13.109891 -10.722034 20.047455
12.931195 -10.789124 20.328493
12.752500 -10.856214 20.609531
12.573803 -10.923304 20.890570
12.395107 -10.990393 21.171608
12.216412 -11.057483 21.452646
12.037715 -11.124572 21.733683
11.859019 -11.191662 22.014721
11.680324 -11.258751 22.295759
11.501628 -11.325840 22.576797
11.322931 -11.392930 22.857836
11.144236 -11.460019 23.138874
10.965540 -11.527109 23.419912
10.786843 -11.594198 23.700949
10.608148 -11.661288 23.981987
10.429452 -11.728377 24.263025
10.250755 -11.795467 24.544064
10.072060 -11.862556 24.825102
9.893364 -11.929646 25.106140
9.714667 -11.996736 25.387178
9.535972 -12.063825 25.668215
9.357276 -12.130915 25.949253
9.178579 -12.198004 26.230291
8.999884 -12.265094 26.511330
8.821188 -12.332183 26.792368
8.642491 -12.399273 27.073406
8.463796 -12.466362 27.354443
8.285100 -12.533452 27.635481
8.106403 -12.600541 27.916519
7.927708 -12.667631 28.197557
7.749012 -12.734720 28.478596
7.570315 -12.801810 28.759634
7.391620 -12.868899 29.040672
7.212924 -12.935988 29.321709
7.034228 -13.003078 29.602747
6.855532 -13.070168 29.883785
6.676836 -13.137258 30.164824
6.498140 -13.204347 30.445862
6.319444 -13.271437 30.726900
6.140748 -13.338526 31.007938
5.962052 -13.405616 31.288975
5.783356 -13.472705 31.570013
5.604660 -13.539795 31.851051
5.425964 -13.606884 32.132088
5.247268 -13.673973 32.413128
5.068572 -13.741063 32.694164
4.889876 -13.808152 32.975204
4.711180 -13.875242 33.256241
4.532484 -13.942331 33.537281
4.353788 -14.009421 33.818317
4.175092 -14.076510 34.099354
3.996396 -14.143600 34.380394
3.817700 -14.210690 34.661430
3.639004 -14.277780 34.942471
3.460308 -14.344869 35.223507
3.281612 -14.411958 35.504547
3.102916 -14.479048 35.785583
2.924220 -14.546137 36.066620
