#pt3d 300
2.903332 26.573563 3.390343
2.779861 26.315184 3.188930
2.656390 26.056805 2.987516
2.532919 25.798426 2.786103
2.409448 25.540047 2.584690
2.285977 25.281670 2.383277
2.162506 25.023291 2.181864
2.039035 24.764912 1.980450
1.915564 24.506533 1.779037
1.792093 24.248154 1.577624
1.668622 23.989775 1.376210
1.545151 23.731396 1.174797
1.421680 23.473017 0.973384
1.298209 23.214638 0.771971
1.174737 22.956259 0.570558
1.051266 22.697880 0.369144
0.927795 22.439501 0.167731
0.804324 22.181122 -0.033682
0.680853 21.922745 -0.235095
0.557382 21.664366 -0.436509
0.433911 21.405987 -0.637922
0.310440 21.147608 -0.839335
0.186969 20.889229 -1.040748
0.063498 20.630850 -1.242162
-0.059973 20.372471 -1.443575
-0.183444 20.114092 -1.644988
-0.306915 19.855713 -1.846401
-0.430387 19.597334 -2.047815
-0.553858 19.338955 -2.249228
-0.677329 19.080576 -2.450641
-0.800800 18.822197 -2.652054
-0.924271 18.563818 -2.853467
-1.047742 18.305441 -3.054881
-1.171213 18.047062 -3.256294
-1.294684 17.788683 -3.457707
-1.418155 17.530304 -3.659121
-1.541626 17.271925 -3.860534
-1.719146 17.035748 -4.046947
-1.908356 16.804817 -4.229096
-2.141413 16.596972 -4.387391
-2.384263 16.395000 -4.536716
-2.650581 16.207102 -4.664548
-2.927326 16.025429 -4.776665
-3.214870 15.850201 -4.872508
-3.510254 15.678577 -4.947403
-3.809556 15.508756 -5.011829
-4.112496 15.338380 -5.052474
-4.416187 15.167891 -5.088213
-4.718798 14.992298 -5.100947
-5.020576 14.815213 -5.110977
-5.318617 14.631524 -5.109470
-5.614038 14.443741 -5.107591
-5.905837 14.250300 -5.105200
-6.192192 14.049347 -5.115447
-6.474761 13.844386 -5.137051
-6.748529 13.632936 -5.191010
-7.007728 13.421169 -5.289682
-7.248846 13.213793 -5.431036
-7.467173 13.014715 -5.618253
-7.644642 12.836046 -5.861469
-7.796072 12.670915 -6.128988
-7.928536 12.515250 -6.412867
-8.032162 12.372077 -6.715084
-8.121438 12.232459 -7.023095
-8.197188 12.096190 -7.336567
-8.251425 11.960573 -7.654571
-8.298717 11.824871 -7.973736
-8.319029 11.685898 -8.294433
-8.328742 11.544957 -8.614374
-8.315679 11.399789 -8.932693
-8.281271 11.250166 -9.246767
-8.231339 11.097304 -9.557753
-8.150577 10.937164 -9.858089
-8.061157 10.774729 -10.154860
-7.943850 10.603437 -10.436765
-7.819596 10.428428 -10.712983
-7.680073 10.245244 -10.976706
-7.534383 10.055103 -11.231681
-7.381863 9.857258 -11.476970
-7.226219 9.648957 -11.711040
-7.068420 9.433440 -11.937367
-6.910828 9.203616 -12.148861
-6.753326 8.967458 -12.353786
-6.599136 8.711809 -12.536137
-6.445985 8.450768 -12.711836
-6.299444 8.164732 -12.850692
-6.157624 7.867466 -12.964930
-6.022322 7.554695 -13.045175
-5.907236 7.224381 -13.039035
-5.819338 6.902436 -12.948483
-5.770697 6.614993 -12.765638
-5.763196 6.379753 -12.511770
-5.788551 6.193807 -12.217025
-5.847019 6.060507 -11.898616
-5.922544 5.950923 -11.575556
-6.008381 5.855349 -11.249910
-6.112640 5.777068 -10.924990
-6.221100 5.699568 -10.601317
-6.337797 5.623602 -10.280096
-6.457255 5.541537 -9.961455
-6.578603 5.455296 -9.644582
-6.695481 5.352573 -9.331042
-6.809112 5.243546 -9.018527
-6.908061 5.114066 -8.708663
-6.992614 4.973308 -8.400035
-7.061788 4.820503 -8.092728
-7.095696 4.652166 -7.788001
-7.110954 4.478675 -7.485065
-7.092715 4.298131 -7.185661
-7.041608 4.116071 -6.891798
-6.972396 3.933622 -6.601414
-6.868087 3.752986 -6.320234
-6.749775 3.573201 -6.044533
-6.616601 3.394319 -5.774648
-6.469844 3.213810 -5.513131
-6.319430 3.032175 -5.254397
-6.164561 2.843985 -5.003057
-6.011763 2.651292 -4.753970
-5.862446 2.451025 -4.508674
-5.722130 2.241197 -4.266283
-5.586883 2.025985 -4.025526
-5.469594 1.796499 -3.788668
-5.358290 1.562802 -3.553169
-5.263843 1.317828 -3.321568
-5.178969 1.066694 -3.093173
-5.103411 0.809567 -2.867898
-5.039256 0.543879 -2.649236
-4.978771 0.274892 -2.433535
-4.924928 -0.002023 -2.226193
-4.872271 -0.283301 -2.024625
-4.820775 -0.568849 -1.828710
-4.767584 -0.860871 -1.643120
-4.712873 -1.155133 -1.461574
-4.654296 -1.453299 -1.287683
-4.590949 -1.752704 -1.117706
-4.524749 -2.052849 -0.950068
-4.448829 -2.351159 -0.783277
-4.368833 -2.647463 -0.614946
-4.281515 -2.940152 -0.443830
-4.185706 -3.226907 -0.267464
-4.086091 -3.510994 -0.088742
-3.974374 -3.785288 0.097950
-3.859373 -4.056969 0.286325
-3.736165 -4.322122 0.478901
-3.607252 -4.583618 0.672631
-3.473285 -4.841876 0.867383
-3.331600 -5.097143 1.060544
-3.187242 -5.351377 1.253154
-3.032837 -5.603844 1.440186
-2.876461 -5.856061 1.625886
-2.709341 -6.107232 1.803526
-2.538527 -6.357778 1.978343
-2.357559 -6.606602 2.145404
-2.169568 -6.853098 2.307794
-1.972404 -7.096556 2.464085
-1.763905 -7.333978 2.614428
-1.548154 -7.567538 2.760965
-1.316042 -7.788723 2.901172
-1.079679 -8.006651 3.039754
-0.822255 -8.203180 3.172723
-0.560097 -8.393340 3.304911
-0.282238 -8.562371 3.434506
0.003899 -8.716431 3.563454
0.299510 -8.853358 3.691663
0.604690 -8.965884 3.820055
0.913912 -9.068107 3.948526
1.231285 -9.137903 4.078501
1.549852 -9.200518 4.208988
1.871944 -9.234891 4.341832
2.194135 -9.258920 4.475914
2.516521 -9.263012 4.612380
2.837547 -9.252665 4.750984
3.157331 -9.229121 4.891540
3.473876 -9.187967 5.034835
3.789000 -9.139086 5.179333
4.098908 -9.069832 5.326519
4.407722 -8.996505 5.474192
4.710190 -8.902681 5.623465
5.011157 -8.804502 5.772733
5.307090 -8.691726 5.921988
5.600674 -8.572514 6.070664
5.891067 -8.444555 6.218552
6.179080 -8.310194 6.365311
6.465665 -8.171984 6.511391
6.750978 -8.030368 6.656686
7.036047 -7.888146 6.801876
7.321538 -7.748112 6.948359
7.607455 -7.610303 7.096052
7.894618 -7.479021 7.247294
8.182463 -7.354476 7.402656
8.471058 -7.237373 7.562566
8.759425 -7.133351 7.731358
9.047697 -7.034824 7.903879
9.333120 -6.956904 8.090951
9.617147 -6.885081 8.282244
9.896166 -6.833158 8.487243
10.170858 -6.794431 8.700146
10.440648 -6.770654 8.922001
10.701490 -6.771873 9.154983
10.958227 -6.784439 9.392353
11.202281 -6.831309 9.638956
11.438374 -6.898357 9.887542
11.665376 -6.988449 10.138391
11.874602 -7.118339 10.386654
12.074410 -7.266876 10.631721
12.257472 -7.446814 10.869803
12.423864 -7.652721 11.097915
12.581343 -7.872088 11.320495
12.719309 -8.117047 11.529139
12.850461 -8.369802 11.732353
12.972141 -8.633393 11.928020
13.086301 -8.905025 12.116926
13.197323 -9.180012 12.303015
13.301913 -9.461278 12.483338
13.405339 -9.743515 12.662810
13.504648 -10.028956 12.839539
13.601731 -10.315588 13.015543
13.695063 -10.604226 13.190327
13.783270 -10.894955 13.364239
13.867701 -11.187223 13.537509
13.941714 -11.483189 13.709163
14.012752 -11.780204 13.880347
14.066799 -12.082653 14.048203
14.116062 -12.386431 14.214881
14.150130 -12.694429 14.377817
14.174419 -13.004681 14.537829
14.187747 -13.317455 14.694565
14.187540 -13.632769 14.846409
14.181433 -13.949188 14.996119
14.160273 -14.267897 15.139373
14.136314 -14.587006 15.281319
14.100756 -14.907653 15.417308
14.062823 -15.228643 15.551755
14.018397 -15.550572 15.681986
13.972033 -15.872998 15.810254
13.922999 -16.196110 15.935818
13.873559 -16.519922 16.059389
13.823801 -16.844282 16.181402
13.774043 -17.168642 16.303415
13.724285 -17.493000 16.425430
13.674527 -17.817360 16.547443
13.624769 -18.141718 16.669456
13.575011 -18.466078 16.791471
13.525253 -18.790436 16.913485
13.475495 -19.114796 17.035498
13.425737 -19.439156 17.157513
13.375979 -19.763514 17.279526
13.326221 -20.087873 17.401539
13.276464 -20.412231 17.523552
13.226707 -20.736591 17.645567
13.176949 -21.060951 17.767580
13.127191 -21.385309 17.889593
13.077433 -21.709669 18.011608
13.027675 -22.034027 18.133621
12.977917 -22.358387 18.255634
12.928159 -22.682747 18.377649
12.878401 -23.007105 18.499662
12.828643 -23.331465 18.621675
12.778885 -23.655823 18.743690
12.729127 -23.980183 18.865704
12.679369 -24.304543 18.987717
12.629611 -24.628901 19.109730
12.579853 -24.953260 19.231745
12.530095 -25.277618 19.353758
12.480337 -25.601978 19.475771
12.430579 -25.926338 19.597786
12.380821 -26.250696 19.719799
12.331063 -26.575056 19.841812
12.281305 -26.899414 19.963827
12.231547 -27.223774 20.085840
12.181789 -27.548134 20.207853
12.132031 -27.872492 20.329868
12.082274 -28.196852 20.451881
12.032516 -28.521210 20.573895
11.982759 -28.845570 20.695908
11.933001 -29.169930 20.817923
11.883243 -29.494287 20.939936
11.833485 -29.818647 21.061949
11.783727 -30.143005 21.183964
11.733969 -30.467365 21.305977
11.684211 -30.791723 21.427990
11.634453 -31.116083 21.550005
11.584695 -31.440443 21.672018
11.534937 -31.764801 21.794031
11.485179 -32.089161 21.916044
11.435421 -32.413521 22.038059
11.385663 -32.737881 22.160072
11.335905 -33.062237 22.282085
11.286147 -33.386597 22.404100
11.236389 -33.710957 22.526114
11.186631 -34.035316 22.648127
11.136873 -34.359676 22.770142
11.087115 -34.684032 22.892155
11.037357 -35.008392 23.014168
10.987600 -35.332752 23.136183
10.937842 -35.657112 23.258196
10.888084 -35.981468 23.380209
10.838326 -36.305828 23.502222
10.788568 -36.630188 23.624237
10.738811 -36.954548 23.746250
