#pt3d 300
8.145188 26.352190 -10.166237
7.865622 26.176138 -10.052660
7.586056 26.000086 -9.939082
7.306489 25.824034 -9.825505
7.026924 25.647982 -9.711927
6.747357 25.471930 -9.598351
6.467791 25.295877 -9.484773
6.188225 25.119825 -9.371196
5.908659 24.943775 -9.257619
5.629092 24.767723 -9.144041
5.349526 24.591671 -9.030464
5.069960 24.415619 -8.916886
4.790393 24.239567 -8.803309
4.510827 24.063515 -8.689732
4.231261 23.887463 -8.576155
3.951694 23.711411 -8.462577
3.672128 23.535358 -8.349000
3.392562 23.359306 -8.235422
3.112996 23.183256 -8.121845
2.833429 23.007204 -8.008267
2.553863 22.831152 -7.894691
2.274297 22.655100 -7.781113
1.994731 22.479048 -7.667536
1.715164 22.302996 -7.553958
1.435598 22.126944 -7.440381
1.156032 21.950891 -7.326804
0.876466 21.774839 -7.213227
0.596899 21.598787 -7.099649
0.317333 21.422737 -6.986072
0.037767 21.246685 -6.872495
-0.241799 21.070633 -6.758917
-0.521366 20.894581 -6.645340
-0.800932 20.718529 -6.531763
-1.080498 20.542477 -6.418185
-1.360065 20.366425 -6.304608
-1.639631 20.190372 -6.191031
-1.919197 20.014320 -6.077453
-2.202036 19.832872 -5.982114
-2.485469 19.649912 -5.891639
-2.770362 19.461241 -5.818906
-3.055190 19.269764 -5.754601
-3.339911 19.073803 -5.703762
-3.623304 18.872869 -5.668849
-3.906005 18.669338 -5.642248
-4.184909 18.459003 -5.642687
-4.461658 18.246721 -5.654923
-4.734461 18.031065 -5.688410
-5.000655 17.813902 -5.749898
-5.262005 17.596699 -5.829100
-5.514306 17.380823 -5.937700
-5.755307 17.168144 -6.073436
-5.987957 16.957623 -6.226291
-6.206598 16.750399 -6.403224
-6.410528 16.544106 -6.597387
-6.604937 16.337608 -6.801120
-6.779843 16.127930 -7.019051
-6.940032 15.912963 -7.242580
-7.088786 15.693886 -7.470459
-7.209380 15.461530 -7.701673
-7.318059 15.223313 -7.932316
-7.403437 14.973562 -8.161196
-7.465260 14.713183 -8.384944
-7.514565 14.447157 -8.605965
-7.527698 14.168151 -8.815756
-7.529844 13.886508 -9.021717
-7.507360 13.599092 -9.219045
-7.466385 13.310007 -9.410164
-7.412106 13.019720 -9.596814
-7.335202 12.730856 -9.777313
-7.252902 12.442432 -9.956406
-7.149124 12.158555 -10.131605
-7.042229 11.875726 -10.306493
-6.921851 11.597437 -10.480031
-6.798190 11.320425 -10.653219
-6.666821 11.046411 -10.825584
-6.533346 10.772764 -10.996885
-6.396302 10.499743 -11.166383
-6.258879 10.225181 -11.333019
-6.120941 9.948524 -11.495761
-5.984715 9.667441 -11.652027
-5.850284 9.381717 -11.801497
-5.720570 9.087282 -11.936935
-5.593904 8.787218 -12.063303
-5.477705 8.472109 -12.158088
-5.367410 8.150565 -12.234372
-5.272001 7.815713 -12.263063
-5.195905 7.478860 -12.227917
-5.139880 7.153798 -12.126868
-5.106969 6.857053 -11.950745
-5.097466 6.613356 -11.700599
-5.103845 6.437474 -11.400254
-5.115728 6.302244 -11.080328
-5.131256 6.199778 -10.746696
-5.147520 6.143979 -10.402330
-5.163038 6.099988 -10.056435
-5.176817 6.078595 -9.708004
-5.188134 6.068080 -9.359118
-5.197659 6.065480 -9.009898
-5.202219 6.068093 -8.660594
-5.204704 6.071013 -8.311274
-5.199534 6.068759 -7.961961
-5.187956 6.057511 -7.613160
-5.169631 6.036792 -7.264898
-5.134179 5.987776 -6.920925
-5.087738 5.918809 -6.582372
-5.029349 5.827742 -6.250284
-4.952665 5.696849 -5.935581
-4.869721 5.544408 -5.633138
-4.782380 5.374003 -5.341107
-4.695269 5.176929 -5.066108
-4.614014 4.967960 -4.798573
-4.537971 4.748408 -4.537678
-4.479853 4.513851 -4.285525
-4.429009 4.275094 -4.035884
-4.399381 4.026421 -3.792295
-4.382739 3.773699 -3.552162
-4.382014 3.516011 -3.316263
-4.399515 3.253595 -3.086725
-4.426010 2.988845 -2.860325
-4.471289 2.718031 -2.644493
-4.520150 2.445843 -2.431058
-4.581743 2.165483 -2.231920
-4.644195 1.882519 -2.036982
-4.709428 1.591122 -1.855643
-4.771926 1.294108 -1.683084
-4.830850 0.989749 -1.522011
-4.880035 0.676930 -1.375118
-4.923932 0.359519 -1.235925
-4.949388 0.032576 -1.115927
-4.969717 -0.296474 -1.000735
-4.969265 -0.631841 -0.902853
-4.961507 -0.968258 -0.809807
-4.939047 -1.306793 -0.726492
-4.906822 -1.645415 -0.647429
-4.866264 -1.984113 -0.571997
-4.816269 -2.321522 -0.496666
-4.762848 -2.658461 -0.421373
-4.702816 -2.992549 -0.338763
-4.642055 -3.325824 -0.253569
-4.579963 -3.655140 -0.154844
-4.519062 -3.982105 -0.048465
-4.460332 -4.304781 0.071879
-4.405554 -4.621872 0.207252
-4.353358 -4.935313 0.352448
-4.307190 -5.238874 0.518839
-4.262475 -5.539284 0.691279
-4.221101 -5.829800 0.880858
-4.178851 -6.116211 1.076214
-4.135375 -6.396888 1.279638
-4.085183 -6.672954 1.487671
-4.031769 -6.946807 1.697916
-3.961499 -7.216704 1.908261
-3.885520 -7.485665 2.117643
-3.788519 -7.751639 2.322338
-3.678931 -8.015410 2.522869
-3.551690 -8.276094 2.717561
-3.403200 -8.530767 2.904259
-3.243616 -8.782301 3.086783
-3.055609 -9.021305 3.258392
-2.860631 -9.256521 3.427404
-2.639274 -9.474724 3.586904
-2.408819 -9.684776 3.743460
-2.160483 -9.878809 3.894230
-1.899124 -10.057120 4.041212
-1.627359 -10.222868 4.185166
-1.340436 -10.364364 4.324681
-1.049143 -10.498865 4.462916
-0.742746 -10.601233 4.595932
-0.433964 -10.696705 4.727848
-0.116942 -10.768359 4.855964
0.203062 -10.828066 4.982015
0.526803 -10.872791 5.105477
0.852943 -10.903334 5.226465
1.180354 -10.926372 5.346144
1.509205 -10.935800 5.463558
1.838328 -10.942410 5.580522
2.167969 -10.938622 5.696167
2.497587 -10.933129 5.811768
2.827129 -10.921941 5.927216
3.156492 -10.908292 6.042872
3.485604 -10.891182 6.158823
3.814326 -10.870060 6.275168
4.142793 -10.846311 6.391773
4.470556 -10.815168 6.508561
4.798139 -10.782149 6.625393
5.124295 -10.736104 6.741812
5.449949 -10.686523 6.857978
5.773709 -10.623630 6.973196
6.095861 -10.552509 7.087710
6.415792 -10.470023 7.201252
6.732369 -10.375038 7.313980
7.046933 -10.272552 7.426217
7.356383 -10.155677 7.538379
7.664692 -10.035594 7.650525
7.967022 -9.902999 7.764831
8.268608 -9.769482 7.879982
8.566472 -9.631485 7.999504
8.863688 -9.494653 8.121861
9.159573 -9.360211 8.250037
9.455862 -9.233105 8.384285
9.752531 -9.112887 8.524238
10.051016 -9.011996 8.674613
10.350175 -8.918784 8.828957
10.651140 -8.862289 8.997123
10.951429 -8.822773 9.169684
11.250532 -8.812973 9.349940
11.544071 -8.839240 9.536222
11.834117 -8.883624 9.725264
12.112682 -8.967304 9.918785
12.383502 -9.067846 10.114294
12.645968 -9.186572 10.311948
12.893827 -9.325987 10.514541
13.135571 -9.472464 10.719619
13.361721 -9.633009 10.932064
13.577409 -9.799479 11.150341
13.782976 -9.971680 11.374262
13.968546 -10.152190 11.608661
14.144827 -10.336432 11.847148
14.302193 -10.528140 12.093187
14.443180 -10.727548 12.342631
14.574119 -10.931809 12.593936
14.682236 -11.149884 12.844545
14.781380 -11.375018 13.092234
14.868443 -11.609654 13.335990
14.940503 -11.858602 13.569970
15.006039 -12.113893 13.799018
15.055278 -12.385484 14.013180
15.094606 -12.665784 14.217179
15.122483 -12.956149 14.409435
15.130171 -13.259872 14.581053
15.129616 -13.568488 14.744308
15.099595 -13.889754 14.878241
15.056273 -14.213683 14.999093
14.988990 -14.542407 15.096379
14.897366 -14.870326 15.169444
14.789498 -15.197706 15.226346
14.650373 -15.516252 15.250975
14.502033 -15.832191 15.266088
14.353693 -16.148132 15.281202
14.205352 -16.464071 15.296316
14.057012 -16.780012 15.311429
13.908671 -17.095951 15.326543
13.760331 -17.411892 15.341657
13.611991 -17.727831 15.356771
13.463651 -18.043772 15.371884
13.315310 -18.359711 15.386998
13.166969 -18.675652 15.402112
13.018629 -18.991592 15.417226
12.870289 -19.307531 15.432340
12.721949 -19.623472 15.447453
12.573608 -19.939411 15.462567
12.425267 -20.255352 15.477681
12.276927 -20.571291 15.492794
12.128587 -20.887232 15.507908
11.980247 -21.203171 15.523022
11.831906 -21.519112 15.538136
11.683566 -21.835052 15.553249
11.535225 -22.150991 15.568363
11.386885 -22.466932 15.583477
11.238544 -22.782871 15.598591
11.090204 -23.098812 15.613705
10.941864 -23.414751 15.628819
10.793523 -23.730692 15.643932
10.645183 -24.046631 15.659046
10.496842 -24.362572 15.674159
10.348502 -24.678511 15.689273
10.200162 -24.994452 15.704387
10.051822 -25.310392 15.719501
9.903481 -25.626331 15.734614
9.755140 -25.942272 15.749728
9.606800 -26.258211 15.764842
9.458460 -26.574152 15.779956
9.310120 -26.890091 15.795070
9.161779 -27.206032 15.810184
9.013438 -27.521971 15.825297
8.865098 -27.837912 15.840411
8.716758 -28.153851 15.855524
8.568418 -28.469791 15.870638
8.420077 -28.785732 15.885752
8.271737 -29.101671 15.900866
8.123396 -29.417612 15.915979
7.975056 -29.733551 15.931093
7.826715 -30.049492 15.946207
7.678375 -30.365431 15.961321
7.530035 -30.681372 15.976435
7.381694 -30.997311 15.991549
7.233354 -31.313251 16.006662
7.085013 -31.629192 16.021776
6.936673 -31.945131 16.036890
6.788333 -32.261070 16.052004
6.639992 -32.577011 16.067118
6.491652 -32.892952 16.082232
6.343312 -33.208893 16.097345
6.194971 -33.524830 16.112459
6.046631 -33.840771 16.127571
5.898291 -34.156712 16.142685
5.749950 -34.472652 16.157799
5.601610 -34.788589 16.172913
5.453269 -35.104530 16.188026
5.304929 -35.420471 16.203140
