#pt3d 300
6.910389 24.156847 -5.678894
6.640494 23.943462 -5.730402
6.370599 23.730078 -5.781911
6.100703 23.516693 -5.833420
5.830808 23.303308 -5.884929
5.560913 23.089924 -5.936438
5.291017 22.876539 -5.987947
5.021122 22.663153 -6.039456
4.751226 22.449768 -6.090965
4.481331 22.236383 -6.142474
4.211436 22.022999 -6.193983
3.941540 21.809614 -6.245492
3.671645 21.596230 -6.297000
3.401749 21.382843 -6.348509
3.131854 21.169458 -6.400018
2.861959 20.956074 -6.451527
2.592063 20.742689 -6.503036
2.322168 20.529305 -6.554545
2.052273 20.315920 -6.606054
1.782377 20.102535 -6.657563
1.512482 19.889149 -6.709072
1.242586 19.675764 -6.760581
0.972691 19.462379 -6.812089
0.702796 19.248995 -6.863598
0.432900 19.035610 -6.915107
0.163005 18.822226 -6.966616
-0.106891 18.608841 -7.018125
-0.376786 18.395454 -7.069634
-0.646681 18.182070 -7.121143
-0.916577 17.968685 -7.172652
-1.186472 17.755301 -7.224161
-1.456367 17.541916 -7.275670
-1.726263 17.328531 -7.327178
-1.996158 17.115147 -7.378687
-2.266053 16.901760 -7.430196
-2.535949 16.688375 -7.481705
-2.805844 16.474991 -7.533214
-3.065759 16.247419 -7.543887
-3.317705 16.008522 -7.521955
-3.553407 15.761933 -7.460239
-3.781783 15.511875 -7.380583
-3.993160 15.259604 -7.269035
-4.201086 15.006885 -7.151014
-4.396830 14.754620 -7.012972
-4.591796 14.502426 -6.873640
-4.784104 14.250702 -6.729827
-4.978613 13.998825 -6.589415
-5.178308 13.746590 -6.457018
-5.387884 13.494030 -6.342939
-5.604465 13.241239 -6.241848
-5.842335 12.991632 -6.195781
-6.087835 12.748405 -6.189512
-6.340075 12.513202 -6.228030
-6.589025 12.297840 -6.340606
-6.823861 12.097345 -6.496853
-7.047400 11.906675 -6.682215
-7.242487 11.729548 -6.909364
-7.420500 11.554514 -7.150492
-7.579007 11.381873 -7.407593
-7.708751 11.205352 -7.677158
-7.827796 11.027388 -7.951360
-7.907029 10.837620 -8.231754
-7.977736 10.644933 -8.512182
-8.008842 10.437839 -8.789984
-8.024487 10.225304 -9.063912
-8.008661 10.001695 -9.329954
-7.967848 9.771171 -9.586052
-7.906399 9.534935 -9.833937
-7.812907 9.293971 -10.065997
-7.710055 9.051655 -10.293433
-7.572476 8.810537 -10.503110
-7.428750 8.571124 -10.710196
-7.263083 8.337791 -10.908034
-7.088449 8.109731 -11.103893
-6.901003 7.889202 -11.296925
-6.704126 7.677756 -11.490403
-6.500333 7.472971 -11.684210
-6.288090 7.279521 -11.880363
-6.072377 7.090727 -12.077478
-5.849470 6.912661 -12.276459
-5.624829 6.737180 -12.475889
-5.393500 6.568777 -12.673738
-5.161234 6.401366 -12.871363
-4.921405 6.235203 -13.060823
-4.680521 6.068679 -13.248557
-4.430932 5.896439 -13.419051
-4.178207 5.720127 -13.579615
-3.918116 5.534248 -13.716842
-3.652175 5.334493 -13.815027
-3.384953 5.122546 -13.869194
-3.124817 4.896023 -13.847750
-2.901510 4.667388 -13.713806
-2.751472 4.465734 -13.473278
-2.686587 4.310542 -13.168930
-2.677383 4.189918 -12.844254
-2.702969 4.091217 -12.512752
-2.752546 4.007712 -12.178767
-2.831362 3.942182 -11.846316
-2.919846 3.882483 -11.515418
-3.018952 3.829190 -11.186225
-3.128877 3.783573 -10.859375
-3.241971 3.740816 -10.533194
-3.360839 3.705317 -10.208171
-3.480543 3.674058 -9.883053
-3.601247 3.647872 -9.557823
-3.720396 3.628646 -9.231565
-3.838952 3.612073 -8.904917
-3.953011 3.603251 -8.576374
-4.065867 3.595370 -8.247400
-4.174392 3.590339 -7.916905
-4.280997 3.583710 -7.585828
-4.384945 3.574870 -7.253945
-4.487239 3.556737 -6.921994
-4.588689 3.533854 -6.590009
-4.690291 3.485587 -6.260849
-4.792649 3.423298 -5.934799
-4.896571 3.334162 -5.614979
-5.002351 3.207324 -5.309570
-5.108534 3.055635 -5.016115
-5.214362 2.869249 -4.742089
-5.315827 2.651641 -4.491019
-5.412917 2.419083 -4.251690
-5.502931 2.170099 -4.026004
-5.580984 1.912027 -3.806307
-5.651721 1.651212 -3.587366
-5.707196 1.389194 -3.365331
-5.749072 1.130648 -3.136707
-5.781866 0.874419 -2.903680
-5.791854 0.627526 -2.658862
-5.794684 0.383820 -2.410889
-5.780835 0.147658 -2.155810
-5.756623 -0.084545 -1.898104
-5.723391 -0.313302 -1.638113
-5.678504 -0.539893 -1.378058
-5.630023 -0.765816 -1.117985
-5.570475 -0.993520 -0.861802
-5.509158 -1.222188 -0.606933
-5.440288 -1.455853 -0.358563
-5.368606 -1.692531 -0.113991
-5.291638 -1.934873 0.123447
-5.209399 -2.182915 0.352894
-5.123104 -2.435343 0.576195
-5.026687 -2.695690 0.785652
-4.926322 -2.958568 0.990079
-4.811169 -3.228051 1.177556
-4.687664 -3.498777 1.357273
-4.552353 -3.771257 1.526020
-4.400406 -4.041675 1.683090
-4.241100 -4.310761 1.835402
-4.060665 -4.571629 1.978305
-3.872068 -4.827053 2.119947
-3.670367 -5.073737 2.259567
-3.455929 -5.307899 2.401196
-3.235369 -5.536044 2.543790
-2.999867 -5.743856 2.693256
-2.761065 -5.946177 2.844752
-2.511510 -6.129333 3.003517
-2.257643 -6.302985 3.165514
-1.997162 -6.462066 3.332466
-1.731080 -6.607021 3.502898
-1.461056 -6.742033 3.675781
-1.184429 -6.858945 3.851058
-0.905753 -6.970237 4.027079
-0.619830 -7.059976 4.203674
-0.332737 -7.145957 4.380216
-0.039615 -7.211321 4.555819
0.254797 -7.270862 4.731048
0.552875 -7.313827 4.905211
0.852137 -7.347344 5.079078
1.152953 -7.368447 5.252555
1.453938 -7.376660 5.426524
1.755029 -7.376721 5.600804
2.054245 -7.361121 5.777422
2.352988 -7.341630 5.954627
2.647194 -7.305322 6.136711
2.940101 -7.266229 6.320190
3.228174 -7.216774 6.508863
3.513304 -7.163701 6.700880
3.794529 -7.105830 6.897332
4.071413 -7.045631 7.099109
4.346025 -6.984213 7.303670
4.615867 -6.923457 7.514659
4.884670 -6.863223 7.727123
5.150548 -6.805809 7.944015
5.416135 -6.749845 8.161632
5.681258 -6.696180 8.380401
5.947726 -6.643933 8.597868
6.214939 -6.592472 8.814613
6.486301 -6.540766 9.026070
6.759132 -6.488700 9.235511
7.037314 -6.434883 9.437373
7.318278 -6.380172 9.635003
7.603240 -6.324177 9.826551
7.892236 -6.268311 10.011917
8.183434 -6.212515 10.193909
8.478907 -6.160834 10.370101
8.775243 -6.110457 10.545227
9.074553 -6.070207 10.717922
9.374043 -6.034161 10.891067
9.674109 -6.011518 11.065642
9.973227 -5.998662 11.242402
10.270936 -6.000276 11.422391
10.565126 -6.018841 11.606485
10.856578 -6.050594 11.793776
11.140235 -6.107693 11.986210
11.420931 -6.174423 12.180598
11.687148 -6.276226 12.379685
11.949350 -6.386434 12.579465
12.191608 -6.534183 12.780740
12.422795 -6.698015 12.980903
12.634417 -6.890274 13.179102
12.819128 -7.111933 13.371377
12.989304 -7.349124 13.560370
13.111898 -7.623616 13.735456
13.213386 -7.909101 13.903790
13.284091 -8.210617 14.062278
13.317403 -8.523164 14.209915
13.335072 -8.839150 14.353733
13.320808 -9.157919 14.492345
13.293799 -9.474749 14.632852
13.253520 -9.789561 14.775331
13.200599 -10.096946 14.929183
13.143816 -10.400498 15.089085
13.081529 -10.693394 15.266179
13.018703 -10.977797 15.455937
12.955438 -11.255291 15.655998
12.892790 -11.518854 15.874207
12.829592 -11.778273 16.097122
12.765413 -12.031796 16.326550
12.695761 -12.284974 16.554741
12.621962 -12.539862 16.779539
12.537207 -12.802105 16.991848
12.441330 -13.073535 17.186211
12.337342 -13.351663 17.367487
12.214004 -13.644795 17.507614
12.086587 -13.940708 17.637680
11.941930 -14.246564 17.718649
11.797272 -14.552420 17.799618
11.652614 -14.858276 17.880587
11.507956 -15.164132 17.961555
11.363297 -15.469988 18.042524
11.218639 -15.775845 18.123493
11.073981 -16.081699 18.204462
10.929323 -16.387556 18.285431
10.784665 -16.693413 18.366400
10.640008 -16.999268 18.447369
10.495350 -17.305124 18.528337
10.350692 -17.610981 18.609306
10.206034 -17.916836 18.690273
10.061376 -18.222692 18.771242
9.916718 -18.528549 18.852211
9.772059 -18.834404 18.933180
9.627401 -19.140261 19.014149
9.482743 -19.446117 19.095118
9.338085 -19.751972 19.176086
9.193428 -20.057829 19.257055
9.048770 -20.363686 19.338024
8.904112 -20.669540 19.418993
8.759454 -20.975397 19.499962
8.614796 -21.281254 19.580931
8.470138 -21.587109 19.661900
8.325480 -21.892965 19.742868
8.180821 -22.198822 19.823837
8.036163 -22.504677 19.904806
7.891506 -22.810534 19.985775
7.746848 -23.116390 20.066744
7.602190 -23.422245 20.147713
7.457532 -23.728102 20.228682
7.312874 -24.033958 20.309650
7.168216 -24.339813 20.390617
7.023558 -24.645670 20.471586
6.878900 -24.951527 20.552555
6.734242 -25.257381 20.633524
6.589584 -25.563238 20.714493
6.444926 -25.869095 20.795462
6.300268 -26.174950 20.876431
6.155610 -26.480806 20.957399
6.010952 -26.786663 21.038368
5.866294 -27.092518 21.119337
5.721636 -27.398375 21.200306
5.576978 -27.704231 21.281275
5.432320 -28.010086 21.362244
5.287662 -28.315943 21.443213
5.143004 -28.621799 21.524181
4.998346 -28.927654 21.605150
4.853688 -29.233511 21.686119
4.709030 -29.539368 21.767088
4.564372 -29.845222 21.848057
4.419714 -30.151079 21.929026
4.275056 -30.456936 22.009995
4.130398 -30.762791 22.090961
3.985740 -31.068647 22.171930
3.841082 -31.374502 22.252899
3.696424 -31.680359 22.333868
3.551766 -31.986216 22.414837
3.407108 -32.292072 22.495806
3.262450 -32.597927 22.576775
3.117792 -32.903782 22.657743
2.973134 -33.209641 22.738712
2.828476 -33.515495 22.819681
