#pt3d 300
2.914028 31.411812 -9.498182
2.778388 31.083084 -9.497995
2.642747 30.754354 -9.497808
2.507106 30.425627 -9.497622
2.371465 30.096897 -9.497435
2.235824 29.768169 -9.497249
2.100183 29.439440 -9.497062
1.964543 29.110710 -9.496875
1.828902 28.781982 -9.496688
1.693261 28.453253 -9.496502
1.557620 28.124525 -9.496315
1.421979 27.795795 -9.496128
1.286338 27.467068 -9.495941
1.150698 27.138338 -9.495754
1.015057 26.809608 -9.495568
0.879416 26.480881 -9.495381
0.743775 26.152151 -9.495194
0.608134 25.823423 -9.495008
0.472493 25.494694 -9.494822
0.336852 25.165966 -9.494635
0.201212 24.837236 -9.494448
0.065571 24.508507 -9.494261
-0.070070 24.179779 -9.494074
-0.205711 23.851049 -9.493888
-0.341352 23.522322 -9.493701
-0.476993 23.193592 -9.493514
-0.612633 22.864864 -9.493327
-0.748274 22.536135 -9.493140
-0.883915 22.207407 -9.492954
-1.019556 21.878677 -9.492767
-1.155197 21.549948 -9.492580
-1.290838 21.221220 -9.492393
-1.426479 20.892490 -9.492208
-1.562119 20.563763 -9.492021
-1.697760 20.235033 -9.491834
-1.833401 19.906305 -9.491647
-1.975276 19.581484 -9.477148
-2.131934 19.265932 -9.428715
-2.295142 18.956589 -9.367955
-2.470687 18.658941 -9.283981
-2.653453 18.368980 -9.190817
-2.847317 18.090830 -9.083530
-3.049725 17.821424 -8.970876
-3.262730 17.562862 -8.851563
-3.486662 17.314394 -8.731660
-3.720578 17.075150 -8.611217
-3.969301 16.848404 -8.497397
-4.226128 16.628498 -8.387205
-4.503010 16.425297 -8.296076
-4.786178 16.227598 -8.212545
-5.089074 16.048536 -8.161051
-5.399166 15.879207 -8.131160
-5.717917 15.721588 -8.127267
-6.041174 15.580901 -8.169107
-6.363604 15.447136 -8.232631
-6.681485 15.324430 -8.334394
-6.989876 15.206268 -8.464451
-7.293184 15.090481 -8.609544
-7.578320 14.971911 -8.785895
-7.857614 14.849441 -8.968281
-8.123786 14.718207 -9.164218
-8.379035 14.574481 -9.365292
-8.626288 14.421607 -9.570125
-8.856863 14.244637 -9.774593
-9.081798 14.059532 -9.978177
-9.285879 13.844425 -10.174496
-9.478820 13.616019 -10.365681
-9.654261 13.366725 -10.548803
-9.804645 13.095622 -10.721541
-9.942711 12.814337 -10.889399
-10.039584 12.509827 -11.045444
-10.117043 12.199538 -11.198869
-10.164580 11.880343 -11.348255
-10.172219 11.558633 -11.497828
-10.161606 11.236858 -11.648037
-10.102926 10.922619 -11.803829
-10.024931 10.615599 -11.963395
-9.918144 10.319339 -12.128587
-9.785420 10.038355 -12.300017
-9.638837 9.765533 -12.474782
-9.466785 9.512711 -12.655659
-9.289494 9.264003 -12.837793
-9.090481 9.035237 -13.023438
-8.889935 8.807881 -13.209309
-8.671279 8.597114 -13.394316
-8.451318 8.387302 -13.578773
-8.216674 8.188259 -13.757057
-7.978266 7.990886 -13.931904
-7.727361 7.799061 -14.095339
-7.466617 7.609280 -14.244257
-7.196330 7.421440 -14.378532
-6.904893 7.236811 -14.464775
-6.598567 7.060821 -14.480837
-6.299092 6.917647 -14.367701
-6.088042 6.860058 -14.092882
-5.972147 6.870674 -13.757568
-5.916787 6.920194 -13.409799
-5.894216 6.990323 -13.062324
-5.886589 7.069871 -12.716060
-5.893577 7.158655 -12.371778
-5.910700 7.253610 -12.029588
-5.931825 7.351001 -11.688223
-5.961756 7.452558 -11.348746
-5.992806 7.554492 -11.009479
-6.030659 7.657544 -10.671235
-6.069589 7.760234 -10.333014
-6.114018 7.861080 -9.994905
-6.160163 7.960277 -9.656563
-6.211092 8.054880 -9.317568
-6.264600 8.144911 -8.977788
-6.321971 8.228096 -8.636833
-6.382907 8.300105 -8.294096
-6.446217 8.364672 -7.950171
-6.513652 8.404504 -7.603410
-6.582264 8.430689 -7.255897
-6.652644 8.427994 -6.907327
-6.722336 8.387198 -6.561735
-6.790268 8.315086 -6.221379
-6.854692 8.201161 -5.890725
-6.911037 8.031970 -5.583641
-6.960799 7.829873 -5.297081
-7.004259 7.599058 -5.030541
-7.037608 7.332233 -4.797832
-7.065377 7.049718 -4.584771
-7.089108 6.755847 -4.385931
-7.105612 6.445011 -4.214056
-7.120509 6.130751 -4.048638
-7.131621 5.808540 -3.898579
-7.141149 5.483040 -3.755930
-7.149012 5.154087 -3.621065
-7.155778 4.822508 -3.492840
-7.161934 4.489470 -3.368306
-7.167550 4.154632 -3.248703
-7.172995 3.819226 -3.130661
-7.178101 3.482753 -3.015686
-7.183153 3.146106 -2.901212
-7.187350 2.809007 -2.788041
-7.191355 2.471894 -2.674905
-7.193222 2.134858 -2.561484
-7.194188 1.797920 -2.447778
-7.191431 1.461387 -2.332891
-7.186037 1.125163 -2.217258
-7.175515 0.789541 -2.100175
-7.159244 0.454649 -1.981818
-7.137265 0.120481 -1.862195
-7.104877 -0.212162 -1.740922
-7.067554 -0.544081 -1.618866
-7.013774 -0.873046 -1.495147
-6.956199 -1.201275 -1.371109
-6.877672 -1.524789 -1.246076
-6.793135 -1.846605 -1.121060
-6.690070 -2.163184 -0.996095
-6.575741 -2.475792 -0.871683
-6.446589 -2.783173 -0.747999
-6.300964 -3.083366 -0.625795
-6.144966 -3.379033 -0.504524
-5.967662 -3.663271 -0.385878
-5.784719 -3.944484 -0.267927
-5.576269 -4.208923 -0.153703
-5.363313 -4.469862 -0.040168
-5.128522 -4.713173 0.069988
-4.886041 -4.948822 0.178998
-4.627419 -5.168393 0.285604
-4.357692 -5.374139 0.390850
-4.077430 -5.566772 0.494805
-3.783787 -5.738156 0.597811
-3.484798 -5.901050 0.700438
-3.171904 -6.034773 0.803360
-2.856356 -6.161600 0.906639
-2.531598 -6.261154 1.011911
-2.204551 -6.349686 1.118842
-1.873453 -6.418708 1.228709
-1.541033 -6.471949 1.342403
-1.207631 -6.513448 1.458944
-0.875027 -6.536721 1.582172
-0.542653 -6.554733 1.707330
-0.213684 -6.554256 1.842328
0.114416 -6.550952 1.979273
0.438109 -6.534811 2.125640
0.759900 -6.514990 2.275491
1.077555 -6.487170 2.432915
1.392210 -6.454898 2.595253
1.703576 -6.417743 2.762979
2.011070 -6.375346 2.936381
2.316335 -6.329931 3.113049
2.617214 -6.278101 3.295319
2.916932 -6.224575 3.479071
3.212023 -6.162727 3.667623
3.506385 -6.099355 3.856788
3.796874 -6.027261 4.048830
4.086266 -5.952289 4.241357
4.372766 -5.869722 4.435166
4.657603 -5.782566 4.629337
4.940367 -5.689685 4.823962
5.220899 -5.591250 5.019029
5.500060 -5.489402 5.214368
5.776588 -5.382785 5.410883
6.052446 -5.274954 5.607697
6.325647 -5.165623 5.807369
6.598441 -5.056955 6.007943
6.869494 -4.951737 6.212687
7.139905 -4.850447 6.420146
7.409216 -4.755892 6.632260
7.677296 -4.671550 6.849938
7.944502 -4.594453 7.071563
8.208662 -4.536856 7.302345
8.471663 -4.485668 7.536016
8.728651 -4.460780 7.780553
8.982151 -4.446635 8.029005
9.229048 -4.452823 8.284865
9.467403 -4.478537 8.546953
9.700624 -4.515987 8.812785
9.918815 -4.580172 9.085977
10.131925 -4.652246 9.361078
10.330245 -4.745861 9.641019
10.519343 -4.851206 9.922739
10.698677 -4.968974 10.206343
10.863095 -5.104636 10.490738
11.021396 -5.247728 10.775057
11.163782 -5.410556 11.057323
11.297946 -5.584724 11.336438
11.423264 -5.771093 11.612161
11.534932 -5.979440 11.877626
11.640654 -6.198529 12.136559
11.736790 -6.435857 12.383327
11.825018 -6.690864 12.614437
11.909110 -6.955586 12.836209
11.986482 -7.238129 13.037813
12.061269 -7.529080 13.227605
12.133743 -7.827558 13.406825
12.203758 -8.135597 13.569957
12.273114 -8.446139 13.728657
12.340700 -8.763145 13.874947
12.407536 -9.081770 14.017928
12.472847 -9.403680 14.154199
12.536361 -9.727428 14.286838
12.597979 -10.053117 14.415646
12.655845 -10.381042 14.540366
12.711358 -10.710370 14.662523
12.766870 -11.039699 14.784680
12.822383 -11.369026 14.906837
12.877895 -11.698355 15.028995
12.933409 -12.027683 15.151152
12.988921 -12.357011 15.273309
13.044434 -12.686339 15.395466
13.099946 -13.015668 15.517623
13.155459 -13.344996 15.639780
13.210972 -13.674324 15.761937
13.266484 -14.003653 15.884093
13.321997 -14.332981 16.006250
13.377509 -14.662309 16.128408
13.433022 -14.991637 16.250565
13.488535 -15.320966 16.372723
13.544047 -15.650294 16.494879
13.599560 -15.979622 16.617035
13.655073 -16.308950 16.739193
13.710586 -16.638279 16.861349
13.766098 -16.967607 16.983507
13.821610 -17.296936 17.105663
13.877124 -17.626263 17.227821
13.932636 -17.955591 17.349977
13.988149 -18.284920 17.472136
14.043661 -18.614248 17.594292
14.099174 -18.943577 17.716450
14.154687 -19.272905 17.838606
14.210199 -19.602234 17.960764
14.265712 -19.931561 18.082920
14.321225 -20.260889 18.205076
14.376738 -20.590218 18.327234
14.432250 -20.919546 18.449390
14.487762 -21.248875 18.571548
14.543276 -21.578203 18.693705
14.598788 -21.907532 18.815863
14.654301 -22.236858 18.938019
14.709813 -22.566187 19.060177
14.765326 -22.895515 19.182333
14.820839 -23.224844 19.304491
14.876351 -23.554173 19.426647
14.931864 -23.883501 19.548805
14.987376 -24.212830 19.670961
15.042890 -24.542156 19.793118
15.098402 -24.871485 19.915276
15.153914 -25.200813 20.037432
15.209427 -25.530142 20.159590
15.264940 -25.859470 20.281746
15.320453 -26.188799 20.403904
15.375965 -26.518127 20.526060
15.431478 -26.847454 20.648218
15.486991 -27.176783 20.770374
15.542503 -27.506111 20.892532
15.598016 -27.835440 21.014688
15.653528 -28.164768 21.136847
15.709042 -28.494097 21.259003
15.764554 -28.823423 21.381159
15.820066 -29.152752 21.503317
15.875579 -29.482080 21.625473
15.931092 -29.811409 21.747631
15.986605 -30.140738 21.869787
16.042118 -30.470066 21.991945
16.097630 -30.799395 22.114101
