#pt3d 300
14.144597 14.174001 -10.393930
13.808689 14.170563 -10.260988
13.472781 14.167126 -10.128047
13.136873 14.163689 -9.995106
12.800965 14.160251 -9.862164
12.465057 14.156814 -9.729222
12.129149 14.153377 -9.596280
11.793241 14.149939 -9.463339
11.457333 14.146502 -9.330398
11.121425 14.143064 -9.197455
10.785517 14.139627 -9.064514
10.449609 14.136189 -8.931572
10.113701 14.132752 -8.798631
9.777793 14.129315 -8.665689
9.441885 14.125877 -8.532747
9.105977 14.122440 -8.399806
8.770068 14.119003 -8.266864
8.434160 14.115565 -8.133923
8.098252 14.112128 -8.000981
7.762344 14.108691 -7.868039
7.426436 14.105253 -7.735098
7.090528 14.101816 -7.602156
6.754621 14.098379 -7.469214
6.418712 14.094941 -7.336273
6.082804 14.091504 -7.203331
5.746896 14.088067 -7.070390
5.410988 14.084629 -6.937448
5.075080 14.081192 -6.804506
4.739172 14.077755 -6.671565
4.403264 14.074318 -6.538623
4.067356 14.070880 -6.405682
3.731448 14.067443 -6.272740
3.395540 14.064006 -6.139798
3.059632 14.060568 -6.006856
2.723724 14.057131 -5.873915
2.390478 14.043757 -5.737462
2.072287 13.974184 -5.581150
1.760170 13.887756 -5.422858
1.458837 13.771409 -5.261053
1.162841 13.640040 -5.101972
0.873813 13.489061 -4.946448
0.587867 13.326706 -4.797648
0.306169 13.148674 -4.658113
0.025487 12.962385 -4.528649
-0.253567 12.762881 -4.415308
-0.533212 12.557240 -4.317279
-0.813767 12.342134 -4.242861
-1.096340 12.123591 -4.196819
-1.380858 11.901737 -4.178113
-1.666530 11.686522 -4.217894
-1.950600 11.479162 -4.291648
-2.226405 11.297055 -4.437552
-2.483187 11.150108 -4.639931
-2.724596 11.028629 -4.877470
-2.939293 10.945739 -5.155954
-3.137168 10.882524 -5.450670
-3.325825 10.830090 -5.754279
-3.503083 10.783870 -6.065658
-3.680439 10.733913 -6.376327
-3.859120 10.671032 -6.683960
-4.042564 10.590993 -6.984025
-4.231384 10.491591 -7.275549
-4.427783 10.356661 -7.545846
-4.627095 10.208076 -7.807984
-4.828640 10.008048 -8.031260
-5.027279 9.795468 -8.243654
-5.217568 9.548324 -8.425942
-5.394323 9.281301 -8.590689
-5.558321 8.995543 -8.738899
-5.690913 8.686796 -8.869479
-5.812559 8.370499 -8.994378
-5.881608 8.034926 -9.109020
-5.932721 7.697491 -9.224230
-5.941324 7.355642 -9.340784
-5.917593 7.018335 -9.464600
-5.869303 6.684476 -9.593929
-5.785145 6.365635 -9.740062
-5.692545 6.050328 -9.890150
-5.571669 5.758319 -10.065167
-5.448910 5.469248 -10.243321
-5.313253 5.200891 -10.443575
-5.176379 4.936570 -10.647968
-5.034534 4.688735 -10.869276
-4.891673 4.444730 -11.093985
-4.745895 4.211730 -11.328461
-4.597245 3.981129 -11.563452
-4.443596 3.754704 -11.799340
-4.279244 3.525733 -12.025017
-4.105963 3.294235 -12.241112
-3.900938 3.047991 -12.407990
-3.661284 2.792382 -12.478041
-3.410197 2.569363 -12.372888
-3.205520 2.432419 -12.116721
-3.046922 2.359439 -11.804147
-2.913560 2.319596 -11.471634
-2.808402 2.316045 -11.126020
-2.714193 2.326581 -10.777935
-2.632467 2.353175 -10.427032
-2.560637 2.391823 -10.075361
-2.496700 2.440083 -9.723080
-2.442675 2.499115 -9.370992
-2.395588 2.565687 -9.019039
-2.362115 2.645882 -8.668628
-2.335198 2.732637 -8.318959
-2.333532 2.844984 -7.975811
-2.346963 2.973253 -7.639509
-2.387149 3.129980 -7.316490
-2.469274 3.331546 -7.029083
-2.579127 3.561660 -6.775977
-2.711329 3.813914 -6.554802
-2.860553 4.081553 -6.363436
-3.016789 4.352757 -6.183084
-3.173468 4.621114 -5.999023
-3.328791 4.883461 -5.805197
-3.474466 5.123918 -5.578954
-3.611258 5.344280 -5.329784
-3.734291 5.533538 -5.047713
-3.833239 5.664649 -4.727299
-3.917736 5.757927 -4.391134
-3.984808 5.804292 -4.039181
-4.033590 5.792016 -3.682368
-4.075627 5.754704 -3.326422
-4.107548 5.675094 -2.975477
-4.134682 5.566715 -2.632743
-4.158840 5.440457 -2.295111
-4.178588 5.274333 -1.975003
-4.197217 5.092603 -1.664142
-4.214064 4.884770 -1.369115
-4.230251 4.643784 -1.101294
-4.246814 4.382576 -0.853732
-4.264577 4.094658 -0.636229
-4.285522 3.781927 -0.457655
-4.308309 3.458579 -0.299347
-4.333389 3.124169 -0.164958
-4.359063 2.783872 -0.046712
-4.384326 2.441857 0.066882
-4.406351 2.098728 0.177774
-4.424584 1.756829 0.292867
-4.437684 1.416593 0.413645
-4.442233 1.080260 0.545050
-4.442031 0.746096 0.682359
-4.428930 0.418097 0.832959
-4.412990 0.091455 0.986486
-4.381858 -0.229271 1.149806
-4.348847 -0.549627 1.313468
-4.303807 -0.868438 1.477328
-4.256446 -1.188219 1.638491
-4.201726 -1.511076 1.791097
-4.144945 -1.837409 1.934815
-4.084988 -2.169102 2.064834
-4.024389 -2.506719 2.177067
-3.963305 -2.848812 2.275864
-3.903371 -3.197281 2.348423
-3.843801 -3.547771 2.412673
-3.785751 -3.902574 2.447483
-3.727685 -4.257761 2.478165
-3.668722 -4.614037 2.488704
-3.608400 -4.970112 2.496597
-3.543749 -5.325555 2.496061
-3.475020 -5.680187 2.495869
-3.398820 -6.033334 2.496306
-3.314409 -6.384384 2.502476
-3.220550 -6.733020 2.515240
-3.113087 -7.076596 2.541013
-2.996233 -7.416680 2.575765
-2.859762 -7.745934 2.631919
-2.716472 -8.071424 2.695513
-2.548306 -8.377147 2.788242
-2.375330 -8.678294 2.886728
-2.179516 -8.954350 3.013100
-1.977641 -9.221541 3.147003
-1.760115 -9.465849 3.300351
-1.534737 -9.695388 3.463370
-1.299659 -9.906680 3.638337
-1.056365 -10.098681 3.823009
-0.807543 -10.277705 4.014210
-0.551032 -10.434595 4.213910
-0.291709 -10.583390 4.416718
-0.025543 -10.708481 4.626281
0.241781 -10.829559 4.836987
0.514962 -10.925928 5.052826
0.788721 -11.019491 5.269099
1.066649 -11.091832 5.488285
1.345350 -11.159449 5.707802
1.626911 -11.209578 5.928550
1.909567 -11.252229 6.149221
2.194338 -11.280435 6.369742
2.480608 -11.297749 6.589141
2.768516 -11.303163 6.807313
3.058526 -11.293350 7.022182
3.349804 -11.274345 7.235055
3.643758 -11.234753 7.440982
3.938478 -11.189264 7.644919
4.236050 -11.117763 7.836755
4.533985 -11.041936 8.026277
4.833583 -10.940979 8.201115
5.133216 -10.834139 8.371873
5.432961 -10.708200 8.529389
5.732172 -10.575029 8.681408
6.030427 -10.428908 8.823579
6.327478 -10.276545 8.961403
6.623113 -10.116831 9.094110
6.916852 -9.953619 9.226721
7.209044 -9.787552 9.359253
7.498045 -9.622377 9.499533
7.785387 -9.457666 9.643841
8.065804 -9.300690 9.808531
8.344010 -9.146194 9.979354
8.607175 -9.008730 10.185188
8.861782 -8.879289 10.404946
9.099714 -8.765476 10.651836
9.316030 -8.667789 10.923083
9.521407 -8.578086 11.206348
9.698474 -8.504353 11.512503
9.869121 -8.432557 11.822558
10.027999 -8.364316 12.139765
10.185252 -8.293003 12.457095
10.341587 -8.219956 12.774496
10.510147 -8.137022 13.083033
10.684297 -8.051140 13.387419
10.880245 -7.955598 13.675508
11.089941 -7.857414 13.952014
11.318415 -7.755618 14.212700
11.568295 -7.655791 14.452850
11.828871 -7.556947 14.682741
12.113033 -7.469902 14.887726
12.401548 -7.385902 15.088081
12.708190 -7.323977 15.268791
13.017251 -7.269291 15.447051
13.335104 -7.240894 15.616411
13.653530 -7.228324 15.785295
13.972972 -7.243753 15.953339
14.286439 -7.287252 16.125330
14.594315 -7.357015 16.301014
14.881635 -7.469512 16.486055
15.159538 -7.601586 16.675386
15.394007 -7.786385 16.876591
15.620255 -7.981161 17.080044
15.783670 -8.222939 17.291613
15.941051 -8.469228 17.503962
16.098434 -8.715518 17.716311
16.255816 -8.961808 17.928658
16.413197 -9.208097 18.141006
16.570578 -9.454388 18.353355
16.727961 -9.700677 18.565702
16.885342 -9.946967 18.778051
17.042723 -10.193257 18.990400
17.200106 -10.439547 19.202749
17.357487 -10.685837 19.415096
17.514868 -10.932126 19.627445
17.672249 -11.178416 19.839794
17.829632 -11.424706 20.052143
17.987013 -11.670996 20.264490
18.144394 -11.917286 20.476839
18.301777 -12.163575 20.689188
18.459158 -12.409865 20.901535
18.616539 -12.656156 21.113884
18.773920 -12.902445 21.326233
18.931303 -13.148735 21.538582
19.088684 -13.395024 21.750929
19.246065 -13.641315 21.963278
19.403448 -13.887605 22.175627
19.560829 -14.133894 22.387976
19.718210 -14.380184 22.600323
19.875593 -14.626473 22.812672
20.032974 -14.872764 23.025021
20.190355 -15.119054 23.237368
20.347736 -15.365343 23.449717
20.505119 -15.611633 23.662066
20.662500 -15.857923 23.874414
20.819881 -16.104214 24.086761
20.977264 -16.350502 24.299110
21.134645 -16.596792 24.511459
21.292027 -16.843082 24.723808
21.449408 -17.089373 24.936155
21.606791 -17.335663 25.148504
21.764172 -17.581951 25.360853
21.921553 -17.828241 25.573200
22.078936 -18.074532 25.785549
22.236317 -18.320822 25.997898
22.393698 -18.567112 26.210247
22.551079 -18.813400 26.422594
22.708462 -19.059690 26.634943
22.865843 -19.305981 26.847292
23.023224 -19.552271 27.059641
23.180607 -19.798561 27.271988
23.337988 -20.044849 27.484337
23.495369 -20.291140 27.696686
23.652752 -20.537430 27.909033
23.810133 -20.783720 28.121382
23.967514 -21.030010 28.333731
24.124895 -21.276299 28.546080
24.282278 -21.522589 28.758427
24.439659 -21.768879 28.970776
24.597040 -22.015169 29.183125
24.754423 -22.261457 29.395473
24.911804 -22.507748 29.607821
25.069185 -22.754038 29.820169
25.226566 -23.000328 30.032518
25.383949 -23.246618 30.244865
