#pt3d 300
5.343156 26.270105 5.047783
5.143639 25.991821 4.841623
4.944122 25.713537 4.635462
4.744606 25.435251 4.429302
4.545089 25.156967 4.223141
4.345572 24.878683 4.016981
4.146055 24.600399 3.810820
3.946538 24.322113 3.604659
3.747021 24.043829 3.398499
3.547504 23.765545 3.192338
3.347988 23.487259 2.986178
3.148471 23.208975 2.780017
2.948954 22.930691 2.573857
2.749437 22.652407 2.367696
2.549920 22.374121 2.161536
2.350404 22.095837 1.955375
2.150887 21.817553 1.749214
1.951370 21.539268 1.543054
1.751853 21.260983 1.336893
1.552336 20.982698 1.130733
1.352819 20.704414 0.924572
1.153303 20.426128 0.718411
0.953786 20.147844 0.512251
0.754269 19.869560 0.306090
0.554752 19.591276 0.099930
0.355235 19.312990 -0.106231
0.155718 19.034706 -0.312392
-0.043798 18.756422 -0.518552
-0.243315 18.478138 -0.724713
-0.442832 18.199852 -0.930873
-0.642349 17.921568 -1.137034
-0.841866 17.643284 -1.343194
-1.041383 17.364998 -1.549355
-1.233243 17.049902 -1.702928
-1.424701 16.732407 -1.851456
-1.613093 16.394875 -1.953102
-1.802373 16.055559 -2.045011
-1.994736 15.710056 -2.103105
-2.191960 15.365808 -2.148319
-2.396894 15.023552 -2.173103
-2.613594 14.688331 -2.185852
-2.839379 14.358541 -2.189309
-3.085830 14.044241 -2.186933
-3.338836 13.734852 -2.182706
-3.621350 13.452207 -2.185745
-3.910825 13.177494 -2.194006
-4.222644 12.928842 -2.220321
-4.544877 12.698308 -2.264577
-4.878277 12.487207 -2.328074
-5.219168 12.305531 -2.427258
-5.562345 12.134225 -2.539209
-5.901653 11.998038 -2.700685
-6.236497 11.869785 -2.875300
-6.559260 11.763003 -3.085473
-6.870056 11.665682 -3.315642
-7.167442 11.578961 -3.568214
-7.445998 11.498405 -3.842364
-7.713360 11.421511 -4.129342
-7.957231 11.344603 -4.436000
-8.192986 11.267690 -4.749457
-8.402181 11.183493 -5.079155
-8.606194 11.097875 -5.412021
-8.780580 10.997548 -5.757247
-8.951313 10.895211 -6.103749
-9.090624 10.772878 -6.457838
-9.223263 10.646068 -6.812526
-9.327756 10.500364 -7.169742
-9.417994 10.345989 -7.526568
-9.485108 10.177551 -7.882764
-9.527929 9.997491 -8.236355
-9.555156 9.809972 -8.588273
-9.546419 9.610950 -8.934448
-9.526426 9.409197 -9.278582
-9.469858 9.201394 -9.615285
-9.396808 8.992928 -9.947730
-9.298899 8.783462 -10.273750
-9.175854 8.575043 -10.591213
-9.038919 8.367201 -10.903947
-8.871679 8.161654 -11.202844
-8.698843 7.956524 -11.499131
-8.494914 7.753428 -11.776469
-8.287868 7.550389 -12.051302
-8.056517 7.347793 -12.306612
-7.821269 7.144937 -12.557796
-7.566013 6.940746 -12.787802
-7.307051 6.735902 -13.012600
-7.030642 6.527985 -13.212900
-6.750840 6.319076 -13.406734
-6.455526 6.105635 -13.571001
-6.156668 5.890738 -13.725433
-5.844915 5.670546 -13.844081
-5.529099 5.448366 -13.943213
-5.204975 5.222125 -14.002456
-4.878658 4.995122 -14.018448
-4.550608 4.767518 -14.000254
-4.234491 4.549319 -13.892698
-3.935785 4.344185 -13.733922
-3.659487 4.155817 -13.514997
-3.447113 4.014937 -13.207199
-3.276433 3.904652 -12.867155
-3.141598 3.820559 -12.500948
-3.069070 3.780437 -12.109947
-3.019844 3.755342 -11.715344
-3.000035 3.749217 -11.316193
-3.009761 3.758480 -10.917259
-3.030744 3.773608 -10.518408
-3.081836 3.798144 -10.122846
-3.138118 3.823315 -9.728035
-3.217879 3.848355 -9.337187
-3.304760 3.870317 -8.947854
-3.407737 3.885317 -8.561950
-3.522217 3.889668 -8.179325
-3.646786 3.884676 -7.799576
-3.788452 3.856253 -7.427204
-3.936909 3.817644 -7.058416
-4.103800 3.747816 -6.702013
-4.280428 3.659702 -6.355285
-4.467660 3.551672 -6.019093
-4.669705 3.413615 -5.703563
-4.876919 3.264361 -5.396505
-5.095164 3.089150 -5.111160
-5.316707 2.902009 -4.836695
-5.542099 2.700943 -4.574926
-5.767666 2.484381 -4.326318
-5.993304 2.261615 -4.082977
-6.212617 2.021310 -3.850875
-6.429783 1.777611 -3.620340
-6.635119 1.519174 -3.394954
-6.834593 1.256228 -3.169794
-7.020786 0.983068 -2.945145
-7.195730 0.703951 -2.719168
-7.358690 0.418488 -2.491778
-7.504827 0.126732 -2.261341
-7.642222 -0.168295 -2.029320
-7.757567 -0.469218 -1.793148
-7.868218 -0.771398 -1.556092
-7.951655 -1.078818 -1.314709
-8.030904 -1.386872 -1.072888
-8.084268 -1.698671 -0.828582
-8.129331 -2.011352 -0.584146
-8.150324 -2.326590 -0.339328
-8.157342 -2.642651 -0.095412
-8.142143 -2.960017 0.147074
-8.105954 -3.277184 0.386721
-8.050323 -3.594168 0.623741
-7.965371 -3.908140 0.855032
-7.865454 -4.220576 1.083400
-7.727086 -4.524491 1.302215
-7.580247 -4.826528 1.518925
-7.386139 -5.111323 1.721275
-7.183463 -5.391604 1.920468
-6.943334 -5.651906 2.105758
-6.687834 -5.900933 2.283991
-6.406676 -6.131139 2.450445
-6.106202 -6.342499 2.605823
-5.790934 -6.539424 2.752717
-5.456254 -6.711652 2.885650
-5.114884 -6.875368 3.013771
-4.756917 -7.011802 3.127154
-4.396768 -7.144513 3.238551
-4.024598 -7.251761 3.337234
-3.651453 -7.356332 3.434763
-3.271366 -7.441841 3.524061
-2.890222 -7.523481 3.612073
-2.504968 -7.590105 3.695093
-2.118704 -7.651634 3.776902
-1.729835 -7.700015 3.855585
-1.339993 -7.741239 3.932905
-0.948407 -7.769626 4.007781
-0.555990 -7.787414 4.080586
-0.162558 -7.792271 4.150866
0.231106 -7.781536 4.217700
0.624949 -7.758657 4.281849
1.017493 -7.714369 4.340877
1.409462 -7.660616 4.397641
1.797601 -7.580771 4.448479
2.185007 -7.495929 4.498182
2.565814 -7.383467 4.543829
2.945490 -7.267601 4.589741
3.319104 -7.133801 4.637299
3.690725 -6.996013 4.688261
4.058142 -6.849808 4.746406
4.422990 -6.702239 4.815286
4.785436 -6.553393 4.894217
5.144101 -6.410152 4.996206
5.501259 -6.269320 5.107103
5.851192 -6.144117 5.254150
6.197035 -6.026436 5.414851
6.535473 -5.922378 5.600278
6.864031 -5.832442 5.808484
7.187980 -5.749016 6.027194
7.498651 -5.679774 6.268939
7.806514 -5.612514 6.514672
8.108018 -5.549748 6.769442
8.407787 -5.486934 7.026227
8.706160 -5.424079 7.284635
9.006758 -5.359297 7.539958
9.308058 -5.293906 7.794308
9.616818 -5.228663 8.039566
9.927140 -5.164113 8.282990
10.248011 -5.106503 8.514235
10.572088 -5.053497 8.741776
10.906172 -5.014853 8.957753
11.245193 -4.989679 9.167099
11.591252 -4.983694 9.366997
11.941396 -5.006010 9.556912
12.294145 -5.046394 9.740456
12.644476 -5.134170 9.910288
12.993113 -5.236001 10.076206
13.327826 -5.393250 10.227834
13.654081 -5.568537 10.375108
13.962156 -5.782597 10.513021
14.252046 -6.021993 10.645287
14.525444 -6.284363 10.772433
14.771975 -6.573240 10.894359
15.006323 -6.874136 11.013916
15.207498 -7.198886 11.129755
15.400809 -7.529291 11.244713
15.556140 -7.879571 11.357482
15.707129 -8.232123 11.470000
15.814872 -8.600446 11.581484
15.918457 -8.969857 11.692894
15.977402 -9.349354 11.803617
16.027056 -9.729736 11.914064
16.034477 -10.114146 12.023269
16.024252 -10.497924 12.131528
15.977857 -10.880409 12.237850
15.905626 -11.258565 12.341953
15.807420 -11.632369 12.443825
15.679561 -11.997322 12.542526
15.537297 -12.357978 12.639688
15.368729 -12.707609 12.734184
15.194890 -13.055033 12.828147
15.005033 -13.393795 12.922680
14.814801 -13.732163 13.017895
14.625217 -14.069243 13.118824
14.441058 -14.408059 13.223273
14.272740 -14.751945 13.338005
14.126426 -15.101343 13.462627
14.006451 -15.457343 13.599090
13.944570 -15.818358 13.754296
13.905929 -16.181381 13.917002
13.973184 -16.529858 14.100535
14.058466 -16.871382 14.285257
14.230237 -17.178349 14.475042
14.402009 -17.485313 14.664826
14.573781 -17.792280 14.854610
14.745552 -18.099245 15.044394
14.917324 -18.406210 15.234179
15.089096 -18.713177 15.423964
15.260868 -19.020142 15.613748
15.432639 -19.327106 15.803532
15.604411 -19.634073 15.993317
15.776183 -19.941038 16.183100
15.947954 -20.248005 16.372885
16.119726 -20.554970 16.562670
16.291498 -20.861935 16.752453
16.463270 -21.168901 16.942238
16.635042 -21.475866 17.132023
16.806812 -21.782831 17.321806
16.978584 -22.089798 17.511591
17.150356 -22.396763 17.701374
17.322128 -22.703728 17.891159
17.493900 -23.010695 18.080944
17.665672 -23.317659 18.270727
17.837444 -23.624626 18.460512
18.009214 -23.931591 18.650295
18.180986 -24.238556 18.840080
18.352758 -24.545523 19.029865
18.524530 -24.852488 19.219648
18.696302 -25.159452 19.409433
18.868074 -25.466419 19.599218
19.039846 -25.773384 19.789001
19.211617 -26.080349 19.978786
19.383389 -26.387316 20.168570
19.555161 -26.694281 20.358355
19.726933 -27.001247 20.548140
19.898705 -27.308212 20.737923
20.070477 -27.615177 20.927708
20.242249 -27.922144 21.117493
20.414019 -28.229109 21.307276
20.585791 -28.536074 21.497061
20.757563 -28.843040 21.686844
20.929335 -29.150005 21.876629
21.101107 -29.456972 22.066414
21.272879 -29.763937 22.256197
21.444651 -30.070902 22.445982
21.616421 -30.377869 22.635767
21.788193 -30.684834 22.825550
21.959965 -30.991798 23.015335
22.131737 -31.298765 23.205118
22.303509 -31.605730 23.394903
22.475281 -31.912695 23.584688
22.647053 -32.219662 23.774471
22.818823 -32.526627 23.964256
22.990595 -32.833591 24.154041
23.162367 -33.140556 24.343824
23.334139 -33.447525 24.533609
23.505911 -33.754490 24.723392
23.677683 -34.061455 24.913177
