#pt3d 300
4.622010 21.164640 8.958358
4.455895 20.980059 8.729589
4.289780 20.795477 8.500820
4.123666 20.610893 8.272051
3.957551 20.426311 8.043283
3.791436 20.241730 7.814513
3.625322 20.057148 7.585744
3.459207 19.872564 7.356976
3.293092 19.687983 7.128207
3.126978 19.503401 6.899438
2.960863 19.318819 6.670669
2.794748 19.134237 6.441900
2.628634 18.949654 6.213131
2.462519 18.765072 5.984362
2.296404 18.580490 5.755593
2.130290 18.395908 5.526824
1.964175 18.211327 5.298055
1.798060 18.026743 5.069286
1.631946 17.842161 4.840517
1.465831 17.657579 4.611748
1.299716 17.472998 4.382979
1.133602 17.288414 4.154211
0.967487 17.103832 3.925442
0.801373 16.919250 3.696673
0.635258 16.734669 3.467904
0.469143 16.550087 3.239135
0.303029 16.365503 3.010366
0.136914 16.180922 2.781597
-0.029201 15.996340 2.552828
-0.195315 15.811758 2.324059
-0.361430 15.627175 2.095290
-0.527545 15.442594 1.866521
-0.693659 15.258011 1.637752
-0.859774 15.073429 1.408983
-1.025889 14.888846 1.180214
-1.192003 14.704265 0.951445
-1.358118 14.519683 0.722676
-1.524233 14.335100 0.493907
-1.689660 14.122353 0.292283
-1.854765 13.896365 0.103418
-2.016908 13.645910 -0.053755
-2.178538 13.391223 -0.205444
-2.336046 13.117428 -0.324579
-2.493167 12.842235 -0.440816
-2.646577 12.554883 -0.529665
-2.799441 12.266108 -0.614147
-2.949655 11.970411 -0.677386
-3.099269 11.673244 -0.734006
-3.247578 11.372872 -0.776219
-3.395841 11.071548 -0.810398
-3.544069 10.769453 -0.838097
-3.694383 10.468076 -0.862104
-3.847263 10.168770 -0.893440
-4.004036 9.875479 -0.947183
-4.162276 9.604601 -1.063524
-4.303081 9.396428 -1.281767
-4.411626 9.262222 -1.569924
-4.502401 9.161499 -1.878891
-4.589843 9.065095 -2.190434
-4.678443 8.964728 -2.500318
-4.771357 8.853789 -2.805374
-4.868547 8.730429 -3.104104
-4.967675 8.601441 -3.399969
-5.069267 8.455051 -3.686752
-5.170064 8.305630 -3.972178
-5.267275 8.143917 -4.252176
-5.359773 7.978235 -4.531314
-5.443098 7.804825 -4.808778
-5.513595 7.627764 -5.087170
-5.571366 7.447081 -5.366484
-5.601683 7.265608 -5.649061
-5.620743 7.083908 -5.932953
-5.591935 6.909260 -6.220473
-5.544278 6.740311 -6.507725
-5.463993 6.581225 -6.794510
-5.350116 6.437258 -7.077072
-5.221216 6.300530 -7.357327
-5.063661 6.180417 -7.630731
-4.897744 6.065603 -7.901196
-4.721050 5.957617 -8.167876
-4.538269 5.851691 -8.431218
-4.353009 5.746603 -8.693202
-4.166424 5.635130 -8.951574
-3.980126 5.520967 -9.208918
-3.795885 5.393842 -9.461691
-3.612824 5.259165 -9.711133
-3.431957 5.110465 -9.954392
-3.252299 4.947461 -10.188756
-3.073601 4.773099 -10.416056
-2.894850 4.576448 -10.623780
-2.715935 4.371317 -10.823095
-2.535564 4.139417 -10.989493
-2.355117 3.893213 -11.130658
-2.174595 3.631781 -11.244943
-2.001148 3.345047 -11.286166
-1.842872 3.051287 -11.265128
-1.711960 2.761585 -11.166948
-1.622619 2.494883 -10.987113
-1.582368 2.268989 -10.739840
-1.602924 2.109978 -10.442698
-1.658428 1.996928 -10.131867
-1.737850 1.917385 -9.814803
-1.845191 1.881062 -9.496749
-1.969241 1.875796 -9.183868
-2.102361 1.887388 -8.873796
-2.251816 1.938043 -8.575471
-2.403990 1.997252 -8.280338
-2.564441 2.085278 -7.996601
-2.726513 2.184725 -7.718053
-2.891158 2.302294 -7.447740
-3.055331 2.433264 -7.183656
-3.219174 2.573638 -6.923943
-3.379027 2.726410 -6.668865
-3.537211 2.882579 -6.414740
-3.688166 3.044483 -6.159790
-3.834556 3.204878 -5.901335
-3.975237 3.363387 -5.638497
-4.105885 3.509992 -5.363945
-4.230843 3.646634 -5.081986
-4.348072 3.768075 -4.789566
-4.455782 3.863639 -4.484402
-4.558416 3.942631 -4.173067
-4.655396 4.001935 -3.855140
-4.745820 4.033071 -3.531502
-4.833390 4.050349 -3.206216
-4.916897 4.046900 -2.879085
-4.996252 4.020614 -2.552278
-5.073526 3.983187 -2.225856
-5.144259 3.913861 -1.903071
-5.211078 3.829856 -1.583547
-5.271696 3.722595 -1.269189
-5.321726 3.586461 -0.965023
-5.366744 3.437030 -0.665722
-5.391022 3.246495 -0.388040
-5.405684 3.042085 -0.121055
-5.403006 2.812652 0.126641
-5.379526 2.561631 0.349713
-5.346578 2.300825 0.561570
-5.284246 2.018937 0.736652
-5.214772 1.733777 0.902404
-5.126906 1.440192 1.044134
-5.028953 1.144173 1.172587
-4.921135 0.845773 1.288054
-4.803535 0.546828 1.391448
-4.681433 0.247631 1.489286
-4.551455 -0.050513 1.579797
-4.419891 -0.348445 1.668833
-4.282716 -0.643996 1.757329
-4.144999 -0.939064 1.846558
-4.004464 -1.230986 1.941590
-3.863510 -1.521535 2.039973
-3.721486 -1.808568 2.146938
-3.579296 -2.092712 2.260869
-3.436923 -2.373621 2.382605
-3.294844 -2.650057 2.514289
-3.152903 -2.924395 2.650639
-3.011908 -3.193765 2.797420
-2.871183 -3.462246 2.946112
-2.731801 -3.728109 3.100673
-2.592952 -3.994158 3.255393
-2.455311 -4.260626 3.410471
-2.318417 -4.529016 3.562835
-2.182302 -4.799408 3.712371
-2.046532 -5.073708 3.854820
-1.910940 -5.350043 3.993577
-1.773998 -5.631321 4.120428
-1.636750 -5.913717 4.244589
-1.494084 -6.199987 4.352695
-1.349689 -6.486362 4.458005
-1.195566 -6.772693 4.548893
-1.035234 -7.056985 4.634513
-0.862508 -7.337208 4.709617
-0.674653 -7.609160 4.776552
-0.475492 -7.874932 4.837381
-0.248357 -8.119309 4.887147
-0.009979 -8.353151 4.932851
0.255053 -8.559099 4.969503
0.536271 -8.741617 5.000551
0.829781 -8.906340 5.027341
1.141458 -9.034112 5.046757
1.457303 -9.151242 5.064199
1.782060 -9.242719 5.077044
2.109511 -9.323377 5.088185
2.440054 -9.391615 5.097373
2.772266 -9.450936 5.105804
3.105383 -9.505424 5.113826
3.439239 -9.554842 5.123310
3.773295 -9.602894 5.133188
4.107389 -9.649317 5.148120
4.441474 -9.695569 5.163788
4.774952 -9.741824 5.189344
5.108224 -9.787932 5.217170
5.440333 -9.833209 5.257835
5.771676 -9.877174 5.304617
6.101279 -9.918162 5.365292
6.428780 -9.954644 5.437705
6.754101 -9.986456 5.522286
7.074696 -10.008063 5.625046
7.393302 -10.025376 5.735455
7.703115 -10.024790 5.869437
8.010271 -10.019121 6.008945
8.307915 -9.995580 6.166598
8.600334 -9.962934 6.331515
8.885469 -9.917595 6.506563
9.163026 -9.859843 6.689536
9.436478 -9.795374 6.876799
9.702037 -9.718798 7.070646
9.965982 -9.639848 7.265821
10.225457 -9.555058 7.464525
10.484909 -9.471113 7.663613
10.744313 -9.388989 7.863525
11.006089 -9.314240 8.063124
11.269683 -9.245141 8.262483
11.538523 -9.195454 8.460426
11.809063 -9.153979 8.657820
12.083692 -9.138245 8.853603
12.358536 -9.138453 9.049005
12.633616 -9.156130 9.243987
12.904510 -9.198771 9.440545
13.173316 -9.250231 9.638095
13.432710 -9.324460 9.841084
13.686828 -9.405177 10.047882
13.932003 -9.496895 10.261136
14.166981 -9.594408 10.482826
14.395612 -9.695528 10.709767
14.609490 -9.798297 10.949807
14.819768 -9.901192 11.193060
15.013347 -9.999963 11.451461
15.202987 -10.096498 11.713399
15.379965 -10.185849 11.986703
15.550575 -10.269399 12.265572
15.712496 -10.345031 12.552035
15.866288 -10.410000 12.845258
16.014767 -10.467997 13.142900
16.153959 -10.509093 13.447567
16.290644 -10.545624 13.754133
16.427328 -10.582155 14.060699
16.564013 -10.618686 14.367266
16.700697 -10.655217 14.673831
16.837381 -10.691748 14.980397
16.974066 -10.728278 15.286963
17.110750 -10.764810 15.593530
17.247435 -10.801340 15.900096
17.384119 -10.837871 16.206661
17.520803 -10.874402 16.513227
17.657488 -10.910933 16.819794
17.794172 -10.947464 17.126360
17.930857 -10.983994 17.432926
18.067541 -11.020525 17.739492
18.204226 -11.057056 18.046057
18.340910 -11.093587 18.352623
18.477596 -11.130117 18.659189
18.614281 -11.166649 18.965755
18.750965 -11.203179 19.272322
18.887650 -11.239711 19.578888
19.024334 -11.276241 19.885454
19.161018 -11.312772 20.192020
19.297703 -11.349303 20.498585
19.434387 -11.385834 20.805151
19.571072 -11.422365 21.111717
19.707756 -11.458896 21.418283
19.844440 -11.495426 21.724850
19.981125 -11.531958 22.031416
20.117809 -11.568488 22.337982
20.254494 -11.605019 22.644548
20.391178 -11.641550 22.951115
20.527863 -11.678081 23.257679
20.664547 -11.714612 23.564245
20.801231 -11.751143 23.870811
20.937916 -11.787673 24.177378
21.074600 -11.824204 24.483944
21.211287 -11.860735 24.790510
21.347971 -11.897265 25.097076
21.484655 -11.933797 25.403643
21.621340 -11.970327 25.710207
21.758024 -12.006859 26.016773
21.894709 -12.043389 26.323339
22.031393 -12.079920 26.629906
22.168077 -12.116451 26.936472
22.304762 -12.152982 27.243038
22.441446 -12.189512 27.549604
22.578131 -12.226044 27.856171
22.714815 -12.262574 28.162735
22.851500 -12.299106 28.469301
22.988184 -12.335636 28.775867
23.124868 -12.372167 29.082434
23.261553 -12.408698 29.389000
23.398237 -12.445229 29.695566
23.534922 -12.481760 30.002132
23.671606 -12.518291 30.308699
23.808292 -12.554821 30.615265
23.944977 -12.591352 30.921829
24.081661 -12.627883 31.228395
24.218346 -12.664413 31.534962
24.355030 -12.700945 31.841528
24.491714 -12.737475 32.148094
24.628399 -12.774007 32.454659
24.765083 -12.810537 32.761227
24.901768 -12.847068 33.067791
25.038452 -12.883599 33.374359
