#pt3d 300
2.370275 24.089680 -9.469659
2.309592 23.858837 -9.228963
2.248909 23.627995 -8.988268
2.188226 23.397150 -8.747572
2.127542 23.166307 -8.506877
2.066859 22.935463 -8.266181
2.006176 22.704620 -8.025486
1.945493 22.473778 -7.784791
1.884810 22.242933 -7.544095
1.824126 22.012091 -7.303400
1.763443 21.781246 -7.062704
1.702760 21.550404 -6.822009
1.642077 21.319561 -6.581313
1.581394 21.088717 -6.340618
1.520711 20.857874 -6.099923
1.460027 20.627031 -5.859227
1.399344 20.396187 -5.618532
1.338661 20.165344 -5.377836
1.277978 19.934500 -5.137141
1.217295 19.703657 -4.896445
1.156612 19.472815 -4.655750
1.095928 19.241970 -4.415054
1.035245 19.011127 -4.174359
0.974562 18.780285 -3.933663
0.913879 18.549440 -3.692968
0.853196 18.318598 -3.452273
0.792513 18.087753 -3.211577
0.731829 17.856911 -2.970882
0.671146 17.626068 -2.730186
0.610463 17.395224 -2.489491
0.549780 17.164381 -2.248795
0.489097 16.933538 -2.008100
0.428414 16.702694 -1.767404
0.367730 16.471851 -1.526709
0.307047 16.241007 -1.286014
0.246364 16.010164 -1.045318
0.185681 15.779321 -0.804623
0.124998 15.548478 -0.563927
0.020189 15.308901 -0.354250
-0.122444 15.061838 -0.171162
-0.314260 14.818478 -0.041554
-0.525491 14.576579 0.066945
-0.780149 14.355862 0.102026
-1.040998 14.142477 0.119855
-1.318278 13.949795 0.089941
-1.598981 13.770623 0.034212
-1.883275 13.605623 -0.048598
-2.165346 13.458517 -0.163208
-2.446476 13.318986 -0.291279
-2.716830 13.200811 -0.457720
-2.981976 13.088533 -0.635482
-3.231434 12.991701 -0.843567
-3.463383 12.903961 -1.073399
-3.680584 12.823002 -1.320376
-3.862447 12.749610 -1.596862
-4.015362 12.675365 -1.889166
-4.138795 12.597089 -2.194200
-4.230366 12.510396 -2.508708
-4.286401 12.406993 -2.826628
-4.320781 12.288299 -3.142025
-4.341160 12.157614 -3.453945
-4.352178 12.018142 -3.762650
-4.357189 11.873234 -4.069047
-4.356133 11.726479 -4.374608
-4.349072 11.580734 -4.680550
-4.335678 11.435843 -4.986656
-4.314692 11.291837 -5.292804
-4.279767 11.146763 -5.597138
-4.236164 10.999754 -5.899300
-4.181537 10.849980 -6.198447
-4.110163 10.694031 -6.490698
-4.031219 10.535018 -6.779291
-3.934769 10.368323 -7.058246
-3.828112 10.196510 -7.329949
-3.711007 10.019457 -7.594228
-3.580348 9.833930 -7.845799
-3.445386 9.645628 -8.093232
-3.298649 9.445599 -8.324233
-3.150877 9.242117 -8.551353
-3.000136 9.028732 -8.767339
-2.852265 8.807901 -8.977521
-2.707248 8.579668 -9.181933
-2.574382 8.339665 -9.380809
-2.446473 8.095314 -9.577787
-2.342398 7.837349 -9.771508
-2.249457 7.575322 -9.964793
-2.176349 7.306062 -10.157301
-2.126658 7.031210 -10.348744
-2.089837 6.753457 -10.539282
-2.082921 6.470218 -10.725383
-2.094319 6.183315 -10.904646
-2.124680 5.892498 -11.075547
-2.188930 5.593857 -11.222485
-2.290367 5.289692 -11.328720
-2.435855 4.990556 -11.371716
-2.626741 4.720553 -11.327015
-2.846401 4.502718 -11.199159
-3.076148 4.336560 -11.016459
-3.306304 4.217609 -10.797864
-3.531466 4.137845 -10.558234
-3.753896 4.073635 -10.311133
-3.969916 4.037254 -10.052450
-4.181898 4.012039 -9.789542
-4.388469 4.001781 -9.520974
-4.588982 4.002161 -9.247925
-4.784390 4.011507 -8.971096
-4.971696 4.029532 -8.689331
-5.153833 4.053094 -8.404416
-5.325366 4.082659 -8.113689
-5.491923 4.115039 -7.820235
-5.644166 4.149916 -7.519501
-5.792613 4.185455 -7.216836
-5.920514 4.218284 -6.904666
-6.042058 4.249034 -6.589957
-6.143403 4.272652 -6.267347
-6.227058 4.288213 -5.939724
-6.296319 4.297220 -5.608020
-6.327779 4.287978 -5.270745
-6.338588 4.268918 -4.933377
-6.323353 4.237490 -4.596205
-6.266420 4.185732 -4.266405
-6.189793 4.123116 -3.943055
-6.088629 4.046556 -3.628715
-5.962686 3.950139 -3.329565
-5.827684 3.843865 -3.037766
-5.678444 3.716741 -2.761230
-5.525433 3.573082 -2.495665
-5.369372 3.416058 -2.238966
-5.216114 3.231404 -1.999946
-5.064819 3.037789 -1.766845
-4.923913 2.815013 -1.553721
-4.789814 2.580505 -1.350054
-4.666890 2.326739 -1.161911
-4.556831 2.057003 -0.989839
-4.454837 1.777254 -0.827840
-4.369493 1.481526 -0.686541
-4.287821 1.182305 -0.549824
-4.222041 0.870454 -0.434379
-4.157933 0.557341 -0.321696
-4.101970 0.238084 -0.222458
-4.046833 -0.082228 -0.126332
-3.993521 -0.404868 -0.037076
-3.938336 -0.727619 0.050585
-3.880852 -1.050507 0.136285
-3.817899 -1.371974 0.223338
-3.751213 -1.692470 0.311316
-3.675854 -2.009430 0.404722
-3.597661 -2.325233 0.499904
-3.509690 -2.635253 0.604960
-3.420192 -2.944085 0.712169
-3.324651 -3.247111 0.830291
-3.228552 -3.548440 0.952081
-3.131160 -3.845849 1.082343
-3.035021 -4.141359 1.217638
-2.940169 -4.434917 1.358109
-2.848689 -4.727366 1.503009
-2.758753 -5.019307 1.649936
-2.672401 -5.311650 1.798200
-2.586530 -5.604219 1.946298
-2.500643 -5.898684 2.090586
-2.412799 -6.193901 2.232029
-2.320291 -6.490909 2.366692
-2.220405 -6.788579 2.494055
-2.113765 -7.086856 2.614736
-1.991357 -7.383566 2.723179
-1.863839 -7.679736 2.827687
-1.711513 -7.968989 2.917323
-1.552578 -8.255177 3.004274
-1.373799 -8.532161 3.083161
-1.182613 -8.800881 3.159972
-0.978138 -9.060751 3.234560
-0.757102 -9.305623 3.311198
-0.529074 -9.544164 3.388702
-0.282607 -9.760198 3.474733
-0.032568 -9.971031 3.563145
0.231706 -10.157903 3.663861
0.499438 -10.336343 3.769403
0.775132 -10.495374 3.886055
1.054169 -10.641555 4.010241
1.336828 -10.773820 4.142586
1.621674 -10.890512 4.283896
1.907740 -10.998525 4.430201
2.194546 -11.089984 4.585725
2.481548 -11.177051 4.743695
2.768141 -11.247272 4.910460
3.054625 -11.315151 5.078407
3.340028 -11.368516 5.253344
3.625159 -11.418746 5.429528
3.909298 -11.457539 5.610262
4.193060 -11.490973 5.792512
4.476193 -11.515480 5.977284
4.759049 -11.532003 6.163218
5.041680 -11.542007 6.350100
5.324355 -11.541788 6.537085
5.607045 -11.537946 6.724106
5.890195 -11.522879 6.909834
6.173462 -11.505993 7.095232
6.457310 -11.482043 7.278978
6.741304 -11.457323 7.462390
7.025625 -11.430876 7.645058
7.309813 -11.406055 7.828151
7.593860 -11.382970 8.011700
7.876807 -11.365497 8.197498
8.159172 -11.350995 8.384488
8.438472 -11.346048 8.576441
8.717069 -11.343225 8.769518
8.989732 -11.351787 8.970733
9.260672 -11.362107 9.174084
9.525343 -11.378830 9.385211
9.785800 -11.396524 9.601319
10.041251 -11.415372 9.823343
10.289598 -11.430500 10.053467
10.534717 -11.443385 10.287203
10.771917 -11.446737 10.529340
11.006126 -11.444290 10.774279
11.237347 -11.436049 11.022017
11.467476 -11.422014 11.270508
11.699955 -11.410933 11.516912
11.935455 -11.404350 11.760567
12.180420 -11.421041 11.994274
12.431359 -11.465519 12.216635
12.685716 -11.539951 12.426260
12.940487 -11.655470 12.617709
13.184093 -11.820223 12.784721
13.416080 -12.012175 12.937417
13.631949 -12.235493 13.073193
13.820636 -12.489948 13.191535
13.999500 -12.754670 13.304151
14.140706 -13.047011 13.401633
14.273476 -13.343303 13.497062
14.370820 -13.656183 13.583869
14.459585 -13.971348 13.669544
14.510073 -14.296703 13.750168
14.559111 -14.622193 13.830709
14.560313 -14.952107 13.908557
14.561517 -15.282022 13.986404
14.562719 -15.611937 14.064253
14.563923 -15.941852 14.142100
14.565126 -16.271767 14.219948
14.566329 -16.601681 14.297795
14.567533 -16.931595 14.375644
14.568735 -17.261511 14.453491
14.569939 -17.591425 14.531339
14.571142 -17.921339 14.609186
14.572345 -18.251253 14.687035
14.573548 -18.581169 14.764882
14.574751 -18.911083 14.842730
14.575954 -19.240997 14.920577
14.577158 -19.570911 14.998425
14.578361 -19.900827 15.076273
14.579564 -20.230742 15.154120
14.580767 -20.560656 15.231968
14.581970 -20.890572 15.309816
14.583174 -21.220486 15.387664
14.584376 -21.550400 15.465511
14.585580 -21.880314 15.543359
14.586782 -22.210230 15.621207
14.587986 -22.540144 15.699055
14.589190 -22.870058 15.776902
14.590392 -23.199974 15.854750
14.591596 -23.529888 15.932598
14.592798 -23.859802 16.010445
14.594002 -24.189716 16.088293
14.595205 -24.519632 16.166142
14.596408 -24.849546 16.243988
14.597611 -25.179461 16.321836
14.598814 -25.509377 16.399685
14.600018 -25.839291 16.477531
14.601221 -26.169205 16.555380
14.602424 -26.499119 16.633226
14.603627 -26.829035 16.711075
14.604830 -27.158949 16.788923
14.606033 -27.488863 16.866770
14.607237 -27.818777 16.944618
14.608439 -28.148693 17.022467
14.609643 -28.478607 17.100313
14.610846 -28.808521 17.178162
14.612049 -29.138437 17.256008
14.613253 -29.468351 17.333857
14.614455 -29.798265 17.411705
14.615659 -30.128180 17.489552
14.616861 -30.458096 17.567400
14.618065 -30.788010 17.645248
14.619268 -31.117924 17.723095
14.620471 -31.447840 17.800943
14.621675 -31.777754 17.878790
14.622877 -32.107670 17.956638
14.624081 -32.437584 18.034487
14.625284 -32.767498 18.112333
14.626487 -33.097412 18.190182
14.627690 -33.427326 18.268030
14.628893 -33.757240 18.345877
14.630096 -34.087154 18.423725
14.631300 -34.417072 18.501572
14.632503 -34.746986 18.579420
14.633706 -35.076900 18.657269
14.634909 -35.406815 18.735115
14.636112 -35.736729 18.812963
14.637316 -36.066643 18.890812
14.638518 -36.396557 18.968658
