#pt3d 300
-6.139296 26.094736 -6.965126
-6.026198 25.755314 -6.999909
-5.913101 25.415892 -7.034692
-5.800003 25.076469 -7.069476
-5.686905 24.737049 -7.104259
-5.573807 24.397627 -7.139042
-5.460709 24.058205 -7.173825
-5.347611 23.718782 -7.208608
-5.234513 23.379362 -7.243391
-5.121416 23.039940 -7.278174
-5.008317 22.700518 -7.312957
-4.895220 22.361095 -7.347740
-4.782122 22.021673 -7.382524
-4.669024 21.682253 -7.417306
-4.555926 21.342831 -7.452089
-4.442828 21.003408 -7.486873
-4.329731 20.663986 -7.521656
-4.216633 20.324566 -7.556439
-4.103535 19.985144 -7.591222
-3.990437 19.645721 -7.626005
-3.877339 19.306299 -7.660788
-3.764241 18.966877 -7.695571
-3.651143 18.627457 -7.730354
-3.538046 18.288034 -7.765137
-3.424948 17.948612 -7.799921
-3.311850 17.609190 -7.834703
-3.198752 17.269770 -7.869487
-3.085654 16.930347 -7.904270
-2.972556 16.590925 -7.939053
-2.859458 16.251503 -7.973836
-2.746361 15.912082 -8.008619
-2.633263 15.572659 -8.043402
-2.520165 15.233238 -8.078185
-2.407067 14.893816 -8.112968
-2.293969 14.554395 -8.147752
-2.180871 14.214972 -8.182534
-2.073551 13.873994 -8.214786
-2.018778 13.518856 -8.224009
-1.964006 13.163718 -8.233232
-1.982476 12.805703 -8.207753
-2.016111 12.451160 -8.174569
-2.115752 12.112312 -8.107773
-2.253688 11.795431 -8.019954
-2.424546 11.497433 -7.914062
-2.642782 11.245787 -7.780056
-2.873626 11.010877 -7.638408
-3.124490 10.804467 -7.484557
-3.386749 10.617387 -7.325900
-3.654580 10.439762 -7.164891
-3.933082 10.274981 -7.008394
-4.214502 10.108783 -6.859123
-4.500870 9.940085 -6.722219
-4.789888 9.752551 -6.621073
-5.072681 9.542527 -6.562690
-5.333668 9.301340 -6.570547
-5.545293 9.029462 -6.661399
-5.689226 8.742056 -6.821477
-5.753554 8.453174 -7.025479
-5.771470 8.165752 -7.238571
-5.760300 7.878812 -7.453865
-5.713802 7.591601 -7.664948
-5.648028 7.302987 -7.868160
-5.569470 7.013444 -8.066154
-5.473529 6.721992 -8.253182
-5.374249 6.430183 -8.438109
-5.263548 6.138197 -8.616147
-5.152151 5.846812 -8.794716
-5.036707 5.558919 -8.976372
-4.921202 5.274380 -9.162973
-4.805556 4.997701 -9.361173
-4.690978 4.731727 -9.573352
-4.577491 4.476684 -9.799807
-4.465719 4.246268 -10.051172
-4.354559 4.024647 -10.311434
-4.243839 3.844128 -10.601883
-4.132394 3.673299 -10.897243
-4.018687 3.532647 -11.207880
-3.901913 3.405225 -11.522647
-3.781217 3.294713 -11.842690
-3.654028 3.193565 -12.163178
-3.522473 3.098714 -12.483966
-3.379548 3.002530 -12.799375
-3.232218 2.904656 -13.112198
-3.066905 2.785378 -13.408259
-2.888646 2.638321 -13.681380
-2.693798 2.441841 -13.902096
-2.498368 2.168285 -13.977521
-2.368187 1.882641 -13.834072
-2.315509 1.657756 -13.566301
-2.307833 1.484367 -13.253601
-2.336224 1.360366 -12.917408
-2.389539 1.276192 -12.573448
-2.453564 1.209136 -12.226160
-2.548165 1.198249 -11.879547
-2.648987 1.200994 -11.535665
-2.770726 1.249562 -11.200957
-2.902291 1.326551 -10.877319
-3.045628 1.437587 -10.566942
-3.197693 1.590851 -10.281341
-3.353380 1.761632 -10.006017
-3.510322 1.980445 -9.768095
-3.665520 2.208449 -9.538433
-3.814970 2.462360 -9.332516
-3.958715 2.725121 -9.134248
-4.096012 2.997890 -8.944630
-4.223931 3.274681 -8.754414
-4.347406 3.553377 -8.563913
-4.457895 3.827182 -8.359028
-4.564989 4.098687 -8.149485
-4.657229 4.355422 -7.915420
-4.742661 4.602937 -7.670133
-4.815382 4.833237 -7.403896
-4.873301 5.041128 -7.117552
-4.922780 5.236241 -6.819742
-4.946229 5.388893 -6.495286
-4.958091 5.520085 -6.162309
-4.951921 5.617628 -5.816396
-4.921424 5.656442 -5.461281
-4.877531 5.649810 -5.107141
-4.820662 5.590007 -4.758067
-4.756195 5.447943 -4.434231
-4.697965 5.252418 -4.140913
-4.648440 5.020225 -3.872937
-4.613684 4.752191 -3.635960
-4.598440 4.462451 -3.424849
-4.591870 4.164690 -3.223887
-4.606461 3.855739 -3.040735
-4.627762 3.545679 -2.860406
-4.661268 3.233603 -2.685209
-4.700751 2.922702 -2.509270
-4.745836 2.612901 -2.332638
-4.792752 2.306179 -2.151231
-4.840700 2.001193 -1.967131
-4.883879 1.700221 -1.775483
-4.925530 1.400535 -1.581418
-4.954182 1.104760 -1.379243
-4.980226 0.809600 -1.175802
-4.986792 0.517053 -0.967040
-4.988082 0.224729 -0.758092
-4.971695 -0.066853 -0.548521
-4.946089 -0.358554 -0.340333
-4.907761 -0.650423 -0.134052
-4.858016 -0.942792 0.068834
-4.800953 -1.235483 0.269542
-4.731998 -1.528459 0.465950
-4.659859 -1.821510 0.661206
-4.575912 -2.113657 0.853051
-4.490153 -2.405429 1.044648
-4.394463 -2.694594 1.235527
-4.295700 -2.982343 1.426896
-4.188443 -3.266177 1.619619
-4.075801 -3.546817 1.813794
-3.955683 -3.823023 2.009984
-3.827232 -4.093737 2.208340
-3.692621 -4.360392 2.408298
-3.546421 -4.619139 2.610315
-3.396029 -4.875027 2.813075
-3.230966 -5.120903 3.016716
-3.063375 -5.365052 3.220419
-2.880309 -5.598609 3.423264
-2.694267 -5.830037 3.625703
-2.495851 -6.052604 3.826458
-2.292805 -6.271428 4.026517
-2.080326 -6.482622 4.225158
-1.862109 -6.688074 4.423400
-1.637038 -6.886666 4.621169
-1.405408 -7.076609 4.819641
-1.168988 -7.260236 5.018625
-0.925218 -7.430630 5.220245
-0.678351 -7.595448 5.422976
-0.423292 -7.740394 5.630466
-0.166683 -7.881578 5.838858
0.098708 -7.993863 6.053716
0.365411 -8.100266 6.269544
0.638322 -8.178626 6.489970
0.913246 -8.243792 6.711462
1.191757 -8.285432 6.934858
1.472194 -8.306904 7.157947
1.754195 -8.312007 7.380787
2.037617 -8.292423 7.600502
2.321546 -8.264020 7.819101
2.606575 -8.210051 8.031188
2.891791 -8.152211 8.242104
3.178267 -8.073414 8.444418
3.465098 -7.991598 8.644884
3.753488 -7.896530 8.837240
4.042666 -7.798030 9.026537
4.333612 -7.691829 9.208965
4.625737 -7.582535 9.387548
4.919422 -7.469149 9.561046
5.214406 -7.353387 9.730674
5.510412 -7.235760 9.897265
5.807287 -7.116474 10.061092
6.104529 -6.996486 10.223751
6.401500 -6.875745 10.386351
6.698358 -6.754889 10.549067
6.993156 -6.634241 10.715638
7.287138 -6.513897 10.883828
7.578093 -6.394684 11.058016
7.867059 -6.276656 11.236183
8.152977 -6.160441 11.420446
8.435802 -6.047032 11.611007
8.716289 -5.935747 11.806331
8.993102 -5.829855 12.009628
9.268537 -5.725986 12.215917
9.540391 -5.631353 12.431138
9.811685 -5.538168 12.647758
10.079709 -5.459571 12.874006
10.347393 -5.383118 13.101305
10.612296 -5.325149 13.337258
10.876353 -5.272935 13.575194
11.137211 -5.242465 13.820618
11.395778 -5.224545 14.069035
11.650088 -5.229950 14.323013
11.898338 -5.259102 14.580281
12.141198 -5.309372 14.840473
12.369978 -5.398839 15.101809
12.593759 -5.501908 15.363445
12.790642 -5.658696 15.620083
12.977350 -5.830126 15.873370
13.139156 -6.037394 16.118456
13.279122 -6.267137 16.355053
13.401316 -6.515169 16.584742
13.492045 -6.785531 16.802462
13.573548 -7.062440 17.016674
13.617688 -7.355812 17.219372
13.656998 -7.650682 17.420900
13.660645 -7.952712 17.615767
13.658025 -8.254550 17.810434
13.623624 -8.555413 18.004099
13.578970 -8.853587 18.198986
13.505033 -9.144080 18.397367
13.415071 -9.426402 18.599489
13.298708 -9.695265 18.807770
13.157972 -9.944395 19.023275
12.996215 -10.176507 19.245010
12.801404 -10.367914 19.476521
12.594698 -10.544674 19.711546
12.352555 -10.652144 19.953722
12.108232 -10.755351 20.196337
11.863909 -10.858557 20.438953
11.619585 -10.961763 20.681570
11.375261 -11.064970 20.924187
11.130938 -11.168177 21.166801
10.886614 -11.271382 21.409418
10.642290 -11.374589 21.652035
10.397966 -11.477796 21.894650
10.153644 -11.581001 22.137266
9.909320 -11.684208 22.379883
9.664996 -11.787415 22.622499
9.420672 -11.890620 22.865114
9.176349 -11.993827 23.107731
8.932025 -12.097034 23.350348
8.687701 -12.200239 23.592962
8.443378 -12.303446 23.835579
8.199055 -12.406652 24.078196
7.954731 -12.509858 24.320812
7.710407 -12.613065 24.563427
7.466084 -12.716271 24.806044
7.221760 -12.819478 25.048660
6.977437 -12.922684 25.291275
6.733113 -13.025890 25.533892
6.488789 -13.129097 25.776508
6.244466 -13.232303 26.019125
6.000142 -13.335509 26.261740
5.755818 -13.438716 26.504356
5.511495 -13.541922 26.746973
5.267171 -13.645128 26.989588
5.022848 -13.748335 27.232204
4.778524 -13.851541 27.474821
4.534201 -13.954747 27.717438
4.289877 -14.057954 27.960052
4.045553 -14.161160 28.202669
3.801230 -14.264366 28.445286
3.556906 -14.367573 28.687901
3.312582 -14.470778 28.930517
3.068259 -14.573985 29.173134
2.823935 -14.677192 29.415751
2.579612 -14.780398 29.658365
2.335288 -14.883604 29.900982
2.090965 -14.986811 30.143599
1.846641 -15.090017 30.386215
1.602317 -15.193223 30.628830
1.357994 -15.296430 30.871447
1.113670 -15.399636 31.114063
0.869346 -15.502842 31.356678
0.625023 -15.606049 31.599295
0.380699 -15.709255 31.841911
0.136376 -15.812461 32.084526
-0.107948 -15.915668 32.327145
-0.352272 -16.018873 32.569759
-0.596595 -16.122080 32.812374
-0.840919 -16.225286 33.054993
-1.085242 -16.328493 33.297607
-1.329566 -16.431700 33.540222
-1.573889 -16.534906 33.782841
-1.818213 -16.638111 34.025455
-2.062537 -16.741318 34.268070
-2.306860 -16.844524 34.510689
-2.551184 -16.947731 34.753304
