#pt3d 300
2.327947 28.503141 -9.275020
2.182682 28.196554 -9.167771
2.037417 27.889967 -9.060523
1.892152 27.583380 -8.953275
1.746887 27.276794 -8.846026
1.601622 26.970207 -8.738778
1.456357 26.663620 -8.631530
1.311092 26.357033 -8.524282
1.165827 26.050446 -8.417033
1.020562 25.743858 -8.309784
0.875297 25.437271 -8.202536
0.730032 25.130684 -8.095287
0.584767 24.824097 -7.988039
0.439502 24.517509 -7.880791
0.294237 24.210924 -7.773542
0.148972 23.904337 -7.666294
0.003707 23.597750 -7.559046
-0.141558 23.291162 -7.451797
-0.286823 22.984575 -7.344549
-0.432088 22.677988 -7.237300
-0.577353 22.371401 -7.130052
-0.722618 22.064814 -7.022804
-0.867883 21.758226 -6.915555
-1.013148 21.451639 -6.808307
-1.158413 21.145054 -6.701059
-1.303678 20.838467 -6.593810
-1.448943 20.531879 -6.486562
-1.594208 20.225292 -6.379313
-1.739473 19.918705 -6.272065
-1.884738 19.612118 -6.164817
-2.030003 19.305531 -6.057569
-2.175268 18.998943 -5.950320
-2.320533 18.692356 -5.843071
-2.465798 18.385769 -5.735823
-2.611063 18.079182 -5.628575
-2.756328 17.772596 -5.521327
-2.908610 17.468855 -5.416285
-3.074230 17.170528 -5.315437
-3.246091 16.874454 -5.219043
-3.428907 16.582336 -5.130469
-3.617450 16.292032 -5.049043
-3.815460 16.004723 -4.979439
-4.019338 15.719304 -4.921669
-4.230892 15.436361 -4.879385
-4.448839 15.156569 -4.858716
-4.671576 14.879138 -4.854237
-4.899683 14.609191 -4.890435
-5.128654 14.343668 -4.946256
-5.356131 14.090865 -5.050871
-5.575408 13.851991 -5.193815
-5.787115 13.624268 -5.365648
-5.979107 13.417676 -5.582578
-6.155579 13.222246 -5.820767
-6.320813 13.034449 -6.073717
-6.464257 12.853936 -6.344713
-6.599802 12.671762 -6.618482
-6.725541 12.487523 -6.895692
-6.841293 12.293226 -7.170281
-6.953458 12.094194 -7.442958
-7.058252 11.880332 -7.707308
-7.160139 11.658821 -7.966212
-7.258399 11.427773 -8.218326
-7.351377 11.186187 -8.462295
-7.442183 10.940661 -8.703258
-7.522746 10.685674 -8.937971
-7.597911 10.428961 -9.172446
-7.661379 10.168509 -9.406404
-7.709481 9.907247 -9.642754
-7.746996 9.645427 -9.880751
-7.754137 9.386068 -10.123917
-7.751524 9.127948 -10.368410
-7.711758 8.876224 -10.616711
-7.657134 8.628165 -10.864948
-7.573262 8.387324 -11.113063
-7.468462 8.152846 -11.358341
-7.343192 7.924593 -11.600844
-7.195537 7.703684 -11.836700
-7.034106 7.487295 -12.068465
-6.850901 7.277465 -12.289220
-6.658329 7.070457 -12.505239
-6.443430 6.868215 -12.703485
-6.222824 6.667190 -12.897190
-5.975358 6.468583 -13.058075
-5.718103 6.270214 -13.200391
-5.442336 6.072234 -13.306953
-5.145860 5.878974 -13.332616
-4.850839 5.704209 -13.258644
-4.591887 5.570996 -13.066125
-4.391938 5.487480 -12.789451
-4.240784 5.440654 -12.472651
-4.122881 5.417621 -12.137736
-4.038709 5.418231 -11.792066
-3.964977 5.426341 -11.444351
-3.903683 5.443398 -11.094277
-3.856117 5.470789 -10.742832
-3.813764 5.502100 -10.391005
-3.786328 5.544602 -10.038810
-3.766653 5.592479 -9.686975
-3.758548 5.648370 -9.335678
-3.766230 5.713431 -8.986161
-3.780762 5.782472 -8.637418
-3.819693 5.862096 -8.292828
-3.865544 5.943264 -7.949628
-3.927847 6.028073 -7.609737
-4.001227 6.111691 -7.271905
-4.082592 6.194450 -6.935556
-4.174548 6.268375 -6.599925
-4.268747 6.337851 -6.263998
-4.365918 6.390928 -5.925856
-4.459554 6.429168 -5.585087
-4.549552 6.452141 -5.241616
-4.621745 6.436329 -4.893855
-4.678946 6.393828 -4.546721
-4.716470 6.317456 -4.201238
-4.714170 6.179780 -3.873425
-4.688788 6.007792 -3.565349
-4.643447 5.805885 -3.276619
-4.574370 5.566373 -3.022725
-4.498218 5.311055 -2.787976
-4.416698 5.043743 -2.567751
-4.334725 4.760606 -2.368649
-4.253867 4.474322 -2.173557
-4.180078 4.178811 -1.989633
-4.110563 3.881485 -1.807122
-4.050932 3.579965 -1.627875
-3.998750 3.277461 -1.448179
-3.956766 2.973612 -1.267867
-3.924623 2.670012 -1.085376
-3.901278 2.366635 -0.900939
-3.888808 2.064483 -0.713654
-3.882527 1.763027 -0.524749
-3.886253 1.462731 -0.334027
-3.893130 1.162800 -0.142732
-3.906873 0.862240 0.047188
-3.921444 0.561329 0.236492
-3.937246 0.256682 0.419631
-3.951810 -0.049883 0.599525
-3.962936 -0.361773 0.770407
-3.969496 -0.678049 0.932915
-3.971184 -0.999005 1.086486
-3.964083 -1.326358 1.225258
-3.953562 -1.656203 1.358268
-3.930700 -1.992855 1.471036
-3.905060 -2.330669 1.579413
-3.869756 -2.672225 1.672649
-3.830280 -3.014707 1.760236
-3.784509 -3.358588 1.839296
-3.733238 -3.702764 1.913280
-3.678013 -4.047153 1.983613
-3.615735 -4.390798 2.051504
-3.550981 -4.734183 2.118536
-3.476688 -5.075370 2.186790
-3.401034 -5.416239 2.255228
-3.312065 -5.752821 2.328688
-3.221072 -6.088602 2.403059
-3.115467 -6.418593 2.484011
-3.004949 -6.746271 2.567109
-2.878935 -7.066652 2.656975
-2.743918 -7.382013 2.750337
-2.593572 -7.688822 2.849653
-2.428538 -7.985800 2.953849
-2.249916 -8.273683 3.062557
-2.049151 -8.543387 3.177383
-1.838903 -8.805306 3.294831
-1.597955 -9.035358 3.419100
-1.348713 -9.254970 3.544890
-1.073108 -9.438568 3.675018
-0.785523 -9.599408 3.806285
-0.483585 -9.732981 3.938917
-0.168654 -9.829082 4.071659
0.150924 -9.911777 4.204441
0.479182 -9.949143 4.336500
0.807883 -9.978567 4.468681
1.138042 -9.979823 4.601320
1.467289 -9.971334 4.735392
1.795150 -9.948033 4.871641
2.120420 -9.917321 5.012324
2.443625 -9.880712 5.156538
2.762237 -9.841709 5.309906
3.079066 -9.801779 5.466829
3.388227 -9.765896 5.639172
3.695015 -9.731678 5.815914
3.992636 -9.704598 6.009015
4.284742 -9.680845 6.210435
4.569877 -9.661298 6.422367
4.845747 -9.642690 6.646163
5.117677 -9.623024 6.874718
5.382360 -9.595912 7.110953
5.645418 -9.558078 7.347330
5.907157 -9.511556 7.583821
6.171485 -9.438890 7.810595
6.438486 -9.354417 8.029405
6.709606 -9.252466 8.236044
6.987524 -9.132497 8.422438
7.268458 -9.005758 8.599961
7.557597 -8.866855 8.753923
7.850287 -8.726744 8.899400
8.148661 -8.584699 9.031295
8.452291 -8.446652 9.154881
8.759576 -8.311386 9.272688
9.072887 -8.187786 9.387127
9.388253 -8.068165 9.500417
9.709061 -7.969625 9.618332
10.030658 -7.874529 9.737122
10.354625 -7.811075 9.869859
10.677911 -7.754737 10.006297
10.998082 -7.730972 10.159676
11.313727 -7.724193 10.321780
11.621796 -7.745837 10.498487
11.917506 -7.796168 10.687823
12.204803 -7.866032 10.885761
12.469122 -7.975367 11.096262
12.726876 -8.095431 11.309773
12.954301 -8.258093 11.529817
13.172589 -8.431787 11.749411
13.366034 -8.635486 11.967782
13.543318 -8.856357 12.181629
13.702222 -9.096760 12.390328
13.838272 -9.358014 12.588493
13.962186 -9.630340 12.781064
14.057159 -9.924306 12.956646
14.146061 -10.222813 13.128664
14.201017 -10.540663 13.278747
14.251362 -10.860417 13.425852
14.273892 -11.191190 13.555008
14.289393 -11.523601 13.680161
14.284333 -11.860802 13.793606
14.271557 -12.198569 13.904207
14.245473 -12.537313 14.009906
14.213155 -12.874929 14.117260
14.174306 -13.211368 14.226346
14.134066 -13.543458 14.347228
14.093094 -13.873268 14.474298
14.063663 -14.188745 14.635758
14.045635 -14.491201 14.818746
14.050888 -14.767323 15.043088
14.103047 -14.976125 15.322786
14.187076 -15.127447 15.626663
14.308607 -15.204980 15.951962
14.430139 -15.282512 16.277258
14.551670 -15.360044 16.602556
14.673202 -15.437576 16.927855
14.794733 -15.515109 17.253151
14.916265 -15.592641 17.578449
15.037797 -15.670174 17.903748
15.159328 -15.747705 18.229044
15.280860 -15.825238 18.554342
15.402391 -15.902770 18.879641
15.523923 -15.980303 19.204937
15.645454 -16.057835 19.530235
15.766986 -16.135368 19.855534
15.888517 -16.212900 20.180830
16.010048 -16.290432 20.506128
16.131580 -16.367964 20.831427
16.253113 -16.445498 21.156723
16.374643 -16.523029 21.482021
16.496176 -16.600561 21.807320
16.617706 -16.678093 22.132616
16.739239 -16.755627 22.457914
16.860769 -16.833158 22.783213
16.982302 -16.910690 23.108509
17.103832 -16.988222 23.433807
17.225365 -17.065756 23.759106
17.346895 -17.143288 24.084402
17.468428 -17.220819 24.409700
17.589958 -17.298351 24.734999
17.711491 -17.375885 25.060295
17.833021 -17.453417 25.385593
17.954554 -17.530949 25.710892
18.076084 -17.608482 26.036188
18.197617 -17.686014 26.361486
18.319147 -17.763546 26.686785
18.440680 -17.841078 27.012081
18.562210 -17.918612 27.337379
18.683743 -17.996143 27.662678
18.805275 -18.073675 27.987974
18.926805 -18.151207 28.313272
19.048338 -18.228741 28.638571
19.169868 -18.306273 28.963867
19.291401 -18.383804 29.289165
19.412931 -18.461336 29.614464
19.534464 -18.538870 29.939760
19.655994 -18.616402 30.265059
19.777527 -18.693933 30.590357
19.899057 -18.771465 30.915653
20.020590 -18.848999 31.240952
20.142120 -18.926531 31.566250
20.263653 -19.004063 31.891546
20.385183 -19.081596 32.216843
20.506716 -19.159128 32.542141
20.628246 -19.236660 32.867439
20.749779 -19.314192 33.192738
20.871309 -19.391726 33.518036
20.992842 -19.469257 33.843334
21.114374 -19.546789 34.168629
21.235905 -19.624321 34.493927
21.357437 -19.701855 34.819225
21.478968 -19.779387 35.144524
21.600500 -19.856918 35.469822
21.722031 -19.934450 35.795120
