#pt3d 300
-3.997250 17.113619 -13.579130
-4.007875 17.051865 -13.232974
-4.018499 16.990108 -12.886818
-4.029124 16.928354 -12.540662
-4.039748 16.866600 -12.194506
-4.050372 16.804846 -11.848350
-4.060997 16.743092 -11.502193
-4.071621 16.681337 -11.156037
-4.082245 16.619581 -10.809881
-4.092870 16.557827 -10.463725
-4.103494 16.496073 -10.117569
-4.114119 16.434319 -9.771413
-4.124743 16.372564 -9.425257
-4.135367 16.310808 -9.079101
-4.145992 16.249054 -8.732944
-4.156616 16.187300 -8.386788
-4.167241 16.125546 -8.040632
-4.177865 16.063791 -7.694476
-4.188489 16.002037 -7.348320
-4.199114 15.940282 -7.002163
-4.209738 15.878527 -6.656007
-4.220362 15.816772 -6.309851
-4.230987 15.755018 -5.963695
-4.241611 15.693263 -5.617539
-4.252235 15.631509 -5.271383
-4.262860 15.569755 -4.925227
-4.273484 15.507999 -4.579071
-4.284109 15.446245 -4.232914
-4.294733 15.384490 -3.886758
-4.305357 15.322736 -3.540602
-4.315982 15.260982 -3.194446
-4.326606 15.199226 -2.848290
-4.337231 15.137472 -2.502134
-4.347855 15.075718 -2.155977
-4.358479 15.013963 -1.809821
-4.369103 14.952209 -1.463665
-4.397469 14.870043 -1.127601
-4.495151 14.708126 -0.830967
-4.654520 14.469602 -0.634542
-4.838608 14.192595 -0.541985
-5.025423 13.899719 -0.540923
-5.202958 13.604825 -0.610412
-5.351679 13.322968 -0.759372
-5.478514 13.055337 -0.945421
-5.589279 12.798324 -1.158301
-5.664726 12.570808 -1.415779
-5.728938 12.355597 -1.685233
-5.774307 12.161021 -1.974772
-5.806283 11.987420 -2.278334
-5.831027 11.825145 -2.589469
-5.846543 11.688457 -2.913035
-5.860541 11.557180 -3.239036
-5.872208 11.449519 -3.573735
-5.884272 11.347239 -3.909967
-5.897493 11.260636 -4.250666
-5.910814 11.182074 -4.593190
-5.924251 11.112761 -4.937814
-5.932928 11.053656 -5.284411
-5.939418 10.998833 -5.631824
-5.928427 10.955751 -5.980785
-5.906178 10.916239 -6.329301
-5.865300 10.882630 -6.677080
-5.794120 10.853545 -7.019978
-5.705857 10.825605 -7.358922
-5.587088 10.797431 -7.688848
-5.446661 10.763604 -8.009132
-5.293694 10.725683 -8.323540
-5.120588 10.671046 -8.624869
-4.943490 10.604864 -8.921140
-4.761124 10.523451 -9.210734
-4.580451 10.417234 -9.492871
-4.400565 10.302066 -9.772336
-4.232030 10.152322 -10.042378
-4.067573 9.994843 -10.310025
-3.916509 9.811952 -10.569797
-3.773120 9.617906 -10.825179
-3.641691 9.406471 -11.073721
-3.519916 9.182935 -11.315958
-3.407606 8.947530 -11.552011
-3.305928 8.699183 -11.778958
-3.211024 8.442591 -12.000101
-3.128224 8.169890 -12.205847
-3.049706 7.891387 -12.405749
-2.986163 7.590161 -12.575973
-2.931607 7.275718 -12.720772
-2.891084 6.943742 -12.823640
-2.876060 6.594845 -12.842672
-2.903946 6.267453 -12.726824
-2.976329 6.017430 -12.493471
-3.079003 5.849356 -12.201993
-3.205272 5.753596 -11.888183
-3.343909 5.693348 -11.571709
-3.491009 5.656949 -11.254504
-3.651302 5.655227 -10.941369
-3.816369 5.666273 -10.631307
-3.987374 5.693202 -10.325068
-4.162279 5.734210 -10.022783
-4.338912 5.781453 -9.722252
-4.514942 5.840116 -9.423408
-4.690052 5.900631 -9.124385
-4.857824 5.965984 -8.822172
-5.019928 6.030705 -8.516881
-5.171137 6.094212 -8.205667
-5.306792 6.151852 -7.886564
-5.433327 6.206052 -7.562833
-5.530329 6.243752 -7.226858
-5.615251 6.272243 -6.887253
-5.679192 6.284381 -6.541544
-5.721069 6.271686 -6.193034
-5.751692 6.244111 -5.844108
-5.762025 6.181850 -5.498033
-5.762379 6.092710 -5.158700
-5.755164 5.983185 -4.824481
-5.737123 5.825856 -4.510491
-5.716671 5.651236 -4.206872
-5.692327 5.447066 -3.921438
-5.665993 5.217593 -3.657054
-5.638743 4.976471 -3.402361
-5.609354 4.709617 -3.175161
-5.579249 4.438624 -2.953162
-5.546280 4.153393 -2.749922
-5.511279 3.864673 -2.552238
-5.472499 3.569464 -2.364893
-5.429762 3.272097 -2.181986
-5.382894 2.972477 -2.003711
-5.330311 2.672521 -1.827674
-5.274240 2.372360 -1.653003
-5.211886 2.073420 -1.478405
-5.147562 1.774863 -1.303829
-5.078603 1.478083 -1.128004
-5.009223 1.181501 -0.952004
-4.939742 0.885300 -0.775402
-4.871780 0.588448 -0.599325
-4.807507 0.290012 -0.424523
-4.747911 -0.010931 -0.252487
-4.692987 -0.314377 -0.083212
-4.645880 -0.622791 0.079143
-4.601902 -0.933192 0.238729
-4.566545 -1.250622 0.386093
-4.532468 -1.569486 0.530602
-4.502534 -1.894547 0.661713
-4.471985 -2.221306 0.788156
-4.440013 -2.551990 0.903811
-4.403382 -2.884301 1.012904
-4.361438 -3.218467 1.114515
-4.308083 -3.553004 1.208739
-4.247909 -3.887764 1.298548
-4.167145 -4.219903 1.380895
-4.080877 -4.551342 1.461247
-3.963046 -4.874632 1.534128
-3.838109 -5.195275 1.605605
-3.682422 -5.503831 1.671220
-3.512635 -5.804710 1.734117
-3.319513 -6.092884 1.792517
-3.105877 -6.366323 1.846295
-2.878265 -6.629723 1.896926
-2.627424 -6.871813 1.941316
-2.370922 -7.108707 1.984185
-2.092429 -7.320489 2.020688
-1.811323 -7.528670 2.056639
-1.516851 -7.718234 2.089846
-1.219286 -7.902566 2.123583
-0.914326 -8.074393 2.158587
-0.606635 -8.240270 2.197152
-0.295243 -8.398073 2.240544
0.017893 -8.549307 2.292773
0.332396 -8.695378 2.351943
0.647101 -8.832787 2.427413
0.961886 -8.966773 2.509321
1.274554 -9.087252 2.616039
1.586491 -9.203872 2.728806
1.894749 -9.302893 2.866366
2.201352 -9.392567 3.012680
2.505023 -9.465657 3.174521
2.806666 -9.519514 3.346451
3.107024 -9.561176 3.524776
3.406300 -9.572261 3.708928
3.705433 -9.574368 3.893664
4.004744 -9.544242 4.076026
4.304080 -9.501800 4.255058
4.603465 -9.437080 4.428064
4.902011 -9.355461 4.594552
5.199943 -9.261460 4.756264
5.495141 -9.150569 4.911883
5.789556 -9.034842 5.065758
6.078461 -8.906178 5.219781
6.365927 -8.776326 5.375428
6.646478 -8.642550 5.540189
6.922874 -8.510234 5.712555
7.191865 -8.380515 5.898479
7.451561 -8.258521 6.101305
7.705065 -8.141672 6.315391
7.942506 -8.042465 6.554861
8.174916 -7.949543 6.801667
8.392016 -7.877923 7.069040
8.603904 -7.817133 7.342705
8.808235 -7.772038 7.625487
9.009431 -7.744038 7.912389
9.208919 -7.725359 8.201537
9.411114 -7.729582 8.489229
9.614369 -7.739451 8.776070
9.825466 -7.774797 9.055245
10.039326 -7.818935 9.330611
10.259868 -7.884338 9.596758
10.483295 -7.967262 9.854852
10.709320 -8.065945 10.105700
10.933201 -8.193265 10.344761
11.155658 -8.330900 10.579737
11.365343 -8.504852 10.802276
11.566061 -8.692336 11.020927
11.750559 -8.904299 11.232547
11.912275 -9.138535 11.437924
12.062059 -9.384438 11.640032
12.173839 -9.655867 11.833564
12.275062 -9.932667 12.024720
12.343524 -10.224704 12.208508
12.396058 -10.521820 12.388233
12.426455 -10.825995 12.562313
12.437681 -11.134235 12.730598
12.435468 -11.445325 12.894820
12.414927 -11.759023 13.052199
12.387120 -12.073753 13.206865
12.345334 -12.390171 13.354614
12.300426 -12.706965 13.500817
12.249071 -13.025422 13.641140
12.197238 -13.344100 13.780808
12.150520 -13.664961 13.917250
12.107819 -13.986235 14.053783
12.082171 -14.309259 14.190706
12.074083 -14.631803 14.329392
12.089499 -14.953701 14.470440
12.152334 -15.266660 14.615549
12.240429 -15.572807 14.762241
12.398823 -15.849758 14.910431
12.590797 -16.102079 15.055614
12.824225 -16.323997 15.197086
13.089470 -16.508173 15.330571
13.375805 -16.667328 15.458759
13.662140 -16.826483 15.586948
13.948475 -16.985638 15.715137
14.234811 -17.144793 15.843327
14.521146 -17.303947 15.971516
14.807481 -17.463102 16.099705
15.093816 -17.622257 16.227894
15.380152 -17.781412 16.356083
15.666487 -17.940569 16.484270
15.952822 -18.099724 16.612459
16.239157 -18.258879 16.740648
16.525492 -18.418034 16.868837
16.811827 -18.577188 16.997026
17.098162 -18.736343 17.125216
17.384497 -18.895498 17.253405
17.670834 -19.054653 17.381594
17.957169 -19.213808 17.509783
18.243504 -19.372963 17.637972
18.529839 -19.532120 17.766159
18.816174 -19.691275 17.894348
19.102509 -19.850430 18.022537
19.388844 -20.009584 18.150726
19.675179 -20.168739 18.278915
19.961514 -20.327894 18.407104
20.247849 -20.487049 18.535294
20.534185 -20.646204 18.663483
20.820520 -20.805359 18.791672
21.106855 -20.964514 18.919861
21.393190 -21.123671 19.048050
21.679525 -21.282825 19.176237
21.965860 -21.441980 19.304426
22.252195 -21.601135 19.432615
22.538530 -21.760290 19.560804
22.824865 -21.919445 19.688993
23.111202 -22.078600 19.817183
23.397537 -22.237755 19.945372
23.683872 -22.396910 20.073561
23.970207 -22.556065 20.201750
24.256542 -22.715221 20.329939
24.542877 -22.874376 20.458126
24.829212 -23.033531 20.586315
25.115547 -23.192686 20.714504
25.401882 -23.351841 20.842693
25.688217 -23.510996 20.970882
25.974554 -23.670151 21.099072
26.260889 -23.829306 21.227261
26.547224 -23.988461 21.355450
26.833559 -24.147615 21.483639
27.119894 -24.306772 21.611828
27.406229 -24.465927 21.740017
27.692564 -24.625082 21.868204
27.978899 -24.784237 21.996393
28.265234 -24.943392 22.124582
28.551569 -25.102547 22.252771
28.837906 -25.261702 22.380960
29.124241 -25.420856 22.509150
29.410576 -25.580011 22.637339
29.696911 -25.739166 22.765528
29.983246 -25.898323 22.893717
30.269581 -26.057478 23.021906
30.555916 -26.216633 23.150093
30.842251 -26.375788 23.278282
31.128586 -26.534943 23.406471
