#pt3d 300
-1.171254 26.128157 -6.200607
-1.251122 25.821236 -6.351543
-1.330990 25.514317 -6.502479
-1.410858 25.207396 -6.653415
-1.490725 24.900476 -6.804350
-1.570593 24.593555 -6.955286
-1.650461 24.286636 -7.106222
-1.730329 23.979715 -7.257157
-1.810197 23.672794 -7.408093
-1.890064 23.365875 -7.559029
-1.969932 23.058954 -7.709965
-2.049800 22.752035 -7.860900
-2.129668 22.445114 -8.011836
-2.209535 22.138195 -8.162772
-2.289403 21.831274 -8.313707
-2.369271 21.524353 -8.464643
-2.449139 21.217434 -8.615580
-2.529006 20.910513 -8.766515
-2.608874 20.603594 -8.917451
-2.688742 20.296673 -9.068386
-2.768610 19.989754 -9.219322
-2.848478 19.682833 -9.370258
-2.928345 19.375912 -9.521194
-3.008213 19.068993 -9.672130
-3.088081 18.762072 -9.823065
-3.167948 18.455153 -9.974001
-3.247816 18.148232 -10.124937
-3.327684 17.841312 -10.275872
-3.407552 17.534391 -10.426808
-3.487420 17.227470 -10.577744
-3.567287 16.920551 -10.728680
-3.647155 16.613630 -10.879616
-3.727023 16.306711 -11.030551
-3.806891 15.999790 -11.181487
-3.886759 15.692870 -11.332422
-3.966626 15.385950 -11.483358
-4.046494 15.079030 -11.634295
-4.164740 14.760489 -11.711209
-4.293784 14.438678 -11.767298
-4.459007 14.131706 -11.724879
-4.629222 13.833449 -11.661302
-4.812120 13.557682 -11.543571
-4.997750 13.296140 -11.403017
-5.186154 13.049055 -11.239270
-5.374747 12.812984 -11.060806
-5.563458 12.583898 -10.873009
-5.751022 12.358571 -10.679660
-5.937972 12.135255 -10.483344
-6.122621 11.907623 -10.289865
-6.306171 11.677931 -10.097743
-6.484619 11.433990 -9.919185
-6.661499 11.185672 -9.744795
-6.824342 10.907114 -9.606139
-6.975018 10.613162 -9.493217
-7.107489 10.296741 -9.418516
-7.186482 9.954919 -9.435186
-7.213245 9.620549 -9.524227
-7.192708 9.306167 -9.670894
-7.135968 9.014154 -9.857348
-7.036691 8.760638 -10.079236
-6.926368 8.517739 -10.306837
-6.800035 8.290230 -10.542718
-6.663734 8.069436 -10.779238
-6.521167 7.852865 -11.016160
-6.372647 7.634742 -11.247882
-6.221447 7.415920 -11.477264
-6.068739 7.187941 -11.696316
-5.915388 6.956052 -11.910959
-5.765345 6.708813 -12.109758
-5.616622 6.455440 -12.302228
-5.477997 6.180467 -12.470224
-5.342056 5.899752 -12.631717
-5.228965 5.589805 -12.751831
-5.127944 5.270922 -12.853415
-5.053055 4.933387 -12.915239
-5.021545 4.585636 -12.918753
-5.029633 4.241674 -12.872819
-5.085315 3.912181 -12.770186
-5.202440 3.627557 -12.600979
-5.361247 3.397662 -12.392189
-5.544630 3.210348 -12.161885
-5.748008 3.064728 -11.915323
-5.967401 2.974596 -11.656920
-6.190263 2.907193 -11.395121
-6.416914 2.873817 -11.128896
-6.640701 2.872776 -10.858973
-6.862078 2.888507 -10.587066
-7.071377 2.942251 -10.310179
-7.268950 3.017080 -10.030598
-7.455373 3.111958 -9.748454
-7.611156 3.246088 -9.463747
-7.749013 3.398412 -9.179967
-7.868592 3.569033 -8.897264
-7.956151 3.765586 -8.619667
-8.030705 3.969835 -8.344234
-8.092926 4.181385 -8.070855
-8.138354 4.396067 -7.796634
-8.178876 4.607546 -7.519270
-8.212254 4.813515 -7.236741
-8.239137 5.002647 -6.942248
-8.262563 5.180194 -6.640552
-8.279023 5.327556 -6.322158
-8.288229 5.441491 -5.991226
-8.290788 5.526351 -5.651302
-8.278622 5.552889 -5.301291
-8.249809 5.526292 -4.954197
-8.205808 5.456655 -4.614723
-8.140713 5.334110 -4.292068
-8.050620 5.162479 -4.000584
-7.946701 4.967417 -3.729319
-7.824642 4.744500 -3.486894
-7.687509 4.502871 -3.273228
-7.544237 4.253693 -3.071519
-7.388139 3.990160 -2.899635
-7.230314 3.724040 -2.733768
-7.067972 3.451146 -2.583653
-6.905760 3.175083 -2.439492
-6.743702 2.895227 -2.302457
-6.585349 2.611446 -2.169322
-6.429346 2.325174 -2.038664
-6.281494 2.033942 -1.909605
-6.136061 1.741238 -1.781020
-6.003398 1.442397 -1.652784
-5.873529 1.142304 -1.524692
-5.756006 0.836807 -1.397332
-5.643386 0.529176 -1.270894
-5.539683 0.217662 -1.146134
-5.442832 -0.096952 -1.023865
-5.351277 -0.413964 -0.903523
-5.267399 -0.734606 -0.787399
-5.185971 -1.056407 -0.672622
-5.112023 -1.381685 -0.562718
-5.039008 -1.707386 -0.453421
-4.971617 -2.035494 -0.347762
-4.904692 -2.363761 -0.242308
-4.840474 -2.692948 -0.138039
-4.776070 -3.021984 -0.033408
-4.710998 -3.350473 0.072522
-4.643935 -3.678092 0.179820
-4.572018 -4.003589 0.290453
-4.493859 -4.326413 0.404263
-4.406395 -4.645251 0.522808
-4.302737 -4.956332 0.647683
-4.187892 -5.262054 0.776931
-4.035982 -5.545701 0.916918
-3.862642 -5.812966 1.061337
-3.653675 -6.051466 1.212370
-3.400419 -6.238367 1.365616
-3.124253 -6.389329 1.517009
-2.826248 -6.501565 1.665188
-2.510838 -6.563890 1.805714
-2.191666 -6.610216 1.943733
-1.867918 -6.632895 2.078020
-1.543610 -6.644142 2.212117
-1.218977 -6.648746 2.346105
-0.896199 -6.648942 2.484552
-0.573811 -6.648388 2.623923
-0.255754 -6.650999 2.772898
0.061323 -6.654777 2.923815
0.373196 -6.664755 3.085049
0.682881 -6.676957 3.250126
0.987572 -6.694234 3.423981
1.289203 -6.713310 3.602787
1.587239 -6.734500 3.787411
1.882413 -6.754722 3.976635
2.175874 -6.774363 4.168612
2.468169 -6.787875 4.362855
2.760175 -6.799867 4.557661
3.053622 -6.798576 4.750651
3.347679 -6.793871 4.942520
3.644467 -6.774235 5.129313
3.942536 -6.746574 5.312669
4.242758 -6.705436 5.490250
4.543976 -6.650857 5.661963
4.845950 -6.586086 5.829227
5.147057 -6.502917 5.989399
5.447893 -6.413970 6.147345
5.744194 -6.302773 6.299567
6.039147 -6.187524 6.451291
6.326908 -6.053696 6.601769
6.611120 -5.914194 6.753504
6.887677 -5.762459 6.907948
7.157828 -5.604190 7.066782
7.421649 -5.439467 7.229955
7.676854 -5.269994 7.401524
7.928266 -5.098429 7.576790
8.171004 -4.926889 7.763836
8.412248 -4.755979 7.953400
8.649222 -4.591401 8.153694
8.886775 -4.430741 8.356341
9.125732 -4.279580 8.564692
9.369085 -4.137818 8.774291
9.616923 -4.005643 8.985164
9.874688 -3.889932 9.193403
10.136795 -3.781422 9.400493
10.413626 -3.696867 9.599154
10.693265 -3.617115 9.795955
10.987437 -3.564615 9.980527
11.284003 -3.518435 10.162396
11.589619 -3.496154 10.334044
11.897191 -3.484442 10.502491
12.208625 -3.493593 10.664620
12.519563 -3.518183 10.825210
12.829917 -3.560976 10.983985
13.134298 -3.626537 11.145394
13.434833 -3.706764 11.308499
13.717279 -3.821796 11.481687
13.990827 -3.950275 11.659395
14.229992 -4.119362 11.853226
14.437001 -4.312468 12.057422
14.614833 -4.527152 12.270917
14.715424 -4.775850 12.497614
14.775094 -5.032777 12.725826
14.794709 -5.297759 12.955523
14.748372 -5.562827 13.180799
14.682754 -5.824894 13.403911
14.582077 -6.080470 13.622786
14.461168 -6.328156 13.839680
14.325396 -6.570048 14.055120
14.172419 -6.800317 14.271441
14.013838 -7.026800 14.488046
13.843225 -7.239140 14.709663
13.671016 -7.449602 14.931948
13.492081 -7.644462 15.162970
13.312962 -7.837611 15.395220
13.132704 -8.018924 15.636038
12.953387 -8.197940 15.879203
12.776474 -8.371090 16.128365
12.603418 -8.544843 16.379763
12.434398 -8.719227 16.633499
12.275685 -8.904838 16.885780
12.122480 -9.097163 17.136284
11.989004 -9.317338 17.375172
11.873007 -9.560410 17.598322
11.773641 -9.825269 17.806498
11.718466 -10.133741 17.964128
11.682064 -10.454074 18.097067
11.679283 -10.794096 18.185032
11.676502 -11.134118 18.272999
11.673721 -11.474139 18.360964
11.670940 -11.814161 18.448929
11.668159 -12.154183 18.536894
11.665379 -12.494205 18.624861
11.662598 -12.834227 18.712826
11.659817 -13.174249 18.800791
11.657036 -13.514270 18.888758
11.654255 -13.854292 18.976723
11.651473 -14.194314 19.064688
11.648692 -14.534335 19.152653
11.645911 -14.874357 19.240620
11.643130 -15.214378 19.328585
11.640349 -15.554400 19.416550
11.637568 -15.894423 19.504515
11.634788 -16.234444 19.592482
11.632007 -16.574467 19.680447
11.629226 -16.914488 19.768412
11.626445 -17.254509 19.856379
11.623664 -17.594532 19.944344
11.620883 -17.934553 20.032309
11.618102 -18.274574 20.120274
11.615321 -18.614597 20.208241
11.612540 -18.954618 20.296206
11.609759 -19.294640 20.384171
11.606977 -19.634663 20.472136
11.604197 -19.974684 20.560102
11.601416 -20.314705 20.648067
11.598635 -20.654726 20.736032
11.595854 -20.994749 20.823999
11.593073 -21.334770 20.911964
11.590292 -21.674791 20.999929
11.587511 -22.014814 21.087894
11.584730 -22.354836 21.175861
11.581949 -22.694857 21.263826
11.579168 -23.034880 21.351791
11.576387 -23.374901 21.439756
11.573606 -23.714922 21.527723
11.570826 -24.054945 21.615688
11.568045 -24.394966 21.703653
11.565264 -24.734987 21.791620
11.562483 -25.075010 21.879585
11.559701 -25.415031 21.967550
11.556920 -25.755053 22.055515
11.554139 -26.095076 22.143482
11.551358 -26.435097 22.231447
11.548577 -26.775118 22.319412
11.545796 -27.115141 22.407377
11.543015 -27.455162 22.495344
11.540235 -27.795183 22.583309
11.537454 -28.135206 22.671274
11.534673 -28.475227 22.759241
11.531892 -28.815248 22.847206
11.529111 -29.155272 22.935171
11.526330 -29.495293 23.023136
11.523549 -29.835314 23.111103
11.520768 -30.175337 23.199068
11.517987 -30.515358 23.287033
11.515205 -30.855379 23.374998
11.512424 -31.195402 23.462965
11.509644 -31.535423 23.550930
11.506863 -31.875444 23.638895
