#pt3d 300
2.842653 29.398006 -10.764511
2.695729 29.084471 -10.696591
2.548806 28.770933 -10.628672
2.401883 28.457396 -10.560751
2.254960 28.143858 -10.492831
2.108037 27.830320 -10.424911
1.961114 27.516783 -10.356991
1.814191 27.203245 -10.289071
1.667267 26.889708 -10.221151
1.520344 26.576170 -10.153231
1.373421 26.262632 -10.085311
1.226498 25.949095 -10.017391
1.079575 25.635559 -9.949471
0.932652 25.322021 -9.881551
0.785729 25.008484 -9.813631
0.638805 24.694946 -9.745710
0.491882 24.381409 -9.677791
0.344959 24.067871 -9.609871
0.198036 23.754333 -9.541950
0.051113 23.440796 -9.474030
-0.095810 23.127258 -9.406111
-0.242733 22.813721 -9.338190
-0.389657 22.500183 -9.270270
-0.536580 22.186646 -9.202351
-0.683503 21.873110 -9.134430
-0.830426 21.559572 -9.066510
-0.977349 21.246035 -8.998590
-1.124272 20.932497 -8.930670
-1.271195 20.618959 -8.862750
-1.418119 20.305422 -8.794830
-1.565042 19.991884 -8.726910
-1.711965 19.678347 -8.658990
-1.858888 19.364809 -8.591070
-2.005811 19.051271 -8.523149
-2.152734 18.737734 -8.455230
-2.299657 18.424198 -8.387310
-2.446581 18.110661 -8.319389
-2.630837 17.823055 -8.234215
-2.824313 17.541855 -8.144780
-3.047895 17.288452 -8.045725
-3.279838 17.042772 -7.943997
-3.537586 16.825600 -7.840573
-3.800128 16.613789 -7.737351
-4.083188 16.425825 -7.642205
-4.370896 16.242556 -7.552964
-4.669113 16.069895 -7.477069
-4.972953 15.900125 -7.421171
-5.279863 15.731457 -7.379688
-5.586805 15.557420 -7.377932
-5.886177 15.375273 -7.408543
-6.175437 15.184799 -7.471067
-6.442616 14.981405 -7.579474
-6.679879 14.767210 -7.726648
-6.895105 14.546539 -7.896421
-7.084397 14.319240 -8.088797
-7.244137 14.084720 -8.297969
-7.391468 13.846608 -8.512276
-7.516640 13.601212 -8.732770
-7.628959 13.349464 -8.952631
-7.730414 13.092349 -9.171957
-7.814806 12.824022 -9.384711
-7.894546 12.552630 -9.595625
-7.952274 12.265936 -9.793056
-8.004717 11.976169 -9.986966
-8.037149 11.674767 -10.167550
-8.057733 11.368796 -10.341187
-8.060580 11.055986 -10.504427
-8.043713 10.739789 -10.659033
-8.012856 10.421187 -10.807514
-7.954303 10.103608 -10.948787
-7.886904 9.786354 -11.087756
-7.785218 9.477365 -11.224048
-7.678339 9.170057 -11.360282
-7.537028 8.878404 -11.499832
-7.389568 8.591009 -11.640913
-7.214509 8.322741 -11.788871
-7.030258 8.063356 -11.940139
-6.825228 7.824051 -12.098888
-6.608635 7.599424 -12.262218
-6.377718 7.392979 -12.431225
-6.132599 7.208580 -12.604442
-5.879124 7.037154 -12.780137
-5.606974 6.897653 -12.955687
-5.326294 6.772375 -13.127848
-5.030266 6.672477 -13.291838
-4.712380 6.604805 -13.428041
-4.373471 6.569598 -13.510719
-4.031271 6.581254 -13.461140
-3.822733 6.632786 -13.189732
-3.737993 6.680485 -12.853081
-3.715723 6.720458 -12.503642
-3.733412 6.754167 -12.152848
-3.770490 6.786609 -11.803665
-3.816495 6.818973 -11.455355
-3.876575 6.855898 -11.109620
-3.939279 6.896769 -10.764868
-4.007409 6.945801 -10.422144
-4.077104 7.004461 -10.081392
-4.148306 7.072398 -9.742541
-4.219327 7.157174 -9.407671
-4.290266 7.249599 -9.074608
-4.359338 7.366000 -8.748862
-4.427856 7.488753 -8.425356
-4.494392 7.632435 -8.110024
-4.560473 7.783757 -7.798338
-4.625978 7.944808 -7.491292
-4.692560 8.110649 -7.187055
-4.760205 8.276217 -6.882915
-4.831250 8.434724 -6.575778
-4.906434 8.576075 -6.261649
-4.985102 8.699730 -5.941225
-5.069382 8.785386 -5.609464
-5.157133 8.822145 -5.270783
-5.245888 8.818055 -4.931022
-5.334547 8.768734 -4.593069
-5.418717 8.658750 -4.269050
-5.499529 8.522832 -3.954914
-5.575593 8.353835 -3.654648
-5.645351 8.154422 -3.372888
-5.712770 7.943722 -3.097996
-5.772079 7.701722 -2.848311
-5.830336 7.455963 -2.602152
-5.881290 7.185359 -2.381511
-5.931102 6.911115 -2.165617
-5.974636 6.616873 -1.975796
-6.016708 6.318235 -1.793431
-6.053216 6.002858 -1.639451
-6.087812 5.682390 -1.497444
-6.117516 5.348895 -1.386072
-6.144572 5.010187 -1.294393
-6.167582 4.663508 -1.232835
-6.186977 4.313651 -1.201781
-6.203474 3.961246 -1.195197
-6.215423 3.611141 -1.229841
-6.225819 3.261823 -1.278563
-6.231068 2.922405 -1.374119
-6.235420 2.585294 -1.477331
-6.235546 2.260554 -1.615349
-6.234475 1.939365 -1.760791
-6.230142 1.627857 -1.926469
-6.223968 1.319831 -2.098240
-6.214927 1.017227 -2.279497
-6.202931 0.715867 -2.462610
-6.188116 0.415692 -2.647492
-6.168054 0.112265 -2.826369
-6.145352 -0.192800 -3.002226
-6.112722 -0.508029 -3.157110
-6.075691 -0.827507 -3.301075
-6.026284 -1.158643 -3.412491
-5.964746 -1.496353 -3.488353
-5.893489 -1.838075 -3.535409
-5.802187 -2.178592 -3.520651
-5.698071 -2.509540 -3.466760
-5.584166 -2.832621 -3.383285
-5.451411 -3.130462 -3.248480
-5.310911 -3.415467 -3.097286
-5.159772 -3.682844 -2.923585
-4.996013 -3.928670 -2.731628
-4.826843 -4.165255 -2.531842
-4.641203 -4.374622 -2.317220
-4.453054 -4.579854 -2.100553
-4.246575 -4.755260 -1.874490
-4.037513 -4.926305 -1.647826
-3.812050 -5.069668 -1.417351
-3.582218 -5.204942 -1.186884
-3.338496 -5.314500 -0.956446
-3.088882 -5.411525 -0.727461
-2.828628 -5.485921 -0.501102
-2.561475 -5.542924 -0.278588
-2.287277 -5.582170 -0.060000
-2.005925 -5.599886 0.151499
-1.720769 -5.606158 0.359230
-1.428846 -5.588923 0.556301
-1.135476 -5.566661 0.751092
-0.835859 -5.522159 0.932072
-0.535352 -5.474992 1.110712
-0.230573 -5.415049 1.278110
0.075762 -5.352105 1.441345
0.385160 -5.283252 1.596384
0.696671 -5.212704 1.746231
1.010355 -5.140413 1.890736
1.326475 -5.068351 2.029880
1.643971 -4.996419 2.165995
1.963760 -4.926227 2.297542
2.284216 -4.856541 2.427762
2.606336 -4.789048 2.554989
2.928650 -4.721817 2.681871
3.251523 -4.655710 2.807918
3.574284 -4.589471 2.934183
3.896271 -4.522330 3.061939
4.217669 -4.454390 3.190726
4.537173 -4.383882 3.322829
4.855204 -4.311565 3.457404
5.170515 -4.235909 3.596546
5.482931 -4.157508 3.740464
5.792177 -4.076104 3.889613
6.096443 -3.991707 4.046915
6.397686 -3.905494 4.209165
6.691043 -3.817821 4.384378
6.982344 -3.729766 4.562971
7.261883 -3.644550 4.760705
7.538248 -3.561405 4.963408
7.804149 -3.485171 5.182475
8.062593 -3.416793 5.412255
8.313417 -3.356443 5.652984
8.551629 -3.313582 5.909358
8.784947 -3.277882 6.171452
9.003290 -3.266934 6.448421
9.215449 -3.267557 6.729833
9.417915 -3.286317 7.018209
9.610267 -3.325844 7.310935
9.797941 -3.374972 7.605672
9.972522 -3.453212 7.902099
10.143588 -3.539613 8.198043
10.304852 -3.648932 8.492233
10.459427 -3.773667 8.783385
10.607492 -3.913400 9.071581
10.743993 -4.077777 9.351997
10.875996 -4.251360 9.629200
10.991946 -4.454597 9.893312
11.100112 -4.669689 10.150477
11.195580 -4.904117 10.396313
11.275281 -5.157669 10.627583
11.347759 -5.419980 10.852183
11.396678 -5.704279 11.055285
11.439377 -5.992941 11.253104
11.463848 -6.293977 11.435542
11.477831 -6.599678 11.610566
11.479245 -6.910967 11.776704
11.466753 -7.225527 11.935605
11.446029 -7.542023 12.090220
11.408565 -7.859357 12.239571
11.365924 -8.176950 12.387292
11.303586 -8.492437 12.532310
11.238449 -8.807625 12.676946
11.150168 -9.117525 12.820688
11.059162 -9.426585 12.964383
10.945299 -9.728211 13.107778
10.831436 -10.029838 13.251173
10.717573 -10.331464 13.394567
10.603709 -10.633090 13.537963
10.489846 -10.934716 13.681358
10.375983 -11.236341 13.824753
10.262120 -11.537968 13.968148
10.148256 -11.839594 14.111543
10.034393 -12.141220 14.254938
9.920530 -12.442846 14.398334
9.806667 -12.744473 14.541728
9.692803 -13.046099 14.685123
9.578940 -13.347725 14.828518
9.465077 -13.649350 14.971913
9.351214 -13.950976 15.115309
9.237350 -14.252603 15.258703
9.123487 -14.554229 15.402099
9.009624 -14.855855 15.545493
8.895761 -15.157481 15.688889
8.781898 -15.459107 15.832284
8.668035 -15.760733 15.975678
8.554172 -16.062359 16.119074
8.440309 -16.363985 16.262468
8.326445 -16.665611 16.405865
8.212582 -16.967237 16.549259
8.098719 -17.268864 16.692654
7.984855 -17.570490 16.836048
7.870992 -17.872116 16.979445
7.757129 -18.173742 17.122839
7.643266 -18.475368 17.266233
7.529403 -18.776995 17.409630
7.415539 -19.078621 17.553024
7.301676 -19.380245 17.696419
7.187813 -19.681871 17.839815
7.073950 -19.983498 17.983210
6.960086 -20.285124 18.126604
6.846223 -20.586750 18.269999
6.732360 -20.888376 18.413395
6.618497 -21.190002 18.556789
6.504633 -21.491629 18.700184
6.390770 -21.793255 18.843580
6.276907 -22.094881 18.986975
6.163044 -22.396507 19.130369
6.049181 -22.698133 19.273766
5.935318 -22.999760 19.417160
5.821454 -23.301386 19.560555
5.707591 -23.603012 19.703949
5.593728 -23.904636 19.847345
5.479865 -24.206263 19.990740
5.366001 -24.507889 20.134134
5.252138 -24.809515 20.277531
5.138275 -25.111141 20.420925
5.024412 -25.412767 20.564320
4.910548 -25.714394 20.707716
4.796685 -26.016020 20.851110
4.682822 -26.317646 20.994505
4.568959 -26.619272 21.137899
4.455095 -26.920898 21.281296
4.341232 -27.222525 21.424690
4.227369 -27.524151 21.568085
4.113506 -27.825777 21.711481
3.999642 -28.127403 21.854876
3.885779 -28.429028 21.998270
