#pt3d 300
3.321991 26.438217 -1.622652
3.075448 26.103844 -1.735929
2.828905 25.769470 -1.849206
2.582363 25.435097 -1.962483
2.335820 25.100723 -2.075759
2.089277 24.766350 -2.189036
1.842735 24.431976 -2.302313
1.596192 24.097603 -2.415590
1.349649 23.763229 -2.528867
1.103106 23.428856 -2.642144
0.856564 23.094482 -2.755421
0.610021 22.760109 -2.868698
0.363478 22.425735 -2.981975
0.116935 22.091362 -3.095252
-0.129607 21.756989 -3.208529
-0.376150 21.422615 -3.321806
-0.622693 21.088242 -3.435083
-0.869235 20.753868 -3.548360
-1.115778 20.419495 -3.661637
-1.362321 20.085121 -3.774914
-1.608864 19.750748 -3.888191
-1.855406 19.416374 -4.001468
-2.101949 19.082001 -4.114745
-2.348492 18.747627 -4.228022
-2.595034 18.413254 -4.341299
-2.841577 18.078880 -4.454576
-3.088120 17.744507 -4.567852
-3.334663 17.410133 -4.681129
-3.581205 17.075760 -4.794406
-3.827748 16.741386 -4.907683
-4.074427 16.407045 -5.020648
-4.350100 16.079546 -5.067227
-4.625931 15.752159 -5.113381
-4.920432 15.438030 -5.109775
-5.216190 15.125308 -5.103148
-5.522709 14.824621 -5.070686
-5.831581 14.526585 -5.036667
-6.146141 14.234960 -4.998887
-6.463065 13.944752 -4.973379
-6.781487 13.655416 -4.957606
-7.095309 13.362350 -4.989986
-7.395633 13.066034 -5.066928
-7.674961 12.767436 -5.195398
-7.918705 12.468715 -5.387167
-8.103932 12.176401 -5.642052
-8.250046 11.889574 -5.925264
-8.363845 11.607441 -6.230012
-8.418214 11.333717 -6.557826
-8.453870 11.062539 -6.889353
-8.451646 10.796499 -7.227936
-8.421085 10.534675 -7.567382
-8.366023 10.276494 -7.907576
-8.276078 10.024546 -8.244078
-8.169120 9.775637 -8.578779
-8.023744 9.534889 -8.904051
-7.865993 9.296771 -9.226285
-7.669837 9.067838 -9.533057
-7.464624 8.841072 -9.836183
-7.225330 8.622759 -10.119341
-6.979343 8.406107 -10.398577
-6.707408 8.195127 -10.656892
-6.430182 7.985306 -10.910941
-6.136678 7.777052 -11.147046
-5.838741 7.569225 -11.378265
-5.532961 7.358921 -11.596418
-5.223868 7.147571 -11.809053
-4.912608 6.930816 -12.012713
-4.599887 6.710420 -12.210330
-4.287954 6.482810 -12.400609
-3.976801 6.248047 -12.583615
-3.667828 6.004115 -12.757556
-3.361374 5.749579 -12.921014
-3.058496 5.481431 -13.067145
-2.758687 5.201598 -13.198402
-2.466819 4.898524 -13.286031
-2.182176 4.582680 -13.339791
-1.913951 4.246264 -13.322470
-1.689508 3.907356 -13.187132
-1.529237 3.599167 -12.944119
-1.444284 3.343863 -12.616258
-1.424709 3.141904 -12.239567
-1.467368 2.994186 -11.837348
-1.561855 2.888550 -11.432187
-1.679528 2.800639 -11.028216
-1.842201 2.744059 -10.633556
-2.024849 2.699824 -10.247229
-2.234984 2.672579 -9.872366
-2.468805 2.660949 -9.512014
-2.720356 2.661010 -9.162526
-2.994624 2.681479 -8.832186
-3.280330 2.712224 -8.511487
-3.583769 2.770117 -8.212447
-3.893842 2.838165 -7.921509
-4.213052 2.940674 -7.652230
-4.534918 3.053198 -7.389245
-4.854574 3.205519 -7.145155
-5.173708 3.367237 -6.905527
-5.478735 3.569241 -6.679384
-5.780718 3.779942 -6.456153
-6.059586 4.025237 -6.239255
-6.332726 4.279105 -6.023925
-6.579430 4.557207 -5.807708
-6.816535 4.844108 -5.591169
-7.029740 5.143767 -5.368257
-7.228173 5.451312 -5.141406
-7.408452 5.762450 -4.905524
-7.568520 6.077591 -4.659586
-7.715944 6.390602 -4.404209
-7.838742 6.699463 -4.130447
-7.951233 7.002095 -3.846670
-8.036367 7.288190 -3.536312
-8.107452 7.558919 -3.211061
-8.150986 7.799514 -2.856604
-8.165783 7.995419 -2.476777
-8.159408 8.158395 -2.078256
-8.095695 8.210798 -1.655881
-8.003383 8.200649 -1.240825
-7.883447 8.129884 -0.833370
-7.722234 7.966079 -0.469228
-7.550519 7.782555 -0.121425
-7.361173 7.565916 0.198944
-7.159693 7.336445 0.501782
-6.949226 7.097467 0.791634
-6.727559 6.856345 1.070914
-6.499084 6.613920 1.343768
-6.261034 6.375455 1.611705
-6.015867 6.139935 1.875985
-5.762196 5.909710 2.136672
-5.500267 5.684626 2.393871
-5.228696 5.463334 2.643967
-4.947870 5.245681 2.887246
-4.651284 5.026342 3.108582
-4.345189 4.804884 3.314197
-4.014604 4.565806 3.451951
-3.679603 4.305110 3.485989
-3.378023 4.033582 3.375345
-3.142319 3.771523 3.139628
-2.963636 3.525080 2.836211
-2.847453 3.297294 2.489749
-2.750420 3.072284 2.136413
-2.677420 2.850758 1.774449
-2.618117 2.626235 1.412092
-2.572062 2.398813 1.049354
-2.532799 2.165545 0.689750
-2.504826 1.922561 0.335353
-2.478752 1.676218 -0.016684
-2.464338 1.409258 -0.354242
-2.449923 1.142299 -0.691800
-2.445822 0.847304 -1.005169
-2.442991 0.548855 -1.315557
-2.447836 0.224379 -1.597401
-2.456028 -0.111447 -1.866797
-2.470678 -0.470794 -2.101022
-2.489608 -0.845731 -2.311937
-2.514321 -1.241241 -2.475339
-2.542615 -1.649494 -2.609317
-2.575025 -2.071400 -2.677634
-2.608983 -2.498442 -2.721249
-2.642362 -2.924932 -2.681612
-2.675035 -3.350010 -2.625610
-2.699620 -3.757977 -2.490040
-2.720005 -4.158517 -2.337083
-2.727216 -4.535769 -2.129599
-2.724585 -4.898890 -1.900786
-2.706226 -5.239431 -1.637886
-2.671714 -5.561517 -1.355892
-2.620995 -5.865086 -1.054738
-2.548711 -6.149610 -0.740826
-2.461152 -6.420642 -0.417878
-2.348802 -6.675634 -0.090330
-2.222865 -6.921834 0.239740
-2.071683 -7.156952 0.566737
-1.908788 -7.386929 0.892308
-1.722646 -7.610617 1.209252
-1.526488 -7.831595 1.522479
-1.310316 -8.049199 1.824311
-1.085429 -8.265334 2.121182
-0.843450 -8.478247 2.406367
-0.593501 -8.689657 2.686101
-0.328028 -8.895311 2.955278
-0.054715 -9.098059 3.219123
0.234022 -9.290338 3.473789
0.530829 -9.477139 3.723651
0.843790 -9.646898 3.965213
1.164727 -9.808241 4.202675
1.502048 -9.944815 4.432005
1.846122 -10.071177 4.657983
2.204935 -10.165318 4.875719
2.568234 -10.249646 5.090945
2.942113 -10.297420 5.298419
3.318151 -10.337729 5.504310
3.699242 -10.341812 5.704289
4.081003 -10.341092 5.903484
4.462720 -10.309163 6.099952
4.844434 -10.274269 6.296161
5.222678 -10.215641 6.493303
5.600621 -10.154959 6.690527
5.973394 -10.078366 6.891936
6.345668 -10.000237 7.093750
6.712413 -9.912848 7.301751
7.078534 -9.824415 7.510450
7.439538 -9.731496 7.725976
7.799901 -9.638016 7.942357
8.156118 -9.543101 8.164873
8.511800 -9.448002 8.388183
8.864813 -9.353141 8.615780
9.217478 -9.258310 8.843937
9.569357 -9.165438 9.074100
9.921126 -9.072836 9.304542
10.274361 -8.985239 9.534691
10.627832 -8.898455 9.764792
10.984846 -8.821824 9.992970
11.342591 -8.747291 10.220751
11.705224 -8.690132 10.445611
12.069154 -8.637580 10.669697
12.437745 -8.611269 10.890245
12.807799 -8.593189 11.109685
13.179797 -8.612040 11.324733
13.552409 -8.642533 11.538394
13.920140 -8.722672 11.746138
14.286681 -8.814910 11.952438
14.635714 -8.969670 12.150290
14.981942 -9.133229 12.346928
15.293830 -9.364393 12.533234
15.598276 -9.604803 12.718073
15.862621 -9.895037 12.895008
16.112417 -10.197119 13.070586
16.323490 -10.530730 13.242552
16.515959 -10.873956 13.415101
16.674555 -11.234686 13.588716
16.814125 -11.600705 13.765816
16.925011 -11.974699 13.948171
17.018745 -12.349762 14.136575
17.088413 -12.726326 14.333467
17.143448 -13.100801 14.537874
17.178364 -13.472404 14.752612
17.200569 -13.839994 14.975072
17.205788 -14.202222 15.207848
17.198750 -14.559532 15.447490
17.176647 -14.910798 15.695571
17.140596 -15.256927 15.948677
17.090170 -15.597760 16.206961
17.021200 -15.933527 16.467037
16.938101 -16.265432 16.728483
16.828379 -16.592106 16.985992
16.706072 -16.916304 17.241644
16.545603 -17.234037 17.483219
16.377089 -17.550407 17.721825
16.157715 -17.856529 17.930557
15.938125 -18.162609 18.139164
15.718535 -18.468689 18.347771
15.498946 -18.774769 18.556377
15.279357 -19.080847 18.764982
15.059768 -19.386927 18.973589
14.840178 -19.693007 19.182196
14.620589 -19.999086 19.390802
14.401000 -20.305164 19.599409
14.181412 -20.611244 19.808014
13.961823 -20.917324 20.016621
13.742233 -21.223404 20.225227
13.522644 -21.529482 20.433834
13.303055 -21.835562 20.642441
13.083466 -22.141642 20.851048
12.863876 -22.447721 21.059652
12.644287 -22.753799 21.268259
12.424698 -23.059879 21.476866
12.205109 -23.365959 21.685472
11.985519 -23.672039 21.894079
11.765930 -23.978117 22.102684
11.546341 -24.284197 22.311291
11.326752 -24.590277 22.519897
11.107162 -24.896357 22.728504
10.887573 -25.202435 22.937111
10.667984 -25.508514 23.145718
10.448395 -25.814594 23.354322
10.228806 -26.120674 23.562929
10.009216 -26.426752 23.771536
9.789628 -26.732832 23.980143
9.570039 -27.038912 24.188749
9.350450 -27.344992 24.397354
9.130860 -27.651070 24.605961
8.911271 -27.957150 24.814568
8.691682 -28.263229 25.023174
8.472093 -28.569309 25.231781
8.252503 -28.875387 25.440386
8.032914 -29.181467 25.648993
7.813325 -29.487547 25.857599
7.593736 -29.793627 26.066206
7.374146 -30.099705 26.274813
7.154557 -30.405785 26.483419
6.934968 -30.711864 26.692024
6.715379 -31.017944 26.900631
6.495790 -31.324022 27.109238
6.276201 -31.630102 27.317844
6.056612 -31.936182 27.526451
5.837022 -32.242260 27.735056
5.617433 -32.548340 27.943663
5.397844 -32.854420 28.152269
5.178255 -33.160500 28.360876
4.958665 -33.466579 28.569483
