#pt3d 300
8.692609 22.693035 2.616818
8.496586 22.437012 2.421095
8.300564 22.180990 2.225373
8.104542 21.924967 2.029650
7.908520 21.668945 1.833928
7.712497 21.412922 1.638206
7.516475 21.156900 1.442483
7.320453 20.900879 1.246761
7.124431 20.644855 1.051038
6.928409 20.388834 0.855316
6.732387 20.132811 0.659593
6.536364 19.876789 0.463871
6.340342 19.620766 0.268148
6.144320 19.364744 0.072426
5.948298 19.108721 -0.123297
5.752275 18.852699 -0.319019
5.556253 18.596678 -0.514742
5.360231 18.340654 -0.710464
5.164209 18.084633 -0.906186
4.968187 17.828609 -1.101909
4.772164 17.572588 -1.297631
4.576142 17.316565 -1.493354
4.380120 17.060543 -1.689076
4.184098 16.804520 -1.884799
3.988076 16.548498 -2.080521
3.792053 16.292477 -2.276244
3.596031 16.036453 -2.471966
3.400009 15.780431 -2.667689
3.203987 15.524408 -2.863411
3.007965 15.268387 -3.059134
2.811943 15.012364 -3.254856
2.615920 14.756342 -3.450578
2.419898 14.500319 -3.646301
2.223876 14.244297 -3.842023
2.018972 13.986779 -4.021910
1.770739 13.721965 -4.124540
1.513148 13.460540 -4.200541
1.234629 13.206697 -4.216985
0.949942 12.961821 -4.204443
0.658108 12.727337 -4.158299
0.362854 12.503544 -4.090615
0.065049 12.287724 -4.006866
-0.236047 12.081305 -3.912560
-0.538981 11.880131 -3.812361
-0.847243 11.686499 -3.713747
-1.157681 11.495946 -3.615780
-1.476993 11.312171 -3.535433
-1.798639 11.130157 -3.460511
-2.131651 10.956382 -3.426097
-2.467210 10.787313 -3.414645
-2.807187 10.626413 -3.443040
-3.142930 10.480487 -3.528134
-3.473826 10.343427 -3.642916
-3.789877 10.224717 -3.811139
-4.093079 10.116938 -4.005921
-4.386009 10.017896 -4.221936
-4.662803 9.928659 -4.461673
-4.935616 9.841843 -4.707266
-5.194314 9.758375 -4.968708
-5.451910 9.675170 -5.231387
-5.697320 9.587078 -5.503939
-5.942312 9.498819 -5.776828
-6.173165 9.396734 -6.057108
-6.402730 9.293280 -6.337867
-6.611049 9.166731 -6.625736
-6.810603 9.032123 -6.915298
-6.980379 8.870125 -7.210616
-7.113477 8.683037 -7.507364
-7.213133 8.474425 -7.804427
-7.226282 8.227726 -8.089464
-7.177775 7.968734 -8.354602
-7.081119 7.702954 -8.602336
-6.921588 7.439404 -8.819983
-6.737430 7.182288 -9.023886
-6.533235 6.930408 -9.216602
-6.312602 6.686781 -9.401334
-6.087019 6.445641 -9.583662
-5.857202 6.209358 -9.767034
-5.626533 5.974051 -9.950614
-5.401625 5.738377 -10.140704
-5.178173 5.502610 -10.332439
-4.967505 5.261207 -10.531271
-4.761492 5.017753 -10.732686
-4.574163 4.762958 -10.937780
-4.394567 4.503469 -11.144396
-4.242303 4.223817 -11.345814
-4.098611 3.937756 -11.545064
-3.996893 3.617568 -11.716564
-3.919032 3.279763 -11.858193
-3.874007 2.919786 -11.954764
-3.878668 2.542625 -11.952049
-3.920169 2.189914 -11.835105
-3.978950 1.884056 -11.631596
-4.043937 1.624549 -11.369382
-4.107950 1.416770 -11.061145
-4.165463 1.256516 -10.725773
-4.220282 1.115842 -10.380564
-4.269530 1.015183 -10.020395
-4.319332 0.930780 -9.656653
-4.369865 0.867925 -9.288177
-4.431437 0.829912 -8.918354
-4.501522 0.805608 -8.548905
-4.602498 0.812796 -8.185543
-4.741196 0.847680 -7.838313
-4.919789 0.911004 -7.515009
-5.142965 1.005343 -7.226166
-5.411287 1.136943 -6.996027
-5.692174 1.287554 -6.796134
-5.979268 1.452278 -6.615658
-6.265032 1.636754 -6.452604
-6.541025 1.834285 -6.288609
-6.809886 2.041342 -6.123926
-7.050866 2.267080 -5.942036
-7.280791 2.497677 -5.752895
-7.472691 2.741313 -5.538197
-7.639486 2.987217 -5.308350
-7.772605 3.236164 -5.058182
-7.861534 3.478963 -4.785813
-7.928488 3.718704 -4.502404
-7.937633 3.937214 -4.196054
-7.936357 4.151285 -3.885809
-7.878716 4.330286 -3.558830
-7.813823 4.502554 -3.230466
-7.707586 4.636431 -2.894207
-7.593173 4.759516 -2.557519
-7.448457 4.842602 -2.219239
-7.296067 4.911697 -1.882287
-7.121346 4.940074 -1.549200
-6.939088 4.950107 -1.220460
-6.740546 4.920507 -0.901110
-6.533397 4.864087 -0.592875
-6.315204 4.773248 -0.298904
-6.086353 4.639856 -0.032952
-5.851901 4.483703 0.217630
-5.607705 4.264182 0.403260
-5.365056 4.017433 0.543564
-5.125206 3.741272 0.632137
-4.905333 3.434856 0.625476
-4.705817 3.123326 0.566644
-4.522190 2.808859 0.470125
-4.368138 2.496511 0.325259
-4.226247 2.184420 0.168941
-4.097867 1.872615 -0.000103
-3.982389 1.555865 -0.169078
-3.871033 1.237535 -0.338031
-3.768719 0.905975 -0.485940
-3.667024 0.570638 -0.624321
-3.567244 0.223170 -0.731975
-3.466468 -0.130244 -0.812092
-3.364683 -0.489671 -0.864353
-3.259763 -0.851026 -0.868506
-3.153772 -1.212638 -0.856342
-3.043926 -1.566971 -0.788068
-2.933317 -1.917716 -0.707200
-2.820561 -2.258368 -0.590917
-2.707145 -2.592528 -0.459112
-2.592841 -2.917966 -0.306455
-2.478419 -3.235861 -0.139415
-2.363895 -3.547265 0.040004
-2.249915 -3.851277 0.231667
-2.136279 -4.150601 0.431095
-2.023693 -4.443031 0.640886
-1.911620 -4.732093 0.855740
-1.800537 -5.014628 1.079502
-1.689811 -5.294809 1.306478
-1.578825 -5.568675 1.540865
-1.467779 -5.841079 1.776966
-1.353283 -6.107294 2.018403
-1.238212 -6.372732 2.260432
-1.114271 -6.632192 2.504560
-0.987766 -6.890627 2.748379
-0.848124 -7.143808 2.990616
-0.701101 -7.394319 3.230977
-0.538823 -7.639311 3.467460
-0.361780 -7.877755 3.699441
-0.170839 -8.110034 3.927185
0.043687 -8.327929 4.147362
0.266879 -8.540540 4.364759
0.521446 -8.725698 4.572453
0.783368 -8.901783 4.778090
1.067205 -9.049685 4.977692
1.361249 -9.177191 5.175191
1.666070 -9.283161 5.370470
1.979757 -9.357337 5.565380
2.296602 -9.420192 5.760157
2.617047 -9.444478 5.957523
2.937255 -9.461880 6.155731
3.255678 -9.451652 6.357675
3.572497 -9.432905 6.561150
3.886172 -9.397471 6.767623
4.197670 -9.353564 6.975556
4.506832 -9.300564 7.185055
4.814560 -9.240537 7.394689
5.121377 -9.176032 7.604409
5.428567 -9.106021 7.811771
5.735893 -9.034016 8.018279
6.045865 -8.957267 8.219019
6.356260 -8.879758 8.418835
6.671082 -8.797270 8.609523
6.986572 -8.714093 8.798758
7.305952 -8.626891 8.979510
7.626443 -8.538461 9.157617
7.949555 -8.447135 9.329483
8.273840 -8.354671 9.498466
8.599550 -8.260825 9.663953
8.926206 -8.167037 9.827587
9.253482 -8.073286 9.990007
9.581649 -7.982402 10.152252
9.910108 -7.892462 10.314440
10.239692 -7.809878 10.478229
10.569468 -7.728598 10.642287
10.900886 -7.659558 10.808644
11.232677 -7.593429 10.975314
11.566294 -7.541598 11.143517
11.900554 -7.495857 11.311942
12.236362 -7.464796 11.480902
12.572736 -7.443390 11.649830
12.909939 -7.436146 11.818711
13.246890 -7.441936 11.987659
13.583593 -7.460509 12.156672
13.918146 -7.495641 12.326757
14.251239 -7.542023 12.497572
14.578773 -7.609065 12.671618
14.903775 -7.685525 12.847138
15.217205 -7.788335 13.029476
15.527661 -7.897913 13.213565
15.816137 -8.042624 13.408515
16.098190 -8.195446 13.605965
16.349855 -8.383886 13.814373
16.580976 -8.590350 14.026800
16.782221 -8.823029 14.245070
16.935438 -9.086411 14.464649
17.064970 -9.363765 14.683931
17.123001 -9.672103 14.893310
17.149481 -9.988123 15.093249
17.128117 -10.315790 15.278876
17.060658 -10.646277 15.443319
16.967035 -10.978365 15.595738
16.829498 -11.305122 15.720655
16.675966 -11.629939 15.835555
16.493263 -11.945649 15.926836
16.293081 -12.255904 16.003963
16.092899 -12.566158 16.081091
15.892717 -12.876413 16.158218
15.692534 -13.186667 16.235346
15.492352 -13.496922 16.312473
15.292171 -13.807177 16.389601
15.091989 -14.117432 16.466728
14.891807 -14.427686 16.543856
14.691625 -14.737941 16.620983
14.491443 -15.048195 16.698111
14.291260 -15.358450 16.775238
14.091078 -15.668704 16.852365
13.890896 -15.978959 16.929495
13.690714 -16.289213 17.006622
13.490532 -16.599468 17.083750
13.290350 -16.909723 17.160877
13.090168 -17.219976 17.238005
12.889986 -17.530231 17.315132
12.689803 -17.840487 17.392260
12.489621 -18.150742 17.469387
12.289439 -18.460995 17.546515
12.089257 -18.771250 17.623642
11.889075 -19.081505 17.700769
11.688893 -19.391760 17.777897
11.488711 -19.702013 17.855024
11.288528 -20.012268 17.932152
11.088346 -20.322523 18.009279
10.888165 -20.632778 18.086407
10.687983 -20.943031 18.163534
10.487801 -21.253286 18.240662
10.287619 -21.563541 18.317789
10.087437 -21.873796 18.394917
9.887254 -22.184050 18.472044
9.687072 -22.494305 18.549171
9.486890 -22.804560 18.626299
9.286708 -23.114815 18.703426
9.086526 -23.425068 18.780554
8.886344 -23.735323 18.857681
8.686162 -24.045578 18.934809
8.485979 -24.355833 19.011936
8.285797 -24.666086 19.089064
8.085615 -24.976341 19.166193
7.885433 -25.286596 19.243320
7.685251 -25.596851 19.320448
7.485069 -25.907104 19.397575
7.284887 -26.217360 19.474703
7.084705 -26.527615 19.551830
6.884523 -26.837870 19.628958
6.684340 -27.148123 19.706085
6.484159 -27.458378 19.783213
6.283977 -27.768633 19.860340
6.083795 -28.078888 19.937468
5.883612 -28.389141 20.014595
5.683430 -28.699396 20.091722
5.483248 -29.009651 20.168850
5.283066 -29.319906 20.245977
5.082884 -29.630159 20.323105
4.882702 -29.940414 20.400232
4.682520 -30.250669 20.477360
