#spline3d 5 120 5 120
-0.39853396661823909 1.7334923657967038 -1.7859557410945819
-0.3282187952845938 0.69312754473359572 -0.42084485878012395
-0.035131995236322135 -0.04803693629630279 0.13071459593997808
0.4084100236398433 -0.58240454315180368 0.12086701451245975
0.70872954156918622 -1.2926192465334345 0.62319444987767603
1.1608626486613498 -1.861146298085864 0.61470258015875223
1.9101422423005021 -1.9745208188134711 -0.24434998794676269
2.1322270673900725 -2.8281683783093223 0.23618604651232308
2.5159751942285902 -3.422224010812553 0.26429430648018787
2.8275242002325118 -4.1248302661803953 0.49343921954890391
3.1238877975363746 -4.8290038495486511 0.65743706053413531
3.9033380171235406 -5.1636231227031706 0.50859296575494461
4.4239166598319564 -5.6978373058817962 0.50539181088029017
5.0714346738136022 -6.1096012400238706 0.42941660872096704
5.7888664330087076 -6.5580313899146914 0.43038979780021802
5.6272690487784205 -7.3815536435291422 0.12312739619639128
6.1076843426184135 -8.20400447555045 0.10847004644676177
5.3172989982066143 -8.3596199091849144 -0.67105662788779141
4.9988025441606352 -8.5994820264530993 -1.1666956068637351
4.6350175173992687 -9.1991203405498858 -1.6524977414841358
4.3439581305065014 -9.7275279074094865 -2.036545426243725
4.0212480609495511 -10.239115705135116 -2.59137948360741
3.6336602152227733 -10.843619054599063 -2.8039136167526282
3.2610033082421293 -11.348319387952872 -3.3601911262408182
2.8834875950540542 -12.015020404980845 -3.408267799493546
2.5156949074332342 -12.379934225774159 -4.3302600182456858
2.3221981826519356 -12.537178158242602 -4.5159382827155152
1.8110345653929636 -13.086979791540227 -6.0051044486496465
1.8545984712252781 -13.029700008120686 -4.9679989756904197
1.8664406323919416 -12.883183713224062 -4.0661384340574092
1.8573023346207906 -13.866805576034379 -3.8891636452769744
1.8812134300155494 -14.383330242886036 -3.3953009237212779
1.6961495545094318 -15.13114560846198 -2.9015415135490974
3.1150385509828493 -15.021073040454397 -2.8863538769713788
3.1385046759538762 -15.322156859335321 -2.2727958345850157
3.1258651330459206 -15.072164241733811 -1.4124464251188646
2.9336367106389605 -15.352830581810451 -0.57374303156836759
3.6338091198550444 -14.8350472415465 -0.20120528543851066
4.1568033796384674 -14.556575493375497 0.20747901220314441
4.7478750078504701 -14.292739520516507 0.6622986768459237
4.9867536166531217 -13.553541651481861 1.0386055858190379
5.1804661937295329 -13.087563420723646 1.4772746966884007
5.7652892863516154 -12.371055820456188 1.8264943049079239
5.3247100171765407 -11.996932331032573 2.3847595049291668
5.502581472272845 -11.195940436438983 2.925954756653701
4.9067138543929332 -11.044951291860112 3.4137953594681378
4.2095847925777159 -11.293652441058494 3.7948060140338264
3.5857996376106551 -10.978470618642895 4.3045091928270525
3.0556381944017321 -11.445684233822748 4.6480424882075555
2.2737579554246401 -11.706179101974019 5.0308012193914822
2.58973095242537 -12.576318197767526 5.3489435009826005
2.3566046920161545 -13.161844637262963 5.7012138007768929
2.8477666433756945 -13.920392909296794 6.0070707774336904
2.7821438073453852 -14.53512455796402 6.2998059263825708
1.9194982713935496 -14.824521845346357 7.0987446844035658
2.1879550960897127 -15.639825245501475 6.2045446084102425
1.866661474365529 -16.182897645040622 6.0096290829135013
1.8276083826747969 -16.873036803625606 5.4522846287346063
2.2564688122584045 -17.527746228640744 5.3901222063773417
2.6314862436853086 -18.176878226740282 5.1256276025739833
2.8958848287033514 -18.860908848255967 4.9112282911172223
2.4053126530908591 -19.546049081211056 4.6122772708363593
2.3490182570169886 -20.229170507280791 4.2728706061165207
2.0927312102449411 -20.90548185442707 4.1357088765100771
1.8432841689722972 -21.594480843505735 3.5151656788083261
1.8389870534606292 -22.293926559780498 3.986284602313682
1.892779055491207 -23.04217606329598 4.23028626360039
1.8136894090129894 -23.670197844709779 4.5822014934203246
1.9323334345306855 -24.508476162147645 4.7893702162772112
1.7361708813033487 -25.061998362806484 5.1738854610177807
2.0883693837916062 -25.26680639723747 6.173698369860614
1.4406757569955762 -25.709403301246276 6.4832880860907265
0.95956491438949243 -25.957663369203551 6.9720981280669054
0.19047458627567934 -26.355535434667129 7.281382279999379
0.28619738865475447 -26.596908254385912 8.0350883335439693
0.47791366322055279 -27.17461262703933 8.8127371414948215
-0.36120688040326471 -26.595179446474354 9.1915684604220562
-0.6826570261801399 -26.475049688913899 9.8098402994177896
-1.386103081742742 -26.147775606000749 10.144746124030217
-2.0245587698673275 -25.971531262298051 10.463554371435634
-2.6547992658061061 -25.65930824751214 10.813076168335668
-3.3397452906551943 -25.526248456489199 11.154244838646424
-3.8931834890775825 -25.06518746317423 11.467443047963799
-4.4600347451878273 -24.663496399843183 11.783851453109211
-5.0408475377692792 -24.290925560793362 12.096870133456749
-5.5785672983333052 -23.724822309128651 12.399984935614087
-6.2637317693631624 -24.002647855048053 12.813510140621188
-6.863798355175609 -24.230875561271869 13.285945388475989
-7.5432150877353603 -24.074605349338629 13.579437100755747
-8.2303408201534491 -23.64384530722009 13.711869427200318
-8.8734438536883715 -23.423312411342692 14.007392987747787
-9.5937558213938257 -23.090217087560973 14.14105792407303
-10.208327035994433 -22.800626523187422 14.442487362309832
-10.741843948852631 -22.355780386075295 14.84980782985116
-11.307123058197876 -22.054394005692192 15.196099700086096
-11.878241810404667 -21.533441580666725 15.545116108431918
-12.512694890786086 -21.676175504308315 15.983235412497216
-13.294655814280629 -21.232677158458156 16.238963425651328
-13.641714435463934 -21.622701953763979 16.899421963110324
-13.974045290650102 -21.813190676405195 17.56083942437883
-14.366850476434371 -22.051016360130188 18.182848449961273
-14.784808644883547 -22.712882353988565 18.473722370579225
-15.183670834729474 -23.153616404686048 18.912590446377866
-15.648574156271762 -23.692182518331464 19.284023668402053
-15.735463888036854 -24.205198515701397 19.867618198240457
-16.171827873732564 -24.634802667495322 20.407076471017689
-16.12753943081248 -25.305195732741105 20.835768734856305
-16.083945023463347 -25.936336582859834 21.229538783478286
-16.217857377776113 -26.623721215454431 21.669853588866573
-15.825129251678636 -27.157228787044197 22.032454585306073
-15.122182443216175 -27.735549183445521 22.197445892121291
-15.251862245051731 -28.274327368468668 22.806097471770023
-15.349220584592167 -28.525855129472909 23.509339096329306
-15.581248034583606 -29.256567877241864 24.032012670264177
-15.356451582415005 -29.125358083384917 24.818825272736191
-15.035501022176589 -29.055453434957354 25.60144854544442
-15.680280723395477 -29.777937478646301 26.079556775958114
-15.671856105508027 -29.952830516463223 26.731845685349029
-16.252758734038977 -30.627594978932738 27.249559725308686
-17.687349710447734 -32.029715968340042 27.564353549570114
