#spline3d 5 121 5 121
99.828898142494978 -87.878606031718931 83.852902832815957
99.804773222620412 -88.585095049467213 84.089271341666304
99.827417083771408 -89.28257423622874 84.321202730588112
99.818813474058743 -89.969156133490017 84.548182483258771
99.755872651067577 -90.670796432721772 84.788237915379213
99.431076877301919 -91.310516543278439 84.981810053625026
99.122687165156592 -91.904229102830925 85.252053608751325
98.824167683241839 -92.515189387990787 85.547898087658979
98.492252506702584 -93.17953002132063 85.61229525795828
98.162400622304745 -93.821514860491305 85.414355871314385
97.890776061389928 -94.406941775965748 85.065592976311933
97.536483358450283 -95.033544556925492 84.924126087770219
97.292828161668453 -95.678941706731848 84.600244039831523
97.392690174514854 -96.275209778341363 84.168504602100711
97.067337273809557 -97.050201344427748 84.249498275397372
97.42530764266823 -97.678620965711715 83.492443213976514
97.766472570408396 -96.993413462283783 82.874773685077074
98.065258821755947 -97.430449252593192 82.233264931951098
98.275977537644721 -98.014931468755236 81.83347416438265
98.51905463189108 -98.489091497934453 81.34554993668047
98.782257039725522 -98.919212575841144 80.808946403142585
99.042232652121896 -99.236088661537892 80.196741202549418
99.343954576849441 -99.746854106505239 79.751065163198788
99.65181545151404 -100.26277342039796 79.340202643722449
99.96193315863097 -100.81168959418032 78.977277814460905
100.28427386798781 -101.30032322872817 78.517557647674408
100.6279152203754 -101.75793075578584 78.103984303905918
101.00404113019742 -102.13327505619981 77.529701122329953
101.28567063008769 -102.72844889071023 77.24129697983409
101.61065350921463 -103.51215465134899 77.439551860234261
101.76892583155819 -104.02277445262304 77.623819125745285
102.16802776918838 -104.90446773220459 77.788664674589455
102.69236642586615 -104.7565402016006 78.646871368609879
101.38304660240891 -104.78381739795169 79.008413049369238
101.79527925251492 -104.77588557843958 79.897615061068365
102.68112554843619 -104.79711379541955 79.902786766651516
103.28627162916473 -104.72727893497972 80.736643388151393
102.11011363717967 -104.94461718837344 81.021374037052027
101.70584779895651 -105.3001525284692 81.174345068677994
100.95378084114566 -105.36090901148211 81.45106790606502
100.31635891147552 -105.88555388897271 81.61300225847522
99.731639733715383 -105.58325883022904 82.19550278669341
99.531848020691797 -105.0106228003162 82.500686575965361
99.189596654590034 -104.21929626281728 82.738196006677867
99.153494700182534 -103.9549605717593 83.448798472455877
99.282433474632953 -104.49827776400923 84.25795000687863
99.085108786210526 -103.73674702831053 84.818934904113121
99.012882784945532 -103.04667371332066 85.014868834761614
98.687211994658114 -102.80400109060193 85.871897689157308
99.466274382496337 -102.99571019776054 86.340691219705178
99.754097084986455 -102.86664521709319 87.14561431603282
98.598082324690992 -102.97252853395172 87.563992236859406
99.003539034348762 -102.81914380370465 88.389512328482809
99.359459595007422 -103.33431416521081 88.814214286111635
99.532854037959794 -103.92875536885057 89.589442054446963
100.07528470205465 -102.44786181640004 89.723087392823018
100.33586358128693 -103.91740334268862 90.173148059721598
100.44714236966897 -104.19647806918751 90.386946193127486
100.6765172974923 -105.0218323568763 90.694424676041635
100.82231060027789 -105.5957255860865 90.935135226773127
101.03918851760484 -106.31419368728787 91.14787154503793
101.29636314050558 -106.95640914969714 91.286467468054809
101.57142736165277 -107.61754335138164 91.487934267740286
101.83458603129228 -108.27176404347841 91.64988328087594
102.02819936251304 -108.96564660952322 91.795794731259065
102.26682883323305 -109.64302867052317 91.919027813216829
102.52595732250286 -110.3140682271252 92.039204389598382
102.79828950468408 -110.98466176493945 92.158956459552755
103.0336246334623 -111.6585271010954 92.271732812898961
103.30610483988426 -112.3377936400269 92.408702268578324
103.40918228262115 -113.0393011278379 92.518381507354235
103.62867822227724 -113.75378700465019 92.649577252514661
103.58370286327391 -114.45527688795822 92.752396180231699
103.89870046738045 -115.18924077084752 92.912104120208468
103.90758978973861 -115.78100044261605 93.212293283517909
103.47284868060233 -116.53406150302661 93.517170750046546
104.35086118239181 -116.89083789446593 93.915133404383923
104.79048865843652 -117.16073416222822 94.170604792037054
105.48156225838717 -117.44846240261691 94.492293340878703
106.0094275845031 -117.75121456634335 94.823614015676924
106.46932921387639 -118.18584701322736 95.231883368034701
106.97338679203148 -118.5395313933335 95.617744365990305
107.43098229665716 -118.94766436525892 95.989161929295022
107.94165395167929 -119.36643214560308 96.401028605263534
108.55168619555987 -119.18435787103535 96.876219509217762
109.07002380064264 -119.02804240816809 97.318449173980738
109.67780657562115 -118.95299896517992 97.75398020223507
110.29881821173043 -118.83893059836204 98.095845613894326
110.9095994922552 -118.71913086212281 98.501043510249076
111.45884982147491 -118.68334524368856 98.97321041606962
112.03839611393057 -118.89633842805043 99.420836435445921
112.60002039259875 -118.73190585698444 99.881162431602007
113.13872854425682 -118.46999213758153 100.29985662313619
113.67632796397001 -118.27624244901385 100.75067288076443
114.2455923562862 -118.05324909095789 101.16054146468763
114.71569105981487 -117.81258555829407 101.66218860982258
115.14013057497775 -117.53760777517165 102.20023799175924
115.71525233092318 -117.33674157576688 102.61072692984921
116.3297090838594 -117.15094745809478 102.96823614280589
116.93917059384509 -116.99912710913821 103.3181667842439
117.47962727899478 -116.68109904235551 103.7715730553721
117.9455787816642 -116.86490086499607 104.35092749945258
118.46812652258356 -116.9159942276529 104.84992374174335
119.05692893002205 -116.74988666931407 105.28521887061177
119.61677045048727 -116.63595660983748 105.71604880970118
120.17884588754791 -116.47236255310236 106.17849132081344
120.68788787247598 -116.6299751341235 106.72459046149743
121.13231506143188 -117.04028673323666 107.15153940068397
121.47903974779821 -117.53077774916015 107.56939145874172
121.6979184062503 -117.97607802746656 108.11703707078851
121.91519045411643 -118.48275944135202 108.59419292785735
122.05348440952686 -119.01780871761612 109.07281052062693
122.16936104700846 -119.61520857473155 109.48902830650076
122.15270390636867 -120.29256954198826 109.79212841403464
122.07960592124572 -121.01672841327355 109.90634135596034
122.05426116338054 -121.73643377991021 110.00602918917568
122.00443957233705 -122.4656104857018 110.05824594374423
121.97222442275199 -123.19103596588218 110.11107293002067
121.92357738050896 -123.92006790964206 110.1552835880675
121.88658539696394 -124.6433488664768 110.2293806835637
121.87986353210363 -125.35406919353045 110.36462573605968
