#spline3d 5 120 5 120
0.30622875049134518 -0.077827431555249599 0.15311352880099699
0.15346173071991662 -0.038504567443776311 0.074780587381531913
7.3434775005053516e-005 8.8691161956108377e-005 -0.000399582467069981
-0.15360823045626501 0.038322703834356465 -0.073937426875029605
-0.30708099296471841 0.076872314920711407 -0.14914798820506836
-0.46077384287632894 0.11503961132083781 -0.2220347199175442
-0.61411858942531128 0.15383550620491268 -0.29891640970938643
-0.76815448791873886 0.19141476472049182 -0.36813775215186567
-0.92065755043727038 0.23150859990585568 -0.45322560413667085
-1.0768744463971687 0.26607847674772644 -0.50288517655734477
-1.2232886378850882 0.31374190723748729 -0.63788300566947176
-1.3980274584260313 0.32833806597614335 -0.55357380997238381
-1.5650970291241952 0.35089812762417455 -0.52282326551338199
-1.7342402505667016 0.37178657012699295 -0.48049665034349481
-1.9028754412273805 0.39282646729944343 -0.4393008561607723
-2.0716072570190334 0.41395999703605302 -0.39904424955656786
-2.2403537235964222 0.43504084158218503 -0.35786945802621245
-2.4090303324790789 0.45608698526142882 -0.31718084655190931
-2.5778271560107311 0.47730469848066037 -0.27642736345187147
-2.7464177425138501 0.49814250372834507 -0.23529163298566955
-2.9153712722378509 0.5197008010201779 -0.19513391006347
-3.0836915598761219 0.53997023590507331 -0.15309924642607803
-3.2530808687641422 0.56243959381323483 -0.1143184399466675
-3.4208120136320335 0.58145179722317275 -0.070471934466970296
-3.5905462914795963 0.60479830856355787 -0.032639606244897708
-3.7604651186822191 0.62751711773247409 0.0038580126011599509
-3.9119453736024838 0.6166310747138557 0.10154026945106455
-4.0720182676149808 0.62110702758880265 0.16429539817131733
-4.2284623750827812 0.62044771613379945 0.25212702493815653
-4.38574300536495 0.61792793094090903 0.31372323344559638
-4.5440877486965174 0.62426605096206711 0.41230110503701267
-4.7003459879678307 0.61248473382379087 0.45225651441177883
-4.856457114552283 0.63131938361311779 0.58240281550405515
-5.0288278847942545 0.6116060153771129 0.61010010836176987
-5.1183779130717966 0.52654407816659843 0.40316596021060935
-5.2532041950768571 0.48108414579522069 0.34193001773746984
-5.3605804875017133 0.41546469012291565 0.19675275932702505
-5.4818897714970545 0.36152970507716004 0.098148975308826658
-5.6297569717115312 0.2833862306090334 -0.0084090039124389282
-5.5466026607346404 0.32836353963820797 -0.23229822328421798
-5.6172546225830668 0.28899729130336843 -0.35505071028823471
-5.5176738583123255 0.34549271811009047 -0.61268816998034814
-5.6958944249308301 0.24382456847570497 -0.63637209750381529
-5.8491894137366325 0.15614393223423309 -0.66663929406524736
-5.9876158471560839 0.077044582581099474 -0.71854512796318348
-6.1420639036957105 -0.011166671683463759 -0.75175690180797539
-6.2854433692395633 -0.09315041810581498 -0.79720889339574919
-6.4355716766964042 -0.17889197887424113 -0.8353131140389749
-6.5817805769682813 -0.26244611322055833 -0.87773407803249093
-6.7302122971799943 -0.34732559931715973 -0.91753919797486783
-6.8773783794197225 -0.43130759188867723 -0.95914522508020839
-7.0253115021019577 -0.51601658820490615 -0.99914832142967047
-7.1727249742761998 -0.59997491731747876 -1.0410333843994399
-7.320490364893308 -0.68478222173805126 -1.080458335264231
-7.4683551244474664 -0.76901014702203363 -1.1223930391536889
-7.6142006729776073 -0.85144916015532257 -1.1658053918918421
-7.7697478100284441 -0.94679713015922717 -1.185626691227059
-7.8839066620713636 -0.97998687503827375 -1.3336655141102924
-8.0119879882584595 -1.0364061581715236 -1.4313138447852094
-8.1350095056996725 -1.0831973149880796 -1.5500736994155553
-8.259894391275326 -1.134504887233531 -1.6597150205902378
-8.3843146632812147 -1.1832183377724483 -1.7727987616972385
-8.5082821890753753 -1.2339960959078509 -1.8859830135597639
-8.6336279222306853 -1.2823968846453999 -1.9957942870026939
-8.7562657544713929 -1.3343648297005728 -2.1133481417442206
-8.883985705105431 -1.3802446675307354 -2.2158969360507195
-9.0019481514903212 -1.4371077603688447 -2.3466894887434879
-9.1392694182886149 -1.4736386108703672 -2.4243799853903201
-9.237062385984725 -1.547941203178858 -2.6014541522686736
-9.4153423815633186 -1.5563793868873008 -2.6038637182158979
-9.5933454262416209 -1.5461465821414508 -2.5584731866497821
-9.7637776210629266 -1.5508736868034809 -2.5527576066103017
-9.9391910016819978 -1.5519003110420966 -2.5353709698995641
-10.112462511296277 -1.546003329533854 -2.5035343993903738
-10.290268024450379 -1.550666362026264 -2.4946588846692905
-10.432687231207593 -1.6079382121027102 -2.6158941742640329
-10.591073426403602 -1.636945185804713 -2.6657077198572465
-10.74306069724825 -1.67919396811257 -2.7524728616277758
-10.896085793832414 -1.7174750648979191 -2.8209853191113496
-11.052133949776643 -1.7526657738502847 -2.8969604939521978
-11.201147406749168 -1.797791125126365 -2.9727209839615205
-11.360287485968964 -1.8268381165530523 -3.0432191820512813
-11.516269998282443 -1.8664542233651173 -3.1194969710028957
-11.591630842299233 -2.002490728273584 -3.2302090434376916
-11.707384998388314 -2.0849055106275589 -3.3234865546355983
-11.801457301153388 -2.2008824229116786 -3.4237686262645308
-11.909055962936536 -2.2905257288639449 -3.5237844902731585
-12.007069001077934 -2.4022995313073641 -3.6195771055478949
-12.107511827776198 -2.516400891733904 -3.7183550753590588
-12.248119764205278 -2.4631755125726404 -3.8499702123079085
-12.363863207702767 -2.4878197722242574 -3.970251316178933
-12.497959454416556 -2.476647190094484 -4.0870480563410414
-12.615742565261412 -2.4813112162287014 -4.2167809181129012
-12.741860343719763 -2.4775992702541476 -4.3408697065614383
-12.930134712493606 -2.4994988820183739 -4.3551194562629405
-13.084524906994503 -2.5074559998072998 -4.4290622918864857
-13.256567179100379 -2.5227702205011027 -4.4719394374170287
-13.419311853381348 -2.5341863899495052 -4.5311689414036662
-13.587046418491546 -2.5476855675601509 -4.5816079231995923
-13.752046190749473 -2.5600400238011947 -4.636906059072107
-13.918581375451041 -2.5730407591276965 -4.6894193712966326
-14.084246235419398 -2.5856878449525693 -4.7435446273644608
-14.250387202607229 -2.5985049043022319 -4.7967978248218044
-14.416299515422983 -2.6112473683800599 -4.8504227639096307
-14.582282242530164 -2.6240384767196225 -4.9040131873681476
-14.748270874338138 -2.6367974717118363 -4.9574853494166833
-14.914240673079933 -2.6495552334262129 -5.011075496559223
-15.080237601628848 -2.6623303412386479 -5.064544839211619
-15.246201311627937 -2.6751026692286444 -5.1181354897839908
-15.412174907122253 -2.6878580514826012 -5.1716902607041
-15.578170498316064 -2.7006345931949149 -5.225176666656365
-15.744120348209387 -2.7133972841734644 -5.278805432815175
-15.910121256970278 -2.7261770651157891 -5.3322734955665831
-16.076096980951469 -2.7389277553832896 -5.385825788382256
-16.242057970449057 -2.7516956780113295 -5.4394197392477937
-16.40806438575839 -2.7644768903470722 -5.4928698030551386
-16.57399229187395 -2.7772413270977134 -5.546567300712173
-16.740076796811771 -2.7899929807709656 -5.599782339968602
-16.905852034777759 -2.802775478901034 -5.6539486587991679
-17.070993620508489 -2.815596888952058 -5.7100696912216904
