#spline3d 5 120 5 120
-0.52579660753566704 0.23584684686352161 0.14610463425577971
-0.26346816064605549 0.11391902086807974 0.072904924994666748
-0.00012415562579496826 -0.00090058119287837832 -2.8074201815374189e-005
0.26372828604493276 -0.11198783268248481 -0.072852356866097659
0.52699555739858717 -0.22734351906161451 -0.14580602139392934
0.79109979643023409 -0.33656427852427306 -0.21858298661216047
1.0538105219967455 -0.45598456578018387 -0.2916433466885146
1.3190076555479056 -0.55739856549746436 -0.36421505767095463
1.5795622721322204 -0.69167433325086514 -0.43765080483658386
1.8492433246864335 -0.76388542379690894 -0.50954224921603153
2.0997844377347628 -0.95834565571440156 -0.58419760089126604
2.3925417501308934 -0.90733162502573639 -0.65421592885177648
2.6769817104562006 -0.85967792680601318 -0.72212223384429619
2.9622411637474939 -0.8361074786674928 -0.79215411491973531
3.2481260641271494 -0.79179882651765976 -0.86034709560698797
3.5333573446366251 -0.7619114149174363 -0.93038058226400833
3.8188677241156643 -0.72229977432340198 -0.99840115510148286
4.105137531532888 -0.68836230234448503 -1.067895038095424
4.3871511520527635 -0.65753022358100621 -1.1407204084216942
4.6858306211047323 -0.59087764114522112 -1.1872610480058572
4.9208789181719812 -0.7026857906480779 -1.3660031384051898
5.1791452017636761 -0.74586094363192945 -1.4928701209867321
5.4280016055082028 -0.81762396821568317 -1.6424051446742709
5.6815654969693714 -0.87594790384089805 -1.7797396433189125
5.9316213948900893 -0.94211982819617879 -1.9265709771775685
6.1857470712820239 -1.0018011404907388 -2.0623754490659243
6.4338606377567791 -1.069020887358088 -2.2140912587276818
6.6913006931740968 -1.1261000356285227 -2.3423464358806538
6.9356510659711708 -1.1951391577814188 -2.4991551706084461
7.1897973007789728 -1.2633032046739192 -2.6541365400339099
7.5083540062591068 -1.22834605150531 -2.5563085073715421
7.7918793901330075 -1.2459713872507481 -2.5881368519445949
8.0940818854366263 -1.2369997176789838 -2.55320240255721
8.386182113841862 -1.2412282526112759 -2.5534914055027098
8.6837054383527814 -1.2401620871478607 -2.5355370249142855
8.9785570306507481 -1.2381440480228121 -2.5254098833912155
9.2741907169285671 -1.2450067243917542 -2.5160070943899591
9.5708068780962385 -1.2275336005011575 -2.4941696424393043
9.8641193930766864 -1.2722199087541342 -2.5098044423631878
10.157410490489177 -1.3093119019436186 -2.5237538287323145
10.450529509423822 -1.3439832639678182 -2.5313184357134282
10.744729095772209 -1.3830504518474331 -2.5498396296870616
11.03643024168888 -1.4166559846940212 -2.5506380360342518
11.33280740681044 -1.4578879403972811 -2.581202862380843
11.621291379801141 -1.4873324664483343 -2.561649207351075
11.921376322780036 -1.5348877270028634 -2.622080147872297
12.211632893230087 -1.560751778190127 -2.5831450217350813
12.451058031046301 -1.5435832462418784 -2.3657850711681236
12.718084319747991 -1.5539388716650249 -2.263409726160587
12.971457035298297 -1.5471928205109553 -2.0909146663513738
13.230127041122993 -1.5525738010449943 -1.9652750349903227
13.489687990771426 -1.5467224817630187 -1.8005763229670988
13.74195875595688 -1.5552465733800724 -1.6806826628592368
14.01041883221623 -1.540180636951441 -1.4924316156245048
14.248295322741887 -1.570252330802866 -1.4292918393968042
14.54030061583563 -1.5044807989232161 -1.1101614081992643
14.752421905973863 -1.6571337265788375 -1.3477380770830594
14.945222662436878 -1.7809967153819786 -1.5282700414132684
15.160883728673364 -1.8999540598710374 -1.6851603709729788
15.3610425172461 -2.0274788112656368 -1.8697202905307893
15.570098189462342 -2.1483704289821515 -2.0356013926263992
15.774876192653645 -2.2738232740456872 -2.2115498928217345
15.980882803204386 -2.3960671080693592 -2.3835576744000573
16.186819156857911 -2.5202198776690299 -2.5569278696788285
16.401356041284437 -2.6488053526632296 -2.7149379266962947
16.611081779183262 -2.7743591163575698 -2.8816871259147305
16.823282207710026 -2.9025262266666738 -3.043600991186179
17.034441997919057 -3.0273210991796407 -3.2083506593960318
17.245330471905728 -3.1583502699655823 -3.3710251693937257
17.458904650280708 -3.274763613801309 -3.5364359119786668
17.66279273669614 -3.4312927260239419 -3.6949983967990829
17.901698650566541 -3.4604080230383278 -3.8772009166798362
18.128832959797379 -3.5274788502102594 -4.0518707675778387
18.360830502450629 -3.5814298478773794 -4.2286261986172651
18.590047882949253 -3.6408319163414831 -4.4059323026653479
18.821742039943139 -3.6971021126778938 -4.5805310656413214
19.050248621194612 -3.7561991466941023 -4.7606304370731323
19.283732970109067 -3.8116102173100828 -4.9308027144893956
19.508987267872225 -3.8726414627828518 -5.1179390832931677
19.74738677551845 -3.9252282146881332 -5.2784898878911068
19.967944379779006 -3.9879095515071383 -5.4719100234159983
20.19771867908289 -4.0515460754447927 -5.6643317647610303
20.529371951217012 -4.0186199934334761 -5.5683214569894544
20.808062219542609 -4.0373108596207192 -5.6162656439740486
21.110264906892994 -4.0230848670554966 -5.5912714627734887
21.408388875170509 -4.0406769041402049 -5.6049122609930953
21.691008947887475 -4.0064520385301829 -5.5970583911746781
22.022397726181037 -4.0936804246429537 -5.6019917156548145
22.227697384729399 -3.8279464436499775 -5.5982987483593032
22.459281922993213 -3.6614253312149048 -5.6019639428166403
22.685700245693347 -3.4654809883966444 -5.597133659180562
22.914257491502877 -3.2763399592063687 -5.6047780455742
23.138642447047321 -3.0906815536180718 -5.591449715178558
23.371979039060541 -2.8924192239792164 -5.6162153747722536
23.587507108935888 -2.7206848240537029 -5.5674341529649549
23.837523324038948 -2.4958145186791536 -5.6694683596353972
24.02436800250236 -2.3760348840866952 -5.4484893455220265
24.206048575307278 -2.257609180775165 -5.2464847588141987
24.398645388209918 -2.1264455123612072 -5.067749727399721
24.582782798804718 -2.0053748972776511 -4.8667193150819399
24.772893560350571 -1.8780306484404032 -4.6813940491802626
24.958162122100216 -1.7540723912218548 -4.485078883574471
25.148776294888474 -1.6287704584932245 -4.2980692092515902
25.331269028258905 -1.5030611098463418 -4.0999552514158681
25.529030691252373 -1.3800512073061171 -3.9201627482135435
25.693905730971021 -1.2498318005785933 -3.7031482613899986
25.936629808428457 -1.1376624339835644 -3.5714202245376954
26.164220702076278 -1.0241255074820219 -3.4183695844550863
26.391725722076274 -0.90658887040839298 -3.2747227006963189
26.624479916190698 -0.79719234299190811 -3.119805803407341
26.847755423104104 -0.67327327406582649 -2.984916393668108
27.087471651860859 -0.57592160070482623 -2.8125623937651665
27.297288887261114 -0.42754276408801328 -2.7120677601734569
27.56385866588839 -0.38295981197864426 -2.468570317002722
27.723663140397967 -0.1183905887340608 -2.514434390880234
27.878160304606631 0.13565248389172108 -2.5572762888280614
28.050862017094872 0.3687583036116453 -2.5642350012944646
28.205509034573623 0.62658978535815546 -2.6101147893474943
28.378907984830363 0.85690139044562685 -2.6137779762685636
28.58720075273277 1.0361762977736362 -2.5389236235847932
