#spline3d 5 120 5 120
0.17319167434215038 -0.17118634609218603 0.16613205134941686
0.086334848504489178 -0.085907814850730943 0.083210610297144189
-5.8038709638855927e-005 -6.4573231920164381e-005 3.3306361961766349e-005
-0.086203839371338284 0.086054362578193599 -0.083288961133083622
-0.17209255907350812 0.17252724195485217 -0.16681512294497455
-0.25883257421158484 0.25769461363171225 -0.24975665806013236
-0.34378626227960773 0.34558171894301848 -0.33377123437702899
-0.43112688262032101 0.43054126292804995 -0.41683517943860932
-0.51965827872235937 0.51012538496402648 -0.49713162825715451
-0.58809624303006736 0.63092638341620966 -0.59499761600873835
-0.73365142633589997 0.61256037903288463 -0.63673949284761311
-0.88109973214365955 0.57581116260822474 -0.66801905247584947
-1.0168276577007533 0.56655297944791083 -0.71167141813311041
-1.1601944036579117 0.54179281833163739 -0.74871666697058092
-1.3003261483048481 0.52300757848055734 -0.78821717985578144
-1.4413914131477181 0.50271037841908528 -0.82711683618024934
-1.5823384165966092 0.48248140943643475 -0.86605626398280156
-1.723230713876382 0.46242943620908455 -0.90503651747824687
-1.8641571499315863 0.44226284185604647 -0.94402321892538599
-2.0051123238489117 0.42214444464684336 -0.98290164163631633
-2.1459910285985053 0.40200571734784696 -1.0219858529443042
-2.2868427949284649 0.38186422930947655 -1.0610760956676324
-2.4283616297281996 0.36177090386940103 -1.0987408792860032
-2.5672971088945773 0.34153139528138121 -1.1422462376623153
-2.7126051375501548 0.32165237670224567 -1.1708311673662111
-2.8481315006466867 0.30113878952895284 -1.2236170686222732
-2.9686511296601474 0.27990341288553844 -1.3098094130832263
-3.0961592608150506 0.25905256498573215 -1.3801121513659043
-3.2216420808212618 0.23808432716033914 -1.4551691483113831
-3.3472899815019712 0.21711265657883802 -1.5297234317404478
-3.4731122661158818 0.19614740236647721 -1.6039226208126325
-3.598849736565735 0.17520795372670597 -1.6783436983698798
-3.7246249894246617 0.15425917698451039 -1.7526680349977157
-3.8503240873929188 0.1332209427358573 -1.8270590174190844
-3.9761162585435845 0.11249755109627808 -1.9015757140289293
-4.1018445450818257 0.091018741552518267 -1.9754851351289031
-4.2275873321857222 0.070743465473765435 -2.0504542818980713
-4.3535233519252348 0.050432205740816284 -2.1254120351432766
-4.4783640948487147 0.022461425109025619 -2.1938939274723421
-4.6067333859028228 0.02532828305302302 -2.2877307001895608
-4.7278330112157994 -0.046399092993458999 -2.3213609308229688
-4.842422116269046 -0.15078318584437586 -2.3262173505062691
-4.9604762428597207 -0.23057320344997359 -2.3517782410045642
-5.0773841755055109 -0.32090231696335181 -2.3685997528105402
-5.1944650506576844 -0.4083634096971468 -2.3877664644440841
-5.3115598703369145 -0.49640706433517634 -2.4066717000195497
-5.4288171102862099 -0.58271398698965293 -2.4260234360294426
-5.5454174804374636 -0.67527839230796305 -2.4431999214003706
-5.6636381145845505 -0.75362609649685541 -2.4656257069551568
-5.7791857585928392 -0.85091790030204362 -2.4807918409289438
-5.8957510335321155 -0.95734608044217406 -2.4935148201415638
-6.0289568715720403 -0.89243346895591624 -2.5680964284342007
-6.1582061212028627 -0.86011266780546958 -2.6307126685204203
-6.2874586616233632 -0.83295698143166996 -2.6916233195891164
-6.4174354669034974 -0.79699751959883203 -2.7553981250887234
-6.5468136630514051 -0.76639066361758446 -2.8178773919658959
-6.6763787309037355 -0.73336402914794596 -2.8804383148979142
-6.807159665462688 -0.69864595621802394 -2.9428021103436945
-6.932495314897519 -0.67783175636325432 -3.0084661975339904
-7.0719970402088288 -0.61349918411940485 -3.061790406116693
-7.1886898260100578 -0.63659627983139422 -3.1435418214916004
-7.2700095518963908 -0.73649725928551901 -3.2410308978139932
-7.3673325522942656 -0.79496677026519003 -3.3281516378200786
-7.4601055168357115 -0.86762885401726342 -3.4194605757747469
-7.5532384110307316 -0.93771687378652868 -3.509695787543488
-7.6467459557112969 -1.0073896025320661 -3.6000311482269098
-7.7400803819640887 -1.0775751934814333 -3.6903845636867736
-7.8334205055887578 -1.1476170068399345 -3.7807271242676288
-7.926798299311165 -1.2176074647458743 -3.8711208318090784
-8.020541231972885 -1.2871004138416828 -3.9611412807863462
-8.1120974075939127 -1.3594959701563953 -4.052846367185456
-8.21067863374609 -1.4230946943900558 -4.1395356835003323
-8.2939317958083851 -1.5047449966080924 -4.2363497118901758
-8.3959589640177814 -1.5671398481333918 -4.3231288570867195
-8.5448377001426365 -1.5638315544229475 -4.3702409018217949
-8.6769931345159819 -1.5807093635718903 -4.4287443223989573
-8.8126065424873143 -1.5948092958558564 -4.4860501836768769
-8.9485736080395792 -1.6075189475414535 -4.5423657791647951
-9.0838492092239846 -1.6215047817095218 -4.5994133182407548
-9.2194536353928349 -1.6349153551289812 -4.6562447161309555
-9.3549965364986587 -1.6484946340170339 -4.7130085840498399
-9.4904938180526681 -1.662053069825199 -4.7699317730447079
-9.626049872783863 -1.6755943930646384 -4.8267151888773592
-9.7616025424283865 -1.6891545455170267 -4.8834980929277725
-9.8971016801027538 -1.7027040095912989 -4.9404144413604181
-10.032659537027371 -1.7162589094075869 -4.997188107062474
-10.168175125707565 -1.7298111128173346 -5.0540635465749428
-10.303710879909209 -1.7433642046842521 -5.1108906389575504
-10.439249311356336 -1.7569206172948184 -5.1677109796664871
-10.574761676690454 -1.7704602703870329 -5.2245949532584905
-10.710323896921377 -1.7840468528421394 -5.2813552745978862
-10.845816563894184 -1.7975552055550255 -5.3382919051740538
-10.981370938049588 -1.8110657213121431 -5.3950700433065597
-11.116966366572873 -1.8250934162469308 -5.451731589972943
-11.252201750098632 -1.8370058224582884 -5.5093932804989754
-11.388415204812475 -1.8541897458490455 -5.5642789101772081
-11.523152144131842 -1.8633783401999031 -5.6235811397345268
-11.655116156830433 -1.8587936579382562 -5.6903003068736115
-11.788231964924536 -1.8602226427933612 -5.7538439474983996
-11.921062178394282 -1.8600515837657767 -5.8182133561779743
-12.053917759778232 -1.859935198211877 -5.8825128583048389
-12.186703922838355 -1.8600313962446111 -5.9468982598054021
-12.319833484977922 -1.8599903358996652 -6.0107072039732445
-12.452053627664785 -1.8600011312388918 -6.0761437960412756
-12.585597592601751 -1.8600004779898602 -6.1391045297719922
-12.719642678701819 -1.8599993879701748 -6.2014872770502398
-12.841629757243254 -1.8600001129065982 -6.2851133004567883
-12.965533415803007 -1.8599998356994267 -6.3653965968242945
-13.089865750998305 -1.8599999008213439 -6.444727239624596
-13.213515229690589 -1.8599998997461433 -6.5251995901834752
-13.339390369549324 -1.8599998914838081 -6.6038017284248474
-13.456334851915708 -1.8599998966530153 -6.689674777852483
-13.598856559387459 -1.8599998946504299 -6.7528932461835964
-13.690407767794111 -1.8599998951471102 -6.8662311327829171
-13.741485791160027 -1.8599998951308221 -7.0111925227287513
-13.816221596134691 -1.8599998950652314 -7.1361514956125358
-13.882108244403769 -1.8599998951101502 -7.2690589975451667
-13.949427487119383 -1.8599998950936425 -7.4004407239132082
-14.019103585580176 -1.8599998950827485 -7.5299123889829005
-14.094149515783613 -1.8599998951017014 -7.655080460039386
