#spline3d 5 121 5 121
0.17522321581958264 -1.5739515475079329 -0.92259897841637695
0.021123858982106725 -0.5072570696663864 -0.44567179646295718
-0.013831145778019784 0.057997166925374377 0.0028473687167541919
0.0084478241001232097 0.38237407095755255 0.43836535024609419
0.00312479774552815 0.7994245553636119 0.84455856031939691
-0.048299824771035053 1.4771780292281436 1.3649539747651247
0.23300321089450129 0.60738642572850299 1.5607500487134038
0.38602908467356634 0.18591632708292213 1.8271119607593842
0.60732006834441343 -0.33434552522830446 2.0400682948235453
0.76528077390923288 -0.85202547698485742 2.338546949187339
0.9650113139508667 -1.3676049743958092 2.5906929013439397
1.4183798181337148 -1.7918824022776194 2.2658351633816438
1.7552471852712841 -2.244898842430068 2.1986496561419879
2.1469314953663012 -2.6861491681133152 2.0371681404802882
2.4900711921309426 -3.1500508633125128 1.8099127238778938
2.9469241014993233 -3.5294661940759817 2.1177518532179129
3.2941503301584292 -3.9686940356210898 2.1923107556132915
3.7841030691431059 -4.3325915202393697 2.4270514159908538
4.1549238210139769 -4.7798608718368456 2.5453549983847843
3.9837384864289858 -5.4366312037165194 2.2545436480685837
4.028690351384542 -5.9617431421186931 2.1313956224998218
4.0709802423914994 -6.5890391831827166 1.9982430426531592
3.9552612829238782 -7.1059212915418408 1.7718544532791509
3.8006072395237287 -7.5695651891851501 1.3651747324107146
3.5551013945701229 -8.0556498418596689 1.1597373052413007
3.1895074982016993 -8.5099427090016651 0.94134914823785809
2.9183518419018872 -8.9728321697180444 0.74589158933718702
2.5755408112499882 -9.452663046823039 0.46675589345714957
2.3103419968483592 -9.8798503215689397 0.39913939067173793
1.9251686051739163 -10.417201726499385 -0.13702733102176917
1.7295606196645468 -10.77488465130619 0.2322680949054873
1.5995977926399381 -11.086477289600184 0.88453590641580759
1.4631732637845933 -11.296092714083152 1.246329582670004
1.1965046854212054 -11.94655930864797 1.8228867278418384
1.3039397886067183 -11.475383295918208 2.2267692035369038
1.4374522512002221 -11.063698562147572 2.6284072673060059
1.5543497485160656 -10.378426113354719 3.023127380264127
1.564331655857669 -10.821682183735696 3.5331224221388218
1.5353006326509064 -11.232498904693452 4.0116064664021751
1.5467773073900928 -11.527554334474758 4.5086971283821429
1.6883503417747887 -11.81172626894174 4.9922083939127324
1.9799523556019827 -11.99586584436657 5.6729094223559029
1.5422202710848649 -12.557410177823755 5.6935124497061711
1.1539879758347702 -13.022149522311096 5.7416052840958463
0.91249065330957435 -13.507274529123897 5.9031628271093455
0.40937466762958508 -13.982971593298247 5.8919318398384997
0.23867106248553818 -14.479305544911282 6.0881241495582499
0.51373933454018006 -14.969874335814076 6.5141929114647761
0.51905621416403569 -15.457576849675295 6.7934120367197393
0.66205808182117043 -15.945531038889662 7.1530250406424116
0.73748862370634938 -16.43791731243509 7.4668056292632041
0.84618506720423314 -16.923918842458672 7.8068490504133559
0.94623989407761189 -17.401847224378468 8.158056873430521
0.99169607060217191 -17.985065195651842 8.3284675583213961
1.0405817819784673 -18.530500943326743 8.5582935061591261
1.1192849393739424 -19.093684225598434 8.766058333682464
1.1248548174193695 -19.638451517718412 8.9914107326629846
1.2754333026935003 -20.213984154785248 9.1873629824893186
1.1928501947284464 -20.744115842315427 9.4323568330322711
0.91495809929387206 -21.225856324830829 9.7107590151821253
0.78421334202192206 -21.743149396240298 9.9690057535552441
0.54934747290365449 -22.234372761734669 10.229430809367313
0.41680922562162748 -22.752984727948512 10.507118629473675
0.14980858719261714 -23.235308170285119 10.745362379019026
-0.17985701209195981 -23.685515948787486 10.961533641192664
-0.43732499192345148 -24.182918758831534 11.195931993236753
-0.7774153121938977 -24.607085190242543 11.41869934986393
-1.0046377221905933 -25.144995756191815 11.648497571268962
-1.3545915493051111 -25.567619371829228 11.878313279310118
-1.9987601559869421 -25.596634987518748 12.077425749547629
-2.4853125645917471 -25.81065759190755 12.289771430652316
-3.0452653210327894 -25.966605349292191 12.494447171825962
-3.5753113996486721 -26.092524808802033 12.707926701006789
-4.1115780022955013 -26.341714736343935 12.906033941408992
-4.6574817878053443 -26.358738797378159 13.130088954647748
-5.2111278252484015 -26.238088170435297 13.367224956945607
-5.7584714620402 -26.2206231619326 13.593871677440537
-6.3098215514364595 -26.147848705125934 13.825967207249372
-6.8572506285741941 -26.098729231643446 14.058194066278018
-7.413361886105502 -26.047697627135054 14.278868667846506
-7.943334296890427 -25.972374858917757 14.544997900450213
-8.4827687385715311 -25.918708603179731 14.804026143669288
-9.0120058914091796 -25.827031570536565 15.06189192301486
-9.5568385726407303 -25.798656403228495 15.322105564279752
-10.088152316147822 -25.704269048203148 15.581622137552355
-10.551781932417519 -25.392981041354805 15.833657012725242
-11.042249139960127 -25.167641922341009 16.088178401350234
-11.531554402314862 -24.940877345171646 16.342935508556245
-12.003776353021575 -24.667075072750553 16.595883314587756
-12.501941701331452 -24.410468337819729 16.849825984518748
-13.044885882125122 -24.601689445566613 17.122657686456499
-13.60446191431436 -24.638762765690068 17.354772715879875
-14.072656041525262 -24.680212367866631 17.669716267520197
-14.740856899365637 -24.824268898357062 17.817638213634378
-15.090134045281903 -24.772529678660145 18.259632190359859
-15.016612060341592 -24.421016626410378 18.96423127678872
-15.563053740702559 -24.555866573789601 19.295457505992719
-16.043189762627836 -24.619504678646724 19.668982368653207
-16.429409459977446 -24.749547404238676 20.037748346320424
-17.069439232879173 -24.653193961000461 20.431247126263301
-17.145181023668705 -25.17234777758765 20.76596478619836
-17.170050178872966 -25.721529067331325 21.071008614157471
-17.304543064923131 -26.177792874361803 21.404512889998703
-17.345418167321579 -26.701985052454823 21.71251259445501
-17.472665336440233 -27.17550650622514 22.06806303193774
-17.488434843973014 -27.660828889925444 22.394574973684215
-17.652817057527766 -28.152464076548274 22.747954220323624
-17.714644736506891 -28.653545728092428 23.089487186803421
-17.151121687303579 -28.97446086213483 23.300977238905382
-16.775095268558164 -29.419969432137062 23.557424645173491
-16.515636230542988 -29.71042413381128 23.816206345967924
-15.864475474919526 -30.252994562922517 24.037313305711102
-15.78767515204113 -30.465410998052842 24.324380006534994
-16.584890146927521 -30.166703188080689 24.660828895041252
-17.148716253636014 -29.965499366488114 24.947949630953655
-16.908880197700764 -30.456478300768133 25.435627681988159
-16.715537177936671 -30.854107967814166 25.83946667579789
-16.60854723146862 -31.216704906970843 26.274903575369585
-16.409242623216915 -31.633830355836466 26.699914215166466
-16.294201045170858 -31.994651561617346 27.124924343690694
-16.350948139318234 -32.23956071371822 27.548797749557025
