#spline3d 5 120 5 120
-0.38617448284892253 -0.15800368474000315 0.025453832935851999
-0.19269959195855593 -0.077415102183223686 0.012485791267792002
8.8771578357221267e-005 0.00035827882347577012 -5.48102953915971e-005
0.19250750467463623 0.076642906177108672 -0.012367465005332852
0.38533826710648217 0.15466971924420531 -0.024944415336230097
0.57757773868726048 0.2301501693316379 -0.037130618686276914
0.77079150482954695 0.30998153041343302 -0.049997392525406713
0.96236512482712655 0.38164517144558463 -0.061545996067073415
1.1566251366806068 0.46996599816352552 -0.075806556663756255
1.3468489916372532 0.52090662272661736 -0.084005926388862409
1.5413954213168881 0.66554685581573769 -0.10736884104646666
1.7429454140828509 0.54347481770595019 -0.087618747318635087
1.9367153368587919 0.49506941908973118 -0.079907706236707093
2.1354355050636 0.42276892032574692 -0.068098789204658255
2.3313523383964556 0.36176016396250604 -0.058501919558058529
2.5286381462949592 0.29029286905588914 -0.046547480450735236
2.7256185477361563 0.2341108233231087 -0.038241909650065901
2.9218338986827939 0.15215616369749699 -0.023696903347460364
3.120414201856029 0.11496313378726755 -0.020018948936660681
3.3134492584860644 0.0013104359725858755 0.0022796183366513723
3.5188677099355656 0.0024932650938672878 -0.0037370089506047087
3.719244782474405 0.092269943292091455 -0.027206207779244852
3.9190928553802853 0.11971578356628328 -0.041435300213548923
4.1227051895931588 0.1805852487468172 -0.054332217534997902
4.3192489476919933 0.22890213127089667 -0.079763012308611381
4.5265032180109239 0.2745719998527944 -0.080540508721469464
4.7239465345150471 0.33020215184959884 -0.10988927040944613
4.8787801399833182 0.43370272746936878 -0.22507407899865983
5.0578698849336767 0.50889091312090173 -0.28950856159603822
5.2238735103417504 0.59970597154934913 -0.3820231994382578
5.3969143423410824 0.68199350100612299 -0.45904056495740003
5.5660207234674486 0.76911937495502536 -0.54487049596578219
5.7385072380419704 0.85200587581560627 -0.62416085779767649
5.902714758995292 0.94528604987794196 -0.7150440535297542
6.1013937972155556 0.99569712125140508 -0.76334404699462499
6.2852384880814833 1.0640329932820982 -0.8299896962779939
6.4762274623250349 1.1242583121045355 -0.88755167417970549
6.6631270616486917 1.1883568372103046 -0.95075594516917616
6.8530899393619809 1.2506745831909079 -1.0090754769851606
7.0398371312049459 1.3135215236480144 -1.0733173180098425
7.2308954447341751 1.3768372263582291 -1.1288838095678468
7.4158354112549087 1.4387164290369916 -1.1973983427633488
7.6079844186435555 1.5026139895088937 -1.2496856067744679
7.8003412386241138 1.5668197685033944 -1.3055580936586373
7.9280157416804684 1.6093245215017897 -1.4828821936401149
8.0874946544326658 1.6625594680012858 -1.5981435289842449
8.2310212616001923 1.7102649100318799 -1.7452217693782437
8.3828393853592793 1.7611204973481849 -1.8754739773235818
8.5303498412738517 1.8098077337342255 -2.0147492629323032
8.6798496183248197 1.8605230646319029 -2.149363842421951
8.8289562217290012 1.908657970227295 -2.2859304685950463
8.9769883551645417 1.9607720738547036 -2.4226110995408892
9.1279481975316035 2.0061511201125377 -2.5570387407524704
9.273026625616275 2.0635583021988722 -2.6967055391802477
9.4294053241575693 2.0986323954504522 -2.8259866647639269
9.5637300552233651 2.1766634975395358 -2.9755478613918487
9.7411196092174581 2.1719101007075228 -3.0862381495845441
9.9174473359283866 2.1680700453213069 -3.1967934950951036
10.091201886821066 2.1703250583009539 -3.3108661363716894
10.264632300573053 2.1718679789810285 -3.4237160265701223
10.443455750484381 2.1649370591276882 -3.5340236258886786
10.609114690390404 2.1804341546317816 -3.6523274490730326
10.800744397127696 2.1500786008743416 -3.7536224310185449
10.947331509205418 2.2021669477259977 -3.8866603310916661
11.079479295127671 2.301621845835915 -4.0279708095923841
11.225994791600417 2.3407926661124958 -4.1601734225268121
11.361469918147014 2.4405565154129665 -4.2972757649419036
11.511943421419765 2.5164389885323142 -4.4392679416335419
11.619415310857796 2.2910235611619969 -4.5455080260702596
11.747262759997151 2.2231068923476127 -4.6677460848434151
11.865288535198109 2.0737639373583829 -4.7829754259091679
11.988439583277932 1.9689701895484011 -4.9020058296296014
12.106894395219078 1.8296099099188565 -5.0132193062249506
12.240693543636857 1.7688010073529534 -5.1644823596583862
12.366934584244589 1.6702414667046017 -5.2964109089795866
12.497634972523 1.5917726794812357 -5.4395582463371221
12.624480726305285 1.4997904091234795 -5.573061633715243
12.75670913216449 1.4222934267990091 -5.7205175706903582
12.878298963302035 1.3183880396519074 -5.8387569025340502
13.025214723606201 1.2797993096193048 -6.0300296863703018
13.105414332309147 1.0566223522571236 -6.0204994195702026
13.199446433900663 0.88306287962513408 -6.0591910532795561
13.29175578528683 0.69744355169411809 -6.0879977485664947
13.382768056251129 0.51178227293055967 -6.1161421785030647
13.476172038583638 0.33197151423067101 -6.1486268695769937
13.566025322516095 0.14040602525186324 -6.1736856138291127
13.661595838748472 -0.029835624123301575 -6.2113823806876054
13.746872652814872 -0.23942983027694731 -6.2261544488340306
13.852501942649662 -0.37302268741987582 -6.2855043677787723
13.913957654950545 -0.6627018457189191 -6.2511934442986643
14.08038142002467 -0.61630465866644057 -6.4277427690370805
14.227532398232276 -0.61640375309699202 -6.5693448200778368
14.375826240158544 -0.62419054413610431 -6.71151851129496
14.526936757149056 -0.6160185441222461 -6.8582666842352227
14.673875132903415 -0.6245222044712474 -7.0017122468524899
14.826798333011354 -0.61352782893093771 -7.1460306192480028
14.970328962944654 -0.63057340280182006 -7.2921450888654356
15.129201229740756 -0.60241011847744519 -7.4330975777554391
15.265291477061398 -0.64312403807391971 -7.5837070670408346
15.383266977485121 -0.72605235242888777 -7.7389351514873495
15.514595500947433 -0.77696162357378284 -7.8892183642251368
15.637484220537518 -0.84653151976609775 -8.0442876278796192
15.766022295259809 -0.9070129137362748 -8.1935640393175504
15.889872868618705 -0.96960141332637162 -8.3515252305908323
16.019110455569393 -1.0364996580160977 -8.4948771330384165
16.140180597688222 -1.0908593820360439 -8.6641717507566565
16.27579272876228 -1.1714776162612943 -8.7857362018359648
16.383005046827481 -1.1993646177540793 -8.997991680610216
16.548137449239235 -1.3319997096547556 -9.038282832941146
16.708388192911062 -1.4652306047431063 -9.0642989912511585
16.865648133111563 -1.5868512259080054 -9.1175048048006708
17.026033523036542 -1.717943139177506 -9.1507599845853189
17.184299707147833 -1.8428424027619863 -9.1964829134793469
17.343845688441395 -1.9715002261252652 -9.2348310384364858
17.502678955285884 -2.0979205597030455 -9.2774044215674127
17.66183901250562 -2.2257305572159525 -9.3176257290338214
17.820940119041108 -2.3525691676216187 -9.3591120692398402
17.979877023371827 -2.4802677110308737 -9.3999551794772813
18.139293335920108 -2.606882161920721 -9.4410783586366129
18.299782868775537 -2.7313599055153475 -9.4823721069574276
