#spline3d 5 121 5 121
-0.31602708343868707 1.765482875993712 -2.0840626694131394
0.070750167775440714 0.62455138069955585 -0.43856744511470985
0.058674017311928076 -0.067616398385746457 0.15469589397249456
-0.20086949967417686 -0.47235961394077208 0.094290521787145518
-0.16882352836015535 -1.1677329394702889 0.76517976965846668
-0.5812382456170434 -1.5053001749400592 0.40258077507905915
-0.94145163276898225 -1.8598893642687 -0.18184261837847879
-1.2565560971344563 -2.3319954231283919 0.27366788334225245
-1.2951500123453907 -3.0534270033262771 0.60178778139979938
-2.0231220675537891 -3.0583448134572766 0.52013856027422112
-1.9668109839263668 -3.7736053426704257 0.48777298579156564
-2.2054922238052725 -4.4613303756755665 0.78243604516963794
-2.3845921843666376 -4.5909817037464435 -0.032535355000348626
-2.8330975802966933 -4.8614946665729422 -0.38544728923165905
-2.7414297714149582 -5.1749030811299761 -0.95758313712041709
-2.4590461273628548 -5.494977999173762 -1.4319905888099775
-2.4227594123840719 -5.8560897588660161 -1.9038312496892216
-2.0869376442853631 -6.0776811047450998 -2.496198957958546
-2.2638420031261841 -6.6558867836345872 -2.7451059314816622
-2.4857040286824246 -7.2235091678951511 -2.9379786365156662
-2.4650144734573951 -7.7181478168722712 -3.3054121778158287
-2.2805198068499637 -8.0869504421023546 -3.790189313708213
-2.2160154769850742 -8.6013024499812669 -4.1412642857079147
-2.0882152574075081 -8.918128928939252 -4.6562394989042009
-2.0553730513816255 -9.2519231905904284 -5.1936321679596018
-1.8901999233158591 -9.5748202302712286 -5.6448584067651026
-2.0050849751315702 -9.9435425434608611 -6.2925720117270636
-1.2931921536504041 -10.172010420331086 -6.4151654990260267
-0.87320301240658438 -10.424047743934484 -6.7029380541567614
-0.32036504679101308 -10.684405589610726 -6.9363515939707483
0.12811857164689869 -10.930552559252762 -7.1418456481150034
0.76925504365786102 -11.154513196780577 -7.5998844448328704
0.79529600345175744 -11.650162637449807 -6.8401234129488042
1.0909094213697075 -12.02189925477742 -6.5843717801543065
1.2735630340958581 -12.538511299897594 -6.1890109087509391
1.3107796352554295 -12.417083671333504 -5.4094409115326574
0.9046852932086622 -12.097912660439365 -5.0801790864506309
0.63872084721506628 -11.771014897126337 -4.6004796649678106
0.31480985381929322 -11.509362641819953 -4.1713760754691824
0.037135954284017114 -11.135564922801397 -3.7367005063403149
-0.32805386072856663 -10.974985688101619 -3.2714884748022164
-0.67038441669213389 -10.682757843585131 -2.8434040839655519
-1.0436063772877788 -10.453939533759042 -2.3778923793503268
-1.2272421066701951 -10.752812536783903 -1.7961734738403783
-1.5632514111298415 -10.85415518962971 -1.2674770639351773
-1.6855572841867767 -10.816694259852136 -0.71867119684105762
-1.8030374396802644 -10.362919204276631 -0.028580662818614835
-2.0540607235992008 -10.846829679950432 0.2864344581562665
-2.5540435873428224 -11.569557453718909 0.28326313779871465
-2.4648262714926172 -11.486896944963311 1.065709184384392
-2.4887969973696369 -11.723702227044566 1.5556942342354128
-2.4639831357390261 -11.605601137077281 2.3153026699862438
-2.5035287134444788 -12.006923314087294 2.7287946019403178
-2.5977805453482761 -12.702943551284829 2.8672328339003093
-2.6535045203678873 -13.157347290858656 3.2127446485056961
-2.7171522627292761 -13.760769364708151 3.4388317244590842
-2.8361854829816022 -14.295311333515235 3.7007478347762932
-2.6836098376731652 -14.790984982118907 4.0787936681789621
-2.6225954020850786 -15.287450601703648 4.4136185355885456
-2.5400796072405258 -15.790443382345609 4.774406734784904
-2.4382748198783921 -16.282903987911116 5.1111868259670725
-2.393483712360819 -16.812975517350409 5.4472492500319483
-2.2288908701676715 -17.30074922142439 5.7554320952297129
-2.2943933818678093 -17.850049391756624 6.1307638947460541
-1.9336473059677226 -18.300781305405561 6.3798044228116382
-1.5301857043511449 -18.678969715532386 6.6425325561087352
-1.1947468311276561 -19.166640258721191 6.8675166376245196
-0.81723585519823727 -19.49769490283839 7.1860597008553304
-0.45226651109844285 -20.072800444740306 7.3201749818482851
-0.094658026986990426 -20.275183514357384 7.769860424665592
0.081883874762535711 -20.348878526063547 8.4101367703393954
0.44994589836001775 -20.517294711116541 8.857304222147345
0.88076233474000631 -20.611473252728857 9.2842599234201248
1.394455553580997 -20.69192626860163 9.6624506155980221
1.6973342242907437 -20.859671614217429 10.159267877988738
1.7114528329932499 -21.193808653709898 10.725883154172591
1.8190619621838642 -21.408494579193704 11.313235207129344
2.4391971277162434 -21.630471687256037 11.569048896418078
2.8032316589856774 -21.723777257434506 12.004895638536139
3.3773845190487251 -22.09594713785679 12.259625778323485
3.6575699771928054 -21.901805346219938 12.811088269393304
3.9033845580039706 -21.725844777199534 13.348160004021125
4.2809560685169119 -21.62546001704801 13.832698150764914
4.7400487102209903 -21.546565011894739 14.226562947286055
5.0561432091888161 -21.401748767885788 14.775242192638492
5.5833201579227429 -21.371628673656627 15.092252619367077
6.1719316171985135 -21.403126963424029 15.30725014597213
6.7014851199599432 -21.383678420202422 15.610005658822413
7.2639105798465327 -21.381857023712193 15.859701923272555
7.8376490582048701 -21.449678102696254 16.121374359057739
8.2593645724338494 -21.08952917145448 16.47358671604038
8.7453900791380761 -20.913844714471413 16.787793005047316
9.2040566558461077 -20.653401254767104 17.115453487023665
9.6629478661792731 -20.43572526992023 17.462261276136381
10.189457145652721 -20.173994782186981 17.662638254792043
10.67931989712033 -19.915703105622686 17.92837101227995
11.19813337504457 -19.680643149364954 18.159752433151645
11.687064879760234 -19.410981393610669 18.412042467157853
12.198842139519641 -19.115731915600765 18.65653896731849
12.80106851110107 -19.366438242758562 18.855686754109716
13.371198611660791 -19.353234374338072 19.054392796967885
13.924203161354168 -19.454614944072844 19.296992904391523
14.559972693310705 -19.553242761405091 19.415924340205958
14.976612476982501 -19.481877760114823 19.867078580719781
15.471252778578265 -19.332611297437616 20.271470833252959
15.879210361452557 -19.407098695223574 20.628664723425693
16.458315762863069 -19.002330659289651 21.117754448952486
16.64993319054582 -19.715012125681291 21.30959483357622
16.903589963725832 -20.167527288529357 21.568621017239003
17.173303818469925 -20.690839415708204 21.798540616214282
17.394538132400292 -21.166969358933706 22.078775236760961
17.698029569697894 -21.76187042441417 22.214110240639815
17.86450992550256 -21.948000930008355 22.818465323691171
18.219897456985656 -22.13855360395625 23.325288044929643
18.343563450940536 -22.4751774419085 23.814616331113584
18.088579026590306 -23.059668260960848 24.11449831685222
18.099587378879662 -23.436770369963376 24.531994047839206
17.900190433413965 -24.20159726417095 24.828904985281042
18.049719916695757 -23.244740351509193 25.595552847435016
17.908460900420785 -23.581923736655295 25.965808824134893
17.194668869196903 -26.897433094123699 25.496512509973854
