#spline3d 5 121 5 121
-0.73038674558916383 1.1844098420628415 0.62413949073681518
-0.41324586223137316 0.55972346028705977 0.24415257402853532
-0.012712545227897202 -0.0086553740632603175 -0.017888811960921933
0.44276052171517932 -0.53934639222225722 -0.20210908389334314
0.86894447779266981 -1.0821955865931179 -0.41032763736521488
1.2710237728137073 -1.6691819429058157 -0.7166855820646193
1.9683037374789394 -1.9620909718995783 -0.36021166745336725
2.5256122843120492 -2.370493518147387 -0.33106016140828481
3.1556913478188409 -2.7451225258145331 -0.096903126643686485
3.7409489415952852 -3.1068473923997102 -0.047991014923873788
4.3694114101853856 -3.5026987064128661 0.2517666366031146
4.9736642156586459 -3.7536242704617035 0.23404906606516515
5.5936663813519409 -4.2748194162417033 0.69488535534905249
6.2144399361044096 -4.4006069950619686 0.48347922990582359
6.6826339401263475 -4.2869449990311539 -0.26726702650809431
6.9757246879296124 -4.6607502670159429 -0.78651749792003145
7.4275667947949078 -4.7337397308161453 -1.3839938019573839
7.6522832932913829 -4.9839867845528962 -2.1029074064256261
8.4172901937921001 -5.1463622898597086 -2.2735694273320561
8.9710203666080286 -5.3855607418530171 -2.7056900634959606
9.3293196741188709 -5.6479614599834971 -3.2402683436650688
10.104855964777071 -5.8553103821314219 -3.6367143849837555
9.8154911579199062 -6.2273141890156554 -4.3310123384850572
10.087839846901153 -6.4472265063529877 -5.1296968173951578
9.3868317490600841 -7.0716797684825394 -5.2184013630762429
9.0366085541721581 -7.5389800545763581 -5.5154509928040865
8.5433312528925178 -8.0753590775645367 -5.7531472704663749
8.1157436150924518 -8.5748308700226712 -6.0040495208051912
7.6377433796455643 -9.1152782015395175 -6.2168748472879996
7.318082709352713 -9.5096402727288858 -6.7660158100583514
6.9075695271617104 -10.004430064137368 -7.1225176270104162
6.5852462151701037 -10.383886549283144 -7.6501782589039777
6.0733286433579385 -10.985571709312143 -7.8645975238684231
6.2224326490008037 -10.985043459267729 -9.0336500219329388
6.2900223984567356 -11.986236917579603 -8.3729407461432235
6.4043164650329931 -12.414875085537146 -8.2290110975805124
6.4932463401389917 -13.479012687267117 -8.185757540753599
6.6008187549600308 -13.397750256988703 -7.3860602581833819
6.7738155812874759 -13.556318860871762 -6.6675402389060006
6.7593464796010139 -13.742871560862772 -5.9750749634102149
7.4365328656488172 -13.283025184667009 -5.3797307856930212
7.4260350699446471 -13.367489507300389 -4.6985078463254464
6.8287288074475878 -13.73286400316382 -4.2463519259397353
6.2290070013717749 -14.099812763233343 -3.5281914333383666
7.373977202838665 -13.557826652814024 -3.5311592619520851
7.7320642725142452 -13.377525178994171 -3.1748718354953009
8.5772442081911269 -13.047978635430127 -3.0737015835216721
8.9481493791516602 -12.769212618999234 -2.6928458166909244
9.9905263215720641 -12.506510259138107 -2.7383734983439498
9.9098368518781079 -12.156652600948471 -2.0277890111537573
10.033232217817911 -11.638244963709552 -1.5097641068595935
10.265956906966878 -11.154857529853892 -1.0135210053643098
10.336009446740089 -10.711447010344109 -0.47283361201132235
10.701486073480966 -10.090578262402696 0.0072328089366790757
10.104526790584138 -10.111977438781105 0.70994463538378649
9.8918530050014173 -9.8632605696011968 1.3103158360471876
9.5609420301097039 -9.6403645411584709 1.9107964124061447
9.3273068818716407 -9.0895602301504805 2.5332763840705397
8.8663262508971226 -9.7100189480657857 3.0622154233716787
8.4289221118308291 -9.7327438615747823 3.5707754245752441
8.1230564459850196 -10.349510249173148 4.1388470360305858
7.8274696897215437 -10.796739121046107 4.2714776827428729
7.5360186678800432 -11.386515827422063 5.2409973432119061
7.1732950789548386 -11.741901290400001 4.6557680632896572
6.7005404216172453 -11.839864659007519 3.9425594451758248
6.3785288343569944 -12.254779068886471 3.5205581508846482
6.3635673715417438 -13.090035985008541 3.4008726209083404
6.1723115293510089 -13.662589528066947 3.001531980317087
6.0519425439888508 -14.373410726301328 2.9418621742204372
5.9511344054565756 -15.033660817600202 2.342340587264959
5.7231093820495795 -15.667478767317744 2.7111281440142254
5.4732467379332794 -16.275045192656052 3.0500063895561809
5.2545459729480024 -16.899534703124981 3.3141288059639025
5.0126977635558472 -17.524666009012293 3.6272227002325232
4.7866836304385849 -18.126898758868858 3.9433266276997134
4.5592915492340946 -18.756099030373264 4.2519975144664421
4.3233517272774895 -19.331543444156889 4.6094983821910152
4.1086918341692309 -20.009219361660783 4.8508894795830289
3.8516656836915475 -20.50446258580055 5.3156266606308948
3.6266572271148063 -20.970635226645143 5.8329475064182716
3.3277969062122881 -21.521853161091403 6.231099862749919
3.2593805829974607 -21.740980142034875 6.9932468938232644
3.0510029387707904 -22.083232320546191 7.5831353863699755
2.5518922638787176 -22.707778971155715 7.7986678954902864
2.1509344070619276 -23.049787007374061 8.2076288188900008
1.795680355157141 -23.746115377617027 8.5186649147721347
1.2947522803830305 -23.989712757427363 8.8823878592149068
0.51446796620884416 -23.961056333379549 9.1502744815406789
-0.029066099556348635 -24.054565420055411 9.519976647280334
-0.78989458630189757 -24.239812217660557 9.7510235446860491
-1.2987930372338876 -24.059804970068519 10.208183149845446
-1.7825427057003955 -23.698902676807911 10.676179173662893
-2.3065597376410425 -23.488144481437448 11.116838558336621
-2.916319366967421 -23.59960251740906 11.559227175279977
-3.4865053745726633 -23.524835096724424 11.978109119052213
-4.0556557641874562 -23.632579523236096 12.477672501834785
-4.718970925235257 -23.298122530136268 12.672221919274147
-5.3488797738490854 -23.130979384545547 12.972955710942228
-5.9886390869183774 -22.910164563090621 13.249216740977351
-6.6316002386206607 -22.675546296967706 13.498001130004639
-7.2595392079864238 -22.519235128002684 13.829292350959093
-7.8902024136126894 -22.356077738246793 14.155880021310276
-8.512558801142319 -22.226271650926638 14.50332680086118
-9.1549153677266002 -22.002169992509419 14.788720025345119
-9.7571338735999973 -21.98424744010245 15.208392747208135
-10.381236402762724 -22.051444703605096 15.569673148542467
-10.964526512129359 -21.942910032352142 16.031796931741589
-11.629948040672119 -22.123278405052055 16.296197643460033
-12.308342029895698 -22.296756888056002 16.482025676903486
-12.943485197316328 -22.474935806585712 16.805381752221859
-13.70109333024009 -22.569837683056551 16.886912273135035
-14.039505198315897 -22.99966164010792 17.541443903844645
-14.297463961862981 -23.427893921679427 17.913663857327663
-14.977286061897695 -23.662636008877261 18.552708397224379
-14.773436758423768 -24.352271662863394 18.808611908428059
-14.496956868815323 -25.023087929147149 19.023194524288947
-14.373023863413223 -25.654178229589281 19.308609039435225
-14.120195620042955 -26.325760598962194 19.535796202190177
-13.977223346707046 -26.960623927482857 19.812217077529162
-13.71775177069226 -27.635793730254871 20.036264545085153
-13.286062461128495 -28.370563464335646 20.182806042149423
