1.239999999999997993e+00
1.190759411764703124e+00
1.141120588235295719e+00
1.088295882352938726e+00
1.037243529411766785e+00
9.923944117647066632e-01
9.573570588235316148e-01
9.419432352941183861e-01
9.325847058823520941e-01
9.307952941176450556e-01
9.300000000000021583e-01
9.300000000000021583e-01
9.300000000000021583e-01
9.300000000000021583e-01
9.300000000000021583e-01
9.300000000000021583e-01
9.637364705882341953e-01
1.001689999999997527e+00
1.053148823529411748e+00
1.104865294117645114e+00
1.158642941176467822e+00
1.203912352941174824e+00
1.219402941176469080e+00
1.231542352941176199e+00
1.236979411764707271e+00
1.239999999999997993e+00
1.239999999999997993e+00
1.239999999999997993e+00
1.239999999999997993e+00
1.239999999999997993e+00
1.239999999999997993e+00
1.239999999999997993e+00
1.239999999999997993e+00
1.239999999999997993e+00
1.239999999999997993e+00
1.239999999999997993e+00
1.243085882352942484e+00
1.270858823529409598e+00
1.302623529411762071e+00
1.348359411764704641e+00
1.398411764705883575e+00
1.457097058823532354e+00
1.500391764705881537e+00
1.524448235294119325e+00
1.539510588235290633e+00
1.547377647058823635e+00
1.550000000000000711e+00
1.550000000000000711e+00
1.550000000000000711e+00
1.550000000000000711e+00
1.550000000000000711e+00
1.550000000000000711e+00
1.550000000000000711e+00
1.550000000000000711e+00
1.550000000000000711e+00
1.550000000000000711e+00
1.550000000000000711e+00
1.556575294117646280e+00
1.576301176470590981e+00
1.612292941176471261e+00
1.668617058823532284e+00
1.740849999999997122e+00
1.825809999999997491e+00
1.855795882352938131e+00
1.858294705882350906e+00
1.871087647058826686e+00
1.886821764705880033e+00
1.919812352941173250e+00
1.954960000000000031e+00
2.013666470588239665e+00
2.068675882352946527e+00
2.094108823529410746e+00
2.108538235294113328e+00
2.084455294117646407e+00
2.051905294117651213e+00
2.002421176470590591e+00
1.955250000000004373e+00
1.910969999999998725e+00
1.886569411764704052e+00
1.878072352941180023e+00
1.869734117647056326e+00
1.861475294117646229e+00
1.843737647058823370e+00
1.823291764705885054e+00
1.761189411764708890e+00
1.693879999999999164e+00
1.602927058823527151e+00
1.509410000000001695e+00
1.395380000000000509e+00
1.277755882352938466e+00
1.147552352941176190e+00
1.042956470588236817e+00
9.895758823529388071e-01
9.528799999999978398e-01
9.370399999999996510e-01
9.352444117647042976e-01
9.446843529411772522e-01
9.667271176470577654e-01
9.950712941176493853e-01
1.044214117647058737e+00
1.099299411764705248e+00
1.156290588235293848e+00
1.213520000000001708e+00
1.272051764705879329e+00
1.330798235294114340e+00
1.391262352941178504e+00
1.452019411764706280e+00
1.513801764705883235e+00
1.575494117647056491e+00
1.637006470588233675e+00
1.698076470588233855e+00
1.758593529411766720e+00
1.817148823529409762e+00
1.874134705882349428e+00
1.928254705882352704e+00
1.980941764705881791e+00
2.030680588235297179e+00
2.079577058823530944e+00
2.125005294117643828e+00
2.169999999999995488e+00
