#fname degree numKnot L1 L2 L3 L4 MSE traceH AIC AIC0 GCV GCV2 cv_avr cv_stdev cv_error ts_avr ts_stdev ts_error sigma0 sigma_opt
BH_0031_MCA_R_d5_cp120_lmd1d0.000_lmd2d0.000_lmd3d0.000_lmd4d0.000 5 120 0 0 0 0 2.09561346928522e-006 120.000000000001 -583.73260709939 1932.99932486514 -0.0022748367502921 0.00318477145040902 0.437907509153136 0.880599957599822 1.03162110936 -0.0225284789132926 0.559505744637934 0.58706243340454 1 8.37889303079754e-006 
BH_0031_MCA_R_d5_cp121_lmd1d0.000_lmd2d0.000_lmd3d0.000_lmd4d0.000 5 121 0 0 0 0 2.52406394160103e-006 121 -568.025311329425 1938.99941912423 -0.00244420044965812 0.0035305117606168 0.455052917623174 0.846003778000951 0.993163990963066 0.0991317285629261 0.390436815249143 0.394445367849544 1 8.29506923442585e-006 
BH_0031_MCA_R_d5_cp120_lmd1d0.000_lmd2d0.000_lmd3d0.000_lmd4d0.000 5 120 0 0 0 0.0001 2.22202970308935e-006 111.6225835404 -630.677864122477 1882.7348539191 -0.00285495649201043 0.00302592958082552 0.380197245133826 0.84777495185896 1.03579161733034 0.0279614704499156 0.328181755210045 0.351992593423031 1 8.37889303079754e-006 
BH_0031_MCA_R_d5_cp121_lmd1d0.000_lmd2d0.000_lmd3d0.000_lmd4d0.000 5 121 0 0 0 0.0001 2.62425049184309e-006 112.521002907728 -616.242168254524 1888.12545861164 -0.00303147947587956 0.00331590224796098 0.399435413063237 0.821485025982798 1.00322104299826 0.0737196480589599 0.448151594960011 0.455502649952152 1 8.29506923442585e-006 
BH_0031_MCA_R_d5_cp120_lmd1d0.000_lmd2d0.000_lmd3d0.000_lmd4d0.000 5 120 0 0 0 0.0002 2.41963853948366e-006 107.604091908256 -649.600307050896 1858.62394760018 -0.00332853367566449 0.00304472046920368 0.360187345752902 0.829139707856709 1.03239075365475 0.0482079226831293 0.398173248510564 0.412303508569013 1 8.37889303079754e-006 
BH_0031_MCA_R_d5_cp121_lmd1d0.000_lmd2d0.000_lmd3d0.000_lmd4d0.000 5 121 0 0 0 0.0002 2.78407302313472e-006 108.445826462217 -636.454448939064 1863.67443509954 -0.00348481774826131 0.00329061572581583 0.37777147626139 0.808635432797962 1.00544825555418 0.0621122322551888 0.428993416947572 0.438981759025062 1 8.29506923442585e-006 
BH_0031_MCA_R_d5_cp120_lmd1d0.000_lmd2d0.000_lmd3d0.000_lmd4d0.001 5 120 0 0 0 0.0005 2.95936962479055e-006 100.570263971572 -677.631851509123 1816.42109872092 -0.00463172607851536 0.00316890933860459 0.341332561815147 0.794881205735019 1.01673256514191 0.0445640750611782 0.332389833942349 0.350326163243863 1 8.37889303079754e-006 
BH_0031_MCA_R_d5_cp121_lmd1d0.000_lmd2d0.000_lmd3d0.000_lmd4d0.001 5 121 0 0 0 0.0005 3.23401585978299e-006 101.332636796472 -667.200302078988 1820.99539609249 -0.00471004732969138 0.0033339759378557 0.352187775947343 0.783661097671659 1.00119324961537 0.028478354589673 0.220661690062525 0.254471630973973 1 8.29506923442585e-006 
BH_0031_MCA_R_d5_cp120_lmd1d0.000_lmd2d0.000_lmd3d0.000_lmd4d0.001 5 120 0 0 0 0.001 3.6370197579592e-006 94.4521429060907 -696.547889924122 1779.71252141106 -0.00662223856499301 0.00334184426011 0.333353571825782 0.764378461236283 0.998180265072272 0.00965621715693639 0.0792789320124273 0.165755438270793 1 8.37889303079754e-006 
BH_0031_MCA_R_d5_cp121_lmd1d0.000_lmd2d0.000_lmd3d0.000_lmd4d0.001 5 121 0 0 0 0.001 3.82175149628427e-006 95.161632895255 -688.638530330383 1783.96950198703 -0.00656769147391689 0.00344513165898721 0.339374845633992 0.758828727016246 0.990058627709249 0.00529292005946435 0.0732377995239136 0.166861718129235 1 8.29506923442585e-006 
BH_0031_MCA_R_d5_cp120_lmd1d0.000_lmd2d0.000_lmd3d0.000_lmd4d0.002 5 120 0 0 0 0.002 4.61030436260491e-006 88.0970406405346 -709.123503324112 1741.58212194034 -0.0106652440616727 0.00358123598858669 0.327126269192046 0.732564620051656 0.978148375483249 -0.00546180109982408 0.0550377272189986 0.169849308555218 1 8.37889303079754e-006 
BH_0031_MCA_R_d5_cp121_lmd1d0.000_lmd2d0.000_lmd3d0.000_lmd4d0.002 5 121 0 0 0 0.002 4.7013288071067e-006 88.7581651134991 -703.731381230284 1745.5488888035 -0.0103084009648837 0.00363463413042053 0.330021536463547 0.730713333718988 0.974843799984924 -0.00788485016335234 0.0786432702401652 0.181077237939004 1 8.29506923442585e-006 
BH_0031_MCA_R_d5_cp120_lmd1d0.000_lmd2d0.000_lmd3d0.000_lmd4d0.005 5 120 0 0 0 0.005 6.47229537014007e-006 79.7965622734016 -710.037096607863 1691.77966137556 -0.028865630671471 0.00399202435876745 0.323600849400847 0.689405874654663 0.948676102581085 -0.00201190349356928 0.0357705702721927 0.161252531160547 1 8.37889303079754e-006 
BH_0031_MCA_R_d5_cp121_lmd1d0.000_lmd2d0.000_lmd3d0.000_lmd4d0.005 5 121 0 0 0 0.005 6.45524386918448e-006 80.395329829711 -707.391443797046 1695.37226296209 -0.0263833692247053 0.00400386163586571 0.324418392370933 0.690058514765173 0.948589338467221 -0.00330596874229855 0.035912691092858 0.162545949787406 1 8.29506923442585e-006 
BH_0031_MCA_R_d5_cp120_lmd1d0.000_lmd2d0.000_lmd3d0.000_lmd4d0.010 5 120 0 0 0 0.01 8.37889303079754e-006 73.7938176887045 -695.99307476466 1655.76361331886 -0.460977649551234 0.00435562284244868 0.323476578159794 0.657258065999011 0.92566518902057 0.0160072833250493 0.12417200052387 0.186546852694804 1 8.37889303079754e-006 
BH_0031_MCA_R_d5_cp121_lmd1d0.000_lmd2d0.000_lmd3d0.000_lmd4d0.010 5 121 0 0 0 0.01 8.29506923442585e-006 74.3464034655484 -694.88955869949 1659.07910953869 -0.208483611802898 0.00435022255266891 0.323918917115961 0.658659560482003 0.926349739212577 0.0166601733475737 0.133621407476559 0.192495101515111 1 8.29506923442585e-006 
BH_0031_MCA_R_d5_cp120_lmd1d0.000_lmd2d0.000_lmd3d0.000_lmd4d0.020 5 120 0 0 0 0.02 1.0804079693898e-005 68.1179246728725 -666.371636423535 1621.70878876494 0.0462175555382473 0.00476113008530469 0.321844020277493 0.626704679653151 0.905404639788361 0.0188249684608114 0.0864325060333626 0.161477637250906 1 8.37889303079754e-006 
BH_0031_MCA_R_d5_cp121_lmd1d0.000_lmd2d0.000_lmd3d0.000_lmd4d0.020 5 121 0 0 0 0.02 1.06530051582935e-005 68.6262135230073 -666.674040903102 1624.75848862935 0.0508489795964363 0.00474360015886169 0.322186806718003 0.628515016533749 0.906411640020319 0.0177353056841728 0.0851158762248737 0.161702210586255 1 8.29506923442585e-006 
BH_0031_MCA_R_d5_cp120_lmd1d0.000_lmd2d0.000_lmd3d0.000_lmd4d0.050 5 120 0 0 0 0.05 1.51923350478903e-005 61.1732784145258 -592.819499309408 1580.04187663103 0.0235059687569218 0.00539897571675521 0.319374461955277 0.586373258997204 0.879810193622755 -0.0160063725840036 0.16221374045321 0.235866124209249 1 8.37889303079754e-006 
BH_0031_MCA_R_d5_cp121_lmd1d0.000_lmd2d0.000_lmd3d0.000_lmd4d0.050 5 121 0 0 0 0.05 1.4928338111797e-005 61.6270467900824 -595.279601961527 1582.76442880505 0.0242040480863249 0.0053671952816889 0.319570494749305 0.588527757633085 0.881101681879294 -0.0124139898636857 0.139193242142486 0.217892063325283 1 8.29506923442585e-006 
BH_0031_MCA_R_d5_cp120_lmd1d0.000_lmd2d0.000_lmd3d0.000_lmd4d0.100 5 120 0 0 0 0.1 1.98327231985839e-005 56.352628698395 -499.903270348307 1551.11899921964 0.0192325510341378 0.00598693885314862 0.318279030655884 0.55521060771879 0.86019150754251 -0.0320063849320181 0.210920590525478 0.282032576288827 1 8.37889303079754e-006 
BH_0031_MCA_R_d5_cp121_lmd1d0.000_lmd2d0.000_lmd3d0.000_lmd4d0.100 5 121 0 0 0 0.1 1.94592657590642e-005 56.7685875651168 -504.262091775705 1553.61467025934 0.0195289941786123 0.00594541489629158 0.318616575188976 0.557373561430503 0.861331798451454 -0.0265090731663554 0.182836981013419 0.257790502123239 1 8.29506923442585e-006 
BH_0031_MCA_R_d5_cp120_lmd1d0.000_lmd2d0.000_lmd3d0.000_lmd4d0.200 5 120 0 0 0 0.2 2.6051752588339e-005 51.8965542756036 -363.350072212759 1524.38392086936 0.0174606483851592 0.00667981658599115 0.31541832003465 0.525207300034762 0.843374513636992 -0.014957303510546 0.0769746930975282 0.18677920601838 1 8.37889303079754e-006 
BH_0031_MCA_R_d5_cp121_lmd1d0.000_lmd2d0.000_lmd3d0.000_lmd4d0.200 5 121 0 0 0 0.2 2.55364941052176e-005 52.2776994525153 -370.028508212098 1526.67067857396 0.0176000435379979 0.00662845796556966 0.315953608563093 0.527281956331559 0.84424993983103 -0.0149901156454588 0.081104626131769 0.188548396557683 1 8.29506923442585e-006 
BH_0031_MCA_R_d5_cp120_lmd1d0.000_lmd2d0.000_lmd3d0.000_lmd4d0.500 5 120 0 0 0 0.5 3.74578510175051e-005 46.5373021104832 -96.0219129339835 1492.23091722029 0.0167495205473499 0.00776225691774517 0.313161185795402 0.486173144402547 0.82145367847803 0.0016285423898379 0.154127894162731 0.217592956455638 1 8.37889303079754e-006 
BH_0031_MCA_R_d5_cp121_lmd1d0.000_lmd2d0.000_lmd3d0.000_lmd4d0.500 5 121 0 0 0 0.5 3.66965874013221e-005 46.8768032397838 -106.448348085926 1494.2677565181 0.016791186364811 0.00769804166651868 0.313297538208221 0.488408384561074 0.822668840440637 -0.00165341962530146 0.123556362959966 0.199690801052218 1 8.29506923442585e-006 
BH_0031_MCA_R_d5_cp120_lmd1d0.000_lmd2d0.000_lmd3d0.000_lmd4d1.000 5 120 0 0 0 1 4.89046169535002e-005 42.8585537872888 182.457053824373 1470.16094556963 0.0168281271304374 0.00868515204268599 0.313471355218688 0.457478587071403 0.804548212202528 0.0169748216599764 0.230751700519264 0.268996157384745 1 8.37889303079754e-006 
BH_0031_MCA_R_d5_cp121_lmd1d0.000_lmd2d0.000_lmd3d0.000_lmd4d1.000 5 121 0 0 0 1 4.79197064801905e-005 43.1696520510407 168.965838118939 1472.02731847184 0.0168296140866461 0.00861237544293183 0.313740660526108 0.459527226111312 0.805493666452575 0.0144966965838771 0.203717924410204 0.247598288072688 1 8.29506923442585e-006 
BH_0031_MCA_R_d5_cp120_lmd1d0.000_lmd2d0.000_lmd3d0.000_lmd4d2.000 5 120 0 0 0 2 6.32110028688929e-005 39.4785631398493 537.812040451173 1449.88414908989 0.0172217744186433 0.0096892517377679 0.310267486738497 0.432886808127838 0.793506910140036 0.0258408432387755 0.20599426891185 0.243255845128004 1 8.37889303079754e-006 
BH_0031_MCA_R_d5_cp121_lmd1d0.000_lmd2d0.000_lmd3d0.000_lmd4d2.000 5 121 0 0 0 2 6.1940397785555e-005 39.7636842770462 520.383719492282 1451.59459637996 0.0171926024149991 0.00960654838822173 0.31084219557776 0.434632953256745 0.793979827959833 0.0219413186847531 0.186108424033484 0.228911287830964 1 8.29506923442585e-006 
BH_0031_MCA_R_d5_cp120_lmd1d0.000_lmd2d0.000_lmd3d0.000_lmd4d5.000 5 120 0 0 0 5 8.78019940437088e-005 35.4313692827964 1159.20104886832 1425.60639596564 0.0181297535433887 0.0111690691594197 0.308437525524475 0.401649344770966 0.778473971021891 0.0265915049792747 0.114946847615427 0.172507576702843 1 8.37889303079754e-006 
BH_0031_MCA_R_d5_cp121_lmd1d0.000_lmd2d0.000_lmd3d0.000_lmd4d5.000 5 121 0 0 0 5 8.60349626576765e-005 35.685453365666 1134.94507892334 1427.13051171595 0.0180675135125575 0.0110713493718612 0.308324952910171 0.403679394944543 0.779619608440525 0.0253194006160382 0.113439714286529 0.1724631522581 1 8.29506923442585e-006 
BH_0031_MCA_R_d5_cp120_lmd1d0.000_lmd2d0.000_lmd3d0.000_lmd4d10.000 5 120 0 0 0 10 0.000111366623625178 32.6608683300668 1761.30160112887 1408.98857446777 0.0190273566412859 0.0123928645905256 0.311419996880639 0.37759064548627 0.763744295311037 0.021351910170982 0.110131489152697 0.173350625422318 1 8.37889303079754e-006 
BH_0031_MCA_R_d5_cp121_lmd1d0.000_lmd2d0.000_lmd3d0.000_lmd4d10.000 5 121 0 0 0 10 0.000109210997886466 32.8937767649515 1732.86472324066 1410.38555083941 0.0189508297056345 0.0122876161463007 0.311266191464095 0.379481242273367 0.764814294612983 0.0220393794636641 0.103268031344585 0.168529489063733 1 8.29506923442585e-006 
BH_0031_MCA_R_d5_cp120_lmd1d0.000_lmd2d0.000_lmd3d0.000_lmd4d20.000 5 120 0 0 0 20 0.000139081884171364 30.1189974735263 2473.75477533562 1393.74344668584 0.0200128465749637 0.0136639557706257 0.311937106085585 0.356630205977921 0.753146354990724 0.0168628674103176 0.145725579336877 0.200946503740964 1 8.37889303079754e-006 
BH_0031_MCA_R_d5_cp121_lmd1d0.000_lmd2d0.000_lmd3d0.000_lmd4d20.000 5 121 0 0 0 20 0.000136537787300991 30.33258639629 2442.25267363782 1395.02442052111 0.0199274559079037 0.0135536538245615 0.312147659639789 0.358246099713894 0.753727600388613 0.0161695414445892 0.153578084611013 0.207176541009663 1 8.29506923442585e-006 
BH_0031_MCA_R_d5_cp120_lmd1d0.000_lmd2d0.000_lmd3d0.000_lmd4d50.000 5 120 0 0 0 50 0.000186287055992094 27.0784956004162 3694.95207708209 1375.51082058498 0.0216389211321372 0.0155644357345872 0.305130066741384 0.332547326408878 0.748137287779517 -0.0030344905091855 0.195887984603882 0.251828446055052 1 8.37889303079754e-006 
BH_0031_MCA_R_d5_cp121_lmd1d0.000_lmd2d0.000_lmd3d0.000_lmd4d50.000 5 121 0 0 0 50 0.00018253492212615 27.2690633969058 3643.79741878399 1376.65340189447 0.0215085045679047 0.0154221254429727 0.305783155061234 0.334085140456477 0.748237682998527 0.00148299198929991 0.168035931299466 0.227754459517923 1 8.29506923442585e-006 
BH_0031_MCA_R_d5_cp120_lmd1d0.000_lmd2d0.000_lmd3d0.000_lmd4d100.000 5 120 0 0 0 100 0.000242411579726549 24.9985119496802 5156.10302070775 1363.04326607579 0.0236220720016121 0.0175655372016713 0.3020888264629 0.310296553808378 0.741276699748375 -0.0286346723790242 0.225392666654848 0.290870303098501 1 8.37889303079754e-006 
BH_0031_MCA_R_d5_cp121_lmd1d0.000_lmd2d0.000_lmd3d0.000_lmd4d100.000 5 121 0 0 0 100 0.000236424957392146 25.1732767829667 5060.48235004042 1364.09053801859 0.0234132173942875 0.0173628420441913 0.30190855925937 0.312601305003625 0.742407918082297 -0.0259993169857813 0.219808450202262 0.284881234547864 1 8.29506923442585e-006 
BH_0031_MCA_R_d5_cp120_lmd1d0.000_lmd2d0.000_lmd3d0.000_lmd4d200.000 5 120 0 0 0 200 0.000331108812944845 23.0908557744818 7473.53170185509 1351.61684241591 0.0265592464596305 0.0203302241164544 0.304567167819738 0.285705869215937 0.729043420104393 -0.0572822571907993 0.261987758700702 0.337336791502192 1 8.37889303079754e-006 
BH_0031_MCA_R_d5_cp121_lmd1d0.000_lmd2d0.000_lmd3d0.000_lmd4d200.000 5 121 0 0 0 200 0.000321910299378769 23.2510516870189 7316.17241925321 1352.57599421814 0.0262714930950276 0.0200621603480394 0.304274952309709 0.287672932657827 0.730085105105448 -0.0533255766622475 0.257767938926094 0.331567277130232 1 8.29506923442585e-006 
BH_0031_MCA_R_d5_cp120_lmd1d0.000_lmd2d0.000_lmd3d0.000_lmd4d500.000 5 120 0 0 0 500 0.000502411787087729 20.8094744238971 11957.6516770763 1337.96624096671 0.031294982279059 0.0247561960446345 0.307739113863283 0.260126777209646 0.716447791638208 -0.0845026576220002 0.274319672831245 0.364307177964472 1 8.37889303079754e-006 
BH_0031_MCA_R_d5_cp121_lmd1d0.000_lmd2d0.000_lmd3d0.000_lmd4d500.000 5 121 0 0 0 500 0.000489604511162527 20.9522328842627 11749.9284719493 1338.8199741282 0.0309777245234853 0.0244561492469019 0.307557977482421 0.261781376250832 0.717218834925035 -0.0806923340792367 0.268185890707265 0.357183093367329 1 8.29506923442585e-006 
BH_0031_MCA_R_d5_cp120_lmd1d0.000_lmd2d0.000_lmd3d0.000_lmd4d1000.000 5 120 0 0 0 1000 0.000662836997136235 19.2489337646854 16160.4852091087 1328.63829055765 0.0349086283047198 0.0282142292496638 0.305847195233579 0.240627714725784 0.711380839643234 -0.0951438634516821 0.289309328601512 0.38260096976924 1 8.37889303079754e-006 
BH_0031_MCA_R_d5_cp121_lmd1d0.000_lmd2d0.000_lmd3d0.000_lmd4d1000.000 5 121 0 0 0 1000 0.000647909997597231 19.3798086440364 15939.0371853269 1329.42025589386 0.0345970401169508 0.0279129270913887 0.306319996578967 0.242354732003222 0.711522318333221 -0.0893633300042192 0.270402337156493 0.364609302940943 1 8.29506923442585e-006 
