#spline3d 5 120 5 120
-0.40067156233740042 -0.45682943103930324 0.2878166017027789
-0.21043665371860626 -0.21425594862766317 0.13774914668120114
-0.002683532722703125 0.0037335468731654609 -0.0016203326010962174
0.21601388983253991 0.20647560009193516 -0.13437253418100045
0.41653136470309082 0.43378546244921318 -0.27775194377573331
0.65047114523522309 0.61678640498716009 -0.40206185287096746
0.81946294367228856 0.88391172975993726 -0.56237529072145509
1.106065589334323 1.0051520243815701 -0.66060870568297958
1.4336557308520317 1.0578283596944269 -0.73288161097557691
1.7299998972453365 1.1666784346579293 -0.82138019798085238
2.0333598939545041 1.2428831148688959 -0.9121706179973369
2.3578971040504033 1.3354251050883195 -0.97647885171259474
2.6217236992143307 1.4219471789815894 -1.1058685471093215
3.0074466770296739 1.5064501594969808 -1.1044401514595397
3.2028146213434043 1.6019676919536694 -1.3201818057123273
3.2203896784145876 1.7040964743919049 -1.6947190548654287
3.3690957782705517 1.7954821221773165 -1.9427980044182671
3.4307752963895122 1.9026130330028777 -2.2808796936415474
3.5607461903607502 1.9860385059404229 -2.5425284049567263
3.6298337968241068 2.098632520278537 -2.8745802544593202
3.7098306808248691 2.2108392196728972 -3.2035147924175189
4.1459042384745111 2.0830186451744033 -3.0547573787717841
4.4224201008408155 2.0582927427248405 -3.1215997222849801
4.7700966510904088 1.9954437891336048 -3.0856741263153422
5.0813662630535088 1.9377470550528197 -3.1159737693000857
5.4190536908550264 1.8976629474562916 -3.0769366504147433
5.7315199600938547 1.8224375226378571 -3.1239811557199153
6.0212733925583404 1.7063906911582007 -3.2563485395872074
6.3238881567909457 1.6136324392016843 -3.3333855333863887
6.6233253488124202 1.5146901844274507 -3.4385507233354842
6.9179323640106309 1.4076402610436403 -3.5326245674589223
7.2235000802089004 1.3203677502692004 -3.6276804914393002
7.5228900384318296 1.2181939409867488 -3.7241508829652754
7.7437516947697329 0.99408002476680701 -3.854119094844334
8.0003598976297745 0.82753196088431924 -3.9680917348640969
8.2418212038823757 0.63550320678300309 -4.0891293276296343
8.4888445343041283 0.45411720195762595 -4.2073909664476137
8.7354625797294556 0.26925155366121217 -4.3261192732316536
8.9784076141920703 0.083615358015685731 -4.4461280536904306
9.2298308838471996 -0.097568484870510369 -4.5629025461601849
9.466933932158895 -0.28708651522724116 -4.6852308154633766
9.7206069191153475 -0.46667821779484886 -4.8010709450130413
9.9836859953827055 -0.64085781236063699 -4.9134578029860743
10.053500302569569 -0.93076409422989359 -5.1005039882842436
10.204805119377232 -1.1717994702841699 -5.2559804959081546
10.322733813707972 -1.4328465052855655 -5.4244695349990915
10.454475237091017 -1.6857441131156963 -5.5873638257008649
10.580028136038656 -1.9417965897162304 -5.7534475001816876
10.709379328940628 -2.1973727188905028 -5.915573268242408
10.834147799462983 -2.4502808592178313 -6.086967354826669
10.968328207258548 -2.7133645263357682 -6.2327436722418614
11.096903811707595 -2.979552126661245 -6.3793009093421267
11.23296243537378 -3.237697566593452 -6.5313250437042063
11.359865232184735 -3.5047865101244811 -6.6764693461597187
11.484684575338761 -3.7789093007114638 -6.8208367604591009
11.704280920825058 -3.9357027442770227 -7.0250922108957834
11.887277308079444 -4.1466922929600392 -7.2022009686227042
12.079521719074846 -4.3210394118740885 -7.3956020212821505
12.279968429443551 -4.5441920587232465 -7.5698421116529255
12.451006596607025 -4.6709890484494654 -7.7818620530511318
12.690360453746685 -5.0057844274260015 -7.9074004423474964
12.789825651819299 -4.9075003312947407 -8.2294820083703399
12.847998618169672 -4.8015412823389596 -8.5430263389746894
12.957771001715431 -4.7264470878387392 -8.8409322503968291
13.041794927613328 -4.5818407820033054 -9.1614632032359449
13.015676299744648 -4.9259598127786219 -9.3987454518214832
13.025441278662893 -5.0659176335849807 -9.6638528148907721
12.969887888232272 -5.3429475190859215 -9.9365044854264237
13.313460024695299 -5.2448406152052378 -10.155242584123167
13.512776140370637 -5.277731071551873 -10.385554968758196
13.761667082281367 -5.2694100000998958 -10.616307902878892
13.995980349470916 -5.2649605905389132 -10.841635502936484
14.228795871620775 -5.2860700220911978 -11.080104703003274
14.480706414370241 -5.2249525646855819 -11.284727995435528
14.730781063079512 -5.176000833117917 -11.494310901037569
14.978985913099498 -5.1242231305798516 -11.703264814856608
15.230534211266519 -5.0818084006916733 -11.914581064363647
15.4765778464244 -5.0129475205086571 -12.118380121256292
15.732611603771959 -5.0044816685718807 -12.33971217094388
15.971094405116999 -4.87557143464816 -12.526613614981121
16.203049082326498 -4.7157322169572025 -12.703341634307558
16.440446177029955 -4.585631339411643 -12.887808165963726
16.674934946526268 -4.4405351962232169 -13.071004341124064
16.910740178505044 -4.2984306744389427 -13.25052573572265
17.144465696132748 -4.1568726884130234 -13.431456423968434
17.388140553983888 -4.0389215659478443 -13.642371511159379
17.588372028973225 -3.7498165732478261 -13.662338885157601
17.800590075432645 -3.5200205197326389 -13.746326487841767
18.010332479230932 -3.2706722348625221 -13.8073424442307
18.219397578589874 -3.0262673031198686 -13.880291111829891
18.43087324219325 -2.7834173754794236 -13.939904411874751
18.637678069295582 -2.5340971848706624 -14.022311179386097
18.852879975857604 -2.2968117890338964 -14.065221518119982
19.054762807853482 -2.0433540402488535 -14.164681147782149
19.270065379190875 -1.7924883960075555 -14.234201381207674
19.526922065854002 -1.6698181229708793 -13.973161436487434
19.761238073987116 -1.4937017136610131 -13.86320030824629
20.005401338512225 -1.3374377033061635 -13.687499021747257
20.24737283685602 -1.1772050994112402 -13.540858406109143
20.485315482269073 -1.0102842529791394 -13.37956463455617
20.735392461017522 -0.86275498993671529 -13.229057187018363
20.960158368451552 -0.67577246352433884 -13.065575767560548
21.227829357044833 -0.55391186952562066 -12.92014219776615
21.526083269453487 -0.4816139487425326 -12.789597254301736
21.801522289399529 -0.37389833476646062 -12.64739786150381
22.090099696340513 -0.28604762687550056 -12.513219039148762
22.374133687514256 -0.18781018226383117 -12.375012895285813
22.647623068840126 -0.095663748863861128 -12.228736094586468
22.976113578580421 0.0033262692618912099 -12.13659858170741
23.098879691689735 0.085769969084899006 -11.813022600548567
23.284839747571816 0.16660569812617565 -11.561349720807842
23.437953231705837 0.25601364905111113 -11.278897607752075
23.614246428872512 0.33665554410451598 -11.013130857054783
23.87789572647155 0.38316736472104113 -10.809058838982223
24.0961318429143 0.44697719175311057 -10.573252017266153
24.336226920051629 0.50264659477874729 -10.352620200890858
24.565743265755643 0.56218130416126277 -10.124686845769613
24.80074150539744 0.61971419834309072 -9.9004825999026771
25.032734529551419 0.67838927136247706 -9.6743434381869164
25.260032637791483 0.73883525462087363 -9.4451899205768086
