#fname degree numKnot L1 L2 L3 L4 MSE traceH AIC AIC0 GCV GCV2 cv_avr cv_stdev cv_error ts_avr ts_stdev ts_error sigma0 sigma_opt
BG_0002_ICA_R_d5_cp120_lmd1d0.000_lmd2d0.000_lmd3d0.000_lmd4d0.000 5 120 0 0 0 0 6.89615897819194e-005 120.000000000001 -107.368159147764 2241.78124438572 -0.0272855949865132 0.0146922434542779 0.569674635733077 1.0816245627698 1.15517962310248 0.0179658939013124 10.5739803224005 10.5748711291475 1 0.000102971836337464 
BG_0002_ICA_R_d5_cp121_lmd1d0.000_lmd2d0.000_lmd3d0.000_lmd4d0.000 5 121 0 0 0 0 5.5733336170926e-005 121 -145.085786275152 2247.77759338772 -0.0236835799405394 0.0132933642246878 0.561797431605729 1.20539860328019 1.27434941295877 0.579627820190773 8.18554379164524 8.19653869232271 1 9.61985068440199e-005 
BG_0002_ICA_R_d5_cp120_lmd1d0.000_lmd2d0.000_lmd3d0.000_lmd4d0.000 5 120 0 0 0 0.0001 7.13680433174012e-005 112.676437110305 -144.859411875011 2197.84053122872 -0.0375892808987643 0.0142761838299441 0.522660876551977 1.0448717281599 1.13869882313181 0.12443011062444 6.91687435605668 6.91694289881239 1 0.000102971836337464 
BG_0002_ICA_R_d5_cp121_lmd1d0.000_lmd2d0.000_lmd3d0.000_lmd4d0.000 5 121 0 0 0 0.0001 5.87905719575696e-005 113.596814349135 -180.733484648059 2203.35932327961 -0.0326626919522237 0.0130307190356167 0.5099804784265 1.14441501758485 1.23539620379114 0.393252620886924 6.63407584896839 6.63834470515952 1 9.61985068440199e-005 
BG_0002_ICA_R_d5_cp120_lmd1d0.000_lmd2d0.000_lmd3d0.000_lmd4d0.000 5 120 0 0 0 0.0002 7.53227350989168e-005 109.044522738872 -156.05096155279 2176.05013649506 -0.0468452998372534 0.014347342022865 0.503412010308731 1.02947117280199 1.13246849922495 0.426107113346676 6.77296441332312 6.77837923805701 1 0.000102971836337464 
BG_0002_ICA_R_d5_cp121_lmd1d0.000_lmd2d0.000_lmd3d0.000_lmd4d0.000 5 121 0 0 0 0.0002 6.37866679370946e-005 109.918476837704 -188.469373610096 2181.29067713351 -0.0410064049180171 0.0132724996025531 0.489763202595935 1.11242810844819 1.21377011246886 0.109367222059367 5.66640175047387 5.6665872938622 1 9.61985068440199e-005 
BG_0002_ICA_R_d5_cp120_lmd1d0.000_lmd2d0.000_lmd3d0.000_lmd4d0.001 5 120 0 0 0 0.0005 8.72793793904286e-005 102.35575862705 -164.135619899068 2135.92085185795 -0.0829968735029623 0.0148492500874326 0.478717232106741 0.998707782971565 1.11535070226257 0.350335222642203 5.85931725438805 5.86256491899918 1 0.000102971836337464 
BG_0002_ICA_R_d5_cp121_lmd1d0.000_lmd2d0.000_lmd3d0.000_lmd4d0.001 5 121 0 0 0 0.0005 7.82507544899257e-005 103.154318228005 -187.555886055985 2140.70971756321 -0.0729607120229045 0.0141252068035829 0.469034094969679 1.0543942418045 1.16963575700022 -0.419418405002901 5.24202467721979 5.27342730787207 1 9.61985068440199e-005 
BG_0002_ICA_R_d5_cp120_lmd1d0.000_lmd2d0.000_lmd3d0.000_lmd4d0.001 5 120 0 0 0 0.001 0.000102971836337464 96.336796808474 -158.188199406811 2099.81141206461 -0.215267259287577 0.0155886739153609 0.465523275640219 0.969090050313096 1.09499005605647 -0.374626919082881 5.43078000266832 5.45656599666935 1 0.000102971836337464 
BG_0002_ICA_R_d5_cp121_lmd1d0.000_lmd2d0.000_lmd3d0.000_lmd4d0.001 5 121 0 0 0 0.001 9.61985068440199e-005 97.0749848169307 -172.538575324139 2104.23867067641 -0.177802247205871 0.0151294167122922 0.461202316625536 1.00544020749089 1.12924832891192 -0.561610866386353 4.69852288788199 4.75289051607277 1 9.61985068440199e-005 
BG_0002_ICA_R_d5_cp120_lmd1d0.000_lmd2d0.000_lmd3d0.000_lmd4d0.002 5 120 0 0 0 0.002 0.000124965497818372 89.992388550833 -137.304058338377 2061.75103276933 0.512275074795244 0.0165872132425546 0.456451582633332 0.937459282912505 1.07146110233052 -0.523668945199262 4.9944529183792 5.0403823622512 1 0.000102971836337464 
BG_0002_ICA_R_d5_cp121_lmd1d0.000_lmd2d0.000_lmd3d0.000_lmd4d0.002 5 121 0 0 0 0.002 0.000120014737606271 90.6721928146106 -142.62495604613 2065.82849194218 0.759049507525164 0.0163149514171396 0.455436387404049 0.959644062278856 1.09140743962531 -0.48727160964353 4.66747903308787 4.71149232953507 1 9.61985068440199e-005 
BG_0002_ICA_R_d5_cp120_lmd1d0.000_lmd2d0.000_lmd3d0.000_lmd4d0.005 5 120 0 0 0 0.005 0.000164360063073921 81.6396125499301 -81.8297061879487 2011.64524966393 0.113843956277969 0.0182053685634618 0.450062132985836 0.895800846148829 1.03842631977035 0.460844902057214 4.07936492184531 4.09079733717491 1 0.000102971836337464 
BG_0002_ICA_R_d5_cp121_lmd1d0.000_lmd2d0.000_lmd3d0.000_lmd4d0.005 5 121 0 0 0 0.005 0.000160563832291213 82.2494956580733 -76.8230532893801 2015.30350055309 0.119559643093182 0.018050536018868 0.450287802886248 0.907083799161273 1.04806205758329 0.513540724926444 4.33688353830403 4.35166064254964 1 9.61985068440199e-005 
BG_0002_ICA_R_d5_cp120_lmd1d0.000_lmd2d0.000_lmd3d0.000_lmd4d0.010 5 120 0 0 0 0.01 0.000202706013772192 75.5702775879161 -15.4653561144704 1975.23982337424 0.0797243373374201 0.0196056061373187 0.446745890579597 0.865839425314007 1.01441735774759 0.229169176628199 4.99592679943946 4.99647401756256 1 0.000102971836337464 
BG_0002_ICA_R_d5_cp121_lmd1d0.000_lmd2d0.000_lmd3d0.000_lmd4d0.010 5 121 0 0 0 0.01 0.000198829462929794 76.1328635464312 -3.73617251977134 1978.61426919729 0.0817578835554346 0.019471887938372 0.447280259143485 0.872776974787242 1.0200684869033 0.320601735536695 4.12811301563808 4.13142435054195 1 9.61985068440199e-005 
BG_0002_ICA_R_d5_cp120_lmd1d0.000_lmd2d0.000_lmd3d0.000_lmd4d0.020 5 120 0 0 0 0.02 0.000250661803623438 69.8125159250675 78.5261137231987 1940.70648919514 0.0656483551035257 0.0211929231292572 0.443861737357804 0.836028773658334 0.990639152255192 0.313557060066674 4.06288470789121 4.06596873988852 1 0.000102971836337464 
BG_0002_ICA_R_d5_cp121_lmd1d0.000_lmd2d0.000_lmd3d0.000_lmd4d0.020 5 121 0 0 0 0.02 0.000246022391534241 70.3309393188621 96.8519751261301 1943.81574908017 0.0665939935200984 0.0210488045475669 0.444421451917084 0.840664390105101 0.994255423553068 0.285941428183713 4.04823867641287 4.05034858543542 1 9.61985068440199e-005 
BG_0002_ICA_R_d5_cp120_lmd1d0.000_lmd2d0.000_lmd3d0.000_lmd4d0.050 5 120 0 0 0 0.05 0.000336448337774957 62.7424396001606 266.043124774732 1898.30970832913 0.0576778297244401 0.0237390775323117 0.439722016016339 0.794302120900717 0.957995193799672 -0.0281402265438791 3.12267500802413 3.12805391798834 1 0.000102971836337464 
BG_0002_ICA_R_d5_cp121_lmd1d0.000_lmd2d0.000_lmd3d0.000_lmd4d0.050 5 121 0 0 0 0.05 0.000330089428767679 63.2062675936731 295.29794079045 1901.09092123132 0.0580504607582592 0.0235649247875253 0.440089143325827 0.79757448933928 0.960505536483607 0.0441469710305955 3.23963600157192 3.24153965396832 1 9.61985068440199e-005 
BG_0002_ICA_R_d5_cp120_lmd1d0.000_lmd2d0.000_lmd3d0.000_lmd4d0.100 5 120 0 0 0 0.1 0.000426152568170916 57.8192325566181 476.942127279217 1868.79522443546 0.0555633692845213 0.0261141065659393 0.435974237046408 0.759261548844681 0.931313856540716 -0.388694438958242 2.92699066523202 2.97709936672206 1 0.000102971836337464 
BG_0002_ICA_R_d5_cp121_lmd1d0.000_lmd2d0.000_lmd3d0.000_lmd4d0.100 5 121 0 0 0 0.1 0.000418030504471541 58.2449654848002 517.83900163793 1871.34738031497 0.0557254081478916 0.0259146211649272 0.436253815477813 0.762178718000065 0.93353216923386 -0.416399218845661 3.13756462749162 3.18921053909429 1 9.61985068440199e-005 
BG_0002_ICA_R_d5_cp120_lmd1d0.000_lmd2d0.000_lmd3d0.000_lmd4d0.200 5 120 0 0 0 0.2 0.000546774008268185 53.259360760537 772.889915693316 1841.46928517644 0.0555296550444747 0.0289743399387985 0.430557734613738 0.721088796354366 0.90371912681605 -0.116457923295796 2.70713835860017 2.72073678787993 1 0.000102971836337464 
BG_0002_ICA_R_d5_cp121_lmd1d0.000_lmd2d0.000_lmd3d0.000_lmd4d0.200 5 121 0 0 0 0.2 0.000536186603741418 53.6497419769651 829.265473221867 1843.80865035136 0.0555491626433052 0.0287428232277598 0.431049300291059 0.723857249651798 0.905634152790788 -0.153836070696249 2.63093669792465 2.64902726997833 1 9.61985068440199e-005 
BG_0002_ICA_R_d5_cp120_lmd1d0.000_lmd2d0.000_lmd3d0.000_lmd4d0.500 5 120 0 0 0 0.5 0.00077659495662392 47.7674093865263 1355.93753311249 1808.58100751412 0.0579619161644803 0.0336999072128737 0.419879813696713 0.667431638997589 0.868303836074822 -0.0609010680926577 2.14094442036887 2.15182542634655 1 0.000102971836337464 
BG_0002_ICA_R_d5_cp121_lmd1d0.000_lmd2d0.000_lmd3d0.000_lmd4d0.500 5 121 0 0 0 0.5 0.000760641585098993 48.1150253265714 1440.0336432988 1810.66230002385 0.05781785928679 0.033402842299394 0.420785558194758 0.670209877004048 0.869863511852202 -0.0646257599062333 2.19918248448041 2.21014413999357 1 9.61985068440199e-005 
BG_0002_ICA_R_d5_cp120_lmd1d0.000_lmd2d0.000_lmd3d0.000_lmd4d1.000 5 120 0 0 0 1 0.00102817812668638 43.9940161340317 2007.62675153839 1786.01008495409 0.0614506714690723 0.0381455671178047 0.409664309350655 0.625633215458408 0.843418957615463 -0.226202798906551 2.0900425133225 2.12456193623613 1 0.000102971836337464 
BG_0002_ICA_R_d5_cp121_lmd1d0.000_lmd2d0.000_lmd3d0.000_lmd4d1.000 5 121 0 0 0 1 0.00100561215910421 44.3124862815096 2120.0554970829 1787.91467763191 0.0611784409029069 0.0377764993850043 0.410627623474391 0.628632740433523 0.845002311898733 -0.20091957112467 2.04747082212837 2.07821422546127 1 9.61985068440199e-005 
BG_0002_ICA_R_d5_cp120_lmd1d0.000_lmd2d0.000_lmd3d0.000_lmd4d2.000 5 120 0 0 0 2 0.00137165687002121 40.5247182966008 2907.45234114936 1765.28909806267 0.0661929652810474 0.0434096714098046 0.400397495989385 0.582572278775691 0.818473059135945 0.0540954191508142 1.84728665989194 1.85005265083642 1 0.000102971836337464 
BG_0002_ICA_R_d5_cp121_lmd1d0.000_lmd2d0.000_lmd3d0.000_lmd4d2.000 5 121 0 0 0 2 0.00133995858626785 40.8168060987521 3058.34385076396 1767.03287614926 0.0657970060378979 0.0429584384278757 0.40119234955466 0.585850868483583 0.820253400486039 0.040108020039453 1.93101519636491 1.93444337454903 1 9.61985068440199e-005 
BG_0002_ICA_R_d5_cp120_lmd1d0.000_lmd2d0.000_lmd3d0.000_lmd4d5.000 5 120 0 0 0 5 0.00200160157370447 36.3678816249009 4570.98017241537 1740.52194277069 0.0739862553123096 0.0515291373490491 0.388755436270519 0.527877964816632 0.789103519875889 0.0811985809310831 1.81961580579713 1.82112089372394 1 0.000102971836337464 
BG_0002_ICA_R_d5_cp121_lmd1d0.000_lmd2d0.000_lmd3d0.000_lmd4d5.000 5 121 0 0 0 5 0.00195485305562973 36.6286099075747 4797.38835064762 1742.07340987574 0.0734614437778258 0.0509793036494983 0.389556424952207 0.531004227243794 0.790604658731091 0.0844957761523544 1.79460684297512 1.7960000207809 1 9.61985068440199e-005 
BG_0002_ICA_R_d5_cp120_lmd1d0.000_lmd2d0.000_lmd3d0.000_lmd4d10.000 5 120 0 0 0 10 0.00263257550284922 33.5210910927901 6245.12695937205 1723.61534838247 0.0807195968525752 0.0584017056078243 0.379841946020328 0.491908164523177 0.772359080896172 0.0512777996247921 1.54322792011224 1.54672461610995 1 0.000102971836337464 
BG_0002_ICA_R_d5_cp121_lmd1d0.000_lmd2d0.000_lmd3d0.000_lmd4d10.000 5 121 0 0 0 10 0.00257251712336805 33.7603034582196 6552.29835339759 1725.03404646231 0.0801212767107002 0.0577886974197853 0.380561633115205 0.494705461362835 0.773590226493526 0.0601982469889122 1.51733205482279 1.52030466898839 1 9.61985068440199e-005 
BG_0002_ICA_R_d5_cp120_lmd1d0.000_lmd2d0.000_lmd3d0.000_lmd4d20.000 5 120 0 0 0 20 0.00343116536002474 30.9086862645114 8369.94849920401 1708.16133021337 0.0882123084163865 0.0659632411283226 0.371257198498416 0.461785076393853 0.760333938895764 0.0508372292681322 1.39420734293166 1.3981096252748 1 0.000102971836337464 
BG_0002_ICA_R_d5_cp121_lmd1d0.000_lmd2d0.000_lmd3d0.000_lmd4d20.000 5 121 0 0 0 20 0.00335341832631998 31.1280970187646 8776.96329946221 1709.45633655759 0.0875215126703409 0.0652700570769225 0.372055181193457 0.46404582267254 0.76107646132709 0.0619189295892838 1.38024015625157 1.38339024010728 1 9.61985068440199e-005 
BG_0002_ICA_R_d5_cp120_lmd1d0.000_lmd2d0.000_lmd3d0.000_lmd4d50.000 5 120 0 0 0 50 0.00489922176633185 27.7833559090317 12286.0935000955 1689.81453164864 0.100277562930167 0.0778290504157676 0.357215381849818 0.433730199971492 0.755079393407599 0.084932976122982 1.14553934701395 1.14769381654185 1 0.000102971836337464 
BG_0002_ICA_R_d5_cp121_lmd1d0.000_lmd2d0.000_lmd3d0.000_lmd4d50.000 5 121 0 0 0 50 0.0047821059459126 27.9790317096963 12857.0699830291 1690.95626248619 0.0993745524455818 0.0769538371876895 0.358257553068502 0.43509657653045 0.755013132626776 0.078293325728697 1.14835044681301 1.15092438425396 1 9.61985068440199e-005 
BG_0002_ICA_R_d5_cp120_lmd1d0.000_lmd2d0.000_lmd3d0.000_lmd4d100.000 5 120 0 0 0 100 0.00649589817404102 25.6451167236974 16552.9069673738 1677.42577922516 0.111746657609382 0.0888531071391654 0.344906719135726 0.421604275052868 0.758379951438822 0.116061861986232 1.02761303242605 1.02835895808414 1 0.000102971836337464 
BG_0002_ICA_R_d5_cp121_lmd1d0.000_lmd2d0.000_lmd3d0.000_lmd4d100.000 5 121 0 0 0 100 0.00633654752491932 25.8245453521604 17303.9407257924 1678.45837021678 0.110666771873496 0.0878194539921533 0.345972067507562 0.422387397263422 0.757930779861894 0.115243940019498 1.04337053502013 1.04413620101588 1 9.61985068440199e-005 
BG_0002_ICA_R_d5_cp120_lmd1d0.000_lmd2d0.000_lmd3d0.000_lmd4d200.000 5 120 0 0 0 200 0.00858105126182489 23.6839195585492 22130.0684924453 1666.2340984865 0.124748443130072 0.101329150257595 0.334286102428975 0.413341784236853 0.762721737492251 0.191788966409064 0.67445027453061 0.6754407714103 1 0.000102971836337464 
BG_0002_ICA_R_d5_cp121_lmd1d0.000_lmd2d0.000_lmd3d0.000_lmd4d200.000 5 121 0 0 0 200 0.00838057016328921 23.8484449729903 23156.5228419356 1667.16591818995 0.123580184961465 0.100203805303685 0.33507174515795 0.414076107853829 0.76246013001884 0.191027287797837 0.690271617774928 0.691199570635189 1 9.61985068440199e-005 
BG_0002_ICA_R_d5_cp120_lmd1d0.000_lmd2d0.000_lmd3d0.000_lmd4d500.000 5 120 0 0 0 500 0.0119652210612208 21.3384561849839 31186.7367794236 1653.09534910974 0.142418061138139 0.118551233724621 0.323878600429856 0.397521596038589 0.763129979987658 0.17828955595986 0.539681744865844 0.540174460068514 1 0.000102971836337464 
BG_0002_ICA_R_d5_cp121_lmd1d0.000_lmd2d0.000_lmd3d0.000_lmd4d500.000 5 121 0 0 0 500 0.0117216979794835 21.485164014065 32728.2640558156 1653.90838371367 0.141254597132764 0.11740625701238 0.324594976903618 0.398870505501965 0.76322265489411 0.183010201369436 0.544980735772223 0.545688670928912 1 9.61985068440199e-005 
BG_0002_ICA_R_d5_cp120_lmd1d0.000_lmd2d0.000_lmd3d0.000_lmd4d1000.000 5 120 0 0 0 1000 0.0149767698024664 19.734092627162 39249.0988440646 1644.30035521539 0.155798561895661 0.131803616308502 0.315057641231238 0.378443839658158 0.761008370199541 0.126858776198723 0.558385346862385 0.559105294408892 1 0.000102971836337464 
BG_0002_ICA_R_d5_cp121_lmd1d0.000_lmd2d0.000_lmd3d0.000_lmd4d1000.000 5 121 0 0 0 1000 0.0146940767195539 19.8686288467858 41246.5197910318 1645.02954924225 0.154609007064546 0.130622339879619 0.315876780958122 0.380318089170299 0.761232464886846 0.128914767333484 0.562848459006217 0.563462967700614 1 9.61985068440199e-005 
