#spline3d 5 121 5 121
-0.4998369606496138 -0.19923620815373921 0.19244581939357339
-0.24973086811047651 -0.099770031352024766 0.096484362941255841
3.3763603845231367e-005 -2.6954351758206821e-005 4.7134281566991822e-005
0.24965066458079319 0.099830894875152579 -0.096596814767273317
0.49912827031932028 0.19980760474999143 -0.19342849979401833
0.7491634592355817 0.29930425795110432 -0.28949714830439288
0.99824660134345555 0.39964358766105956 -0.38688563366892809
1.2473642773843057 0.4998964450414245 -0.48415361695254222
1.5021103614216089 0.59533379565212574 -0.57389871956189742
1.7349647335589584 0.70989363329553445 -0.6933990131104607
1.9631543155711677 0.82827036723071523 -0.8188929608078328
2.1961990648663372 0.94250069963403349 -0.93791363159749819
2.4270773289884948 1.0586162129521732 -1.0598410460503844
2.658438797608826 1.1742807420509609 -1.1811622960152475
2.8898797355027015 1.2899121909320586 -1.3023187301693857
3.1214345026029804 1.4054909814024004 -1.4231332859132546
3.3517048307236346 1.5217928089965516 -1.5468374657099611
3.5858709035447038 1.635917208667794 -1.6620377119366441
3.8134344197465349 1.7536260532714691 -1.7913441749285854
4.0422596780115523 1.8710274610781643 -1.9189544984916571
4.3146436661911141 1.963371361044387 -1.9497412672544829
4.5802688101818445 2.0590951757238658 -1.9942543613401156
4.8434799882670099 2.1564402542769399 -2.0447558184615939
5.1092764266521105 2.2522546537063852 -2.0893578107954571
5.3739103896368778 2.3487489554366578 -2.136529628600131
5.6387901250703258 2.4448967050605788 -2.1831510998688408
5.9038162836192738 2.54172222497301 -2.2295792832507932
6.1685482010921273 2.6372828392472192 -2.2763951430553369
6.4332977447285842 2.7329766741292074 -2.3231463624695232
6.6997588590036887 2.837011953889168 -2.3680209038543985
6.9597491978185566 2.9083534663833324 -2.4201911764054729
7.2332961380259739 3.0501564533915611 -2.4567237289478991
7.4959504749790069 3.1299962599728648 -2.5068664827115126
7.6946836365184543 2.8972840232279542 -2.6269972015709961
7.9087387688688011 2.7434421286300621 -2.7283425735104414
8.1251828254364202 2.5893703333084526 -2.8263824927927881
8.331132762444625 2.4363513591086048 -2.945220442136355
8.5586728976554216 2.2470332828289528 -3.0132404067318546
8.7553750789506939 2.1250837940829745 -3.1587530276270388
8.8985706097690986 2.123771484335546 -3.4338185008265669
9.0635578244209309 2.0732513343781602 -3.6553797695588113
9.224681485091585 2.0328314992395944 -3.887623073647442
9.3829373059455961 1.9952355057917608 -4.1242284666336504
9.5449148115821352 1.9535415133968201 -4.3549667883309455
9.7105638155958562 1.9099975036238526 -4.5800560464325883
9.8450271861888776 1.8877017677139472 -4.8504285525421054
10.069920372476954 1.8036626907740025 -4.993606585836285
10.334487243899552 1.6926784994069608 -5.0741535624801788
10.569806538931591 1.600756529907071 -5.1975963032699006
10.820208561966528 1.4964056907851147 -5.3024024947371347
11.052025544232304 1.4194736597868944 -5.4246202377315402
11.323355945348139 1.2738384018671398 -5.5061024329725976
11.545478559468128 1.2275037552588162 -5.6540084684372891
11.627401328983611 1.4038099935422459 -5.9162987313461617
11.728487528303825 1.5848950055789062 -6.1667202202079521
11.937649647340471 1.4674728713062244 -6.3181111066920481
12.159334079603969 1.2783954555987176 -6.4344423118985468
12.36279035756375 1.1847648140428841 -6.5804630445499779
12.569210245112354 0.98471589647213109 -6.706640512882676
12.789511460886045 0.90641706339352557 -6.8526868225831201
13.019943148767679 1.0472911951829831 -7.0175173778473887
13.24392221263586 1.107924540909675 -7.1732120981640008
13.470315915988248 1.1811721043672812 -7.3312084382423981
13.696382203919896 1.2596210951557081 -7.4890706671663381
13.920953848491768 1.3355317182123241 -7.6484643197497784
14.150655336083149 1.4045986169388689 -7.8016293636058682
14.37000437370896 1.4907523640061773 -7.9670509994434138
14.597492780644743 1.5656036844072987 -8.1254785341650955
14.873651099156143 1.5493489696493941 -8.2165695385706332
15.140044693703773 1.5480137587077483 -8.3186937896352546
15.405395783777658 1.5487566173742509 -8.4250811646355785
15.670837925633297 1.5589216790277833 -8.5244422926743884
15.940785302657243 1.5314887213974404 -8.6331223464500138
16.205096044837639 1.5609131289073064 -8.7315100507239496
16.444630708236126 1.7205171460688649 -8.8036786443605148
16.690825875836591 1.8357807970954034 -8.8843765260319891
16.937088742170172 1.9567044566648339 -8.9626773490773726
17.181708165271541 2.0822719793152134 -9.0447115775644473
17.427964262417863 2.2033459593240541 -9.1202057536785794
17.673835011431461 2.3253210094935817 -9.1940002215202021
17.914816973896766 2.4554231816030447 -9.3150418505152643
18.175128159090114 2.5569676321030426 -9.2700788354566352
18.438692497732422 2.6497194401443358 -9.1786417462259031
18.698034814332487 2.750075946062386 -9.1297518548891361
18.959469171144995 2.8471366286816746 -9.0626612348740228
19.220245976059516 2.9451123250839113 -8.9996275760066347
19.481062185932839 3.0431063954065696 -8.9370314082455753
19.742544570883943 3.139787280980527 -8.8737876277413772
20.001492908475292 3.2414616466034727 -8.8101002776185133
20.266187076141883 3.3317508823441355 -8.7482831599089437
20.524707402245866 3.4343801532926777 -8.6843233854475699
20.761449307609084 3.5798595696157394 -8.6129772991658289
21.00440325422074 3.7129580855857069 -8.5437778112030909
21.247231401819832 3.8466089484854633 -8.4744513844628848
21.488825674980951 3.982033120557094 -8.404900376159679
21.73143781572854 4.1162185748415814 -8.3354401179093891
21.974494332409559 4.2509234267266232 -8.2657835749822652
22.212176731223519 4.3856886829278867 -8.1974572538255117
22.466624759190438 4.5188408788121999 -8.1249936922931401
22.692070613745003 4.6578957162164984 -8.0594985539914852
22.92138697549052 4.7844553891597039 -7.9937990732778772
23.311327951157267 4.922136099721242 -7.8868310526992609
23.081595240812291 5.1032185995367341 -7.9337415723697182
22.798062547647511 5.2555984170185486 -7.998861582147434
22.577906669363372 5.4008459347555595 -8.0438667762125586
22.25032048685668 5.5749807604280743 -8.1143598446877192
22.543592163107679 5.7530630734250199 -8.0552864282178849
22.825055186269314 5.891483931035296 -7.9835458986014194
23.019131908919352 6.0597850737034973 -7.957977745757681
23.275599733903924 6.2226322261420135 -7.9112437559104549
23.472612095114023 6.2744427888495586 -7.697043797233702
23.674644511346685 6.3389385670487703 -7.5055827282164902
23.882391897213331 6.4124139855424467 -7.3258546327163465
24.085812232059659 6.4780529993501652 -7.1347944696033139
24.290958105263396 6.5470412475095809 -6.9488214798224828
24.495718938371766 6.6152780664104656 -6.7615633752187225
24.700389114401279 6.6834536318859845 -6.5742218793331952
24.905231609929007 6.7517608439726917 -6.387186776270835
25.110012105477391 6.8200116740574819 -6.2000207907597824
25.314738338119199 6.888211657858708 -6.0127663983895978
25.519358432528975 6.9563174559027345 -5.825349348486327
