#pt3d 362
75.95 -89.9 84.94
75.99861822952971 -90.06465373734062 85.00413793103448
76.05032514658248 -90.23746771085325 85.06827586206896
76.10820943868138 -90.41775554553284 85.13241379310345
76.17535979334946 -90.60483086637419 85.19655172413793
76.25486489810982 -90.79800729837223 85.26068965517241
76.34981344048546 -90.99659846652179 85.3248275862069
76.46329410799952 -91.1999179958178 85.38896551724137
76.59839558817498 -91.40727951125507 85.45310344827587
76.75820656853499 -91.61799663782853 85.51724137931035
76.94413793103448 -91.83270490795033 85.58137931034483
77.13655172413793 -92.06647915043668 85.64551724137931
77.32896551724137 -92.31947189306655 85.70965517241379
77.52137931034483 -92.58619213579894 85.77379310344828
77.71379310344827 -92.86114887859281 85.83793103448276
77.90620689655172 -93.1388511214072 85.90206896551724
78.09862068965516 -93.41380786420108 85.96620689655172
78.29103448275862 -93.68052810693344 86.03034482758622
78.48344827586206 -93.93352084956334 86.0944827586207
78.67586206896551 -94.16729509204967 86.15862068965518
78.86827586206896 -94.37768174176882 86.21411537988439
79.06068965517241 -94.56666365984665 86.23478289392759
79.25310344827585 -94.7358169666653 86.2225044077248
79.4455172413793 -94.88651441223502 86.18139817130674
79.63793103448275 -95.02012874656607 86.11558243470418
79.8303448275862 -95.1380327196687 86.02917544794785
80.02275862068964 -95.24159908155316 85.92629546106852
80.2151724137931 -95.33220058222969 85.81106072409693
80.40758620689654 -95.41120997170856 85.68758948706383
80.6 -95.48 85.56
80.57109804817053 -95.4831168249352 85.43566395663957
80.54697691724432 -95.49246729974075 85.31132791327913
80.52826166154449 -95.50805142441669 85.1869918699187
80.51557733539404 -95.529869198963 85.06265582655826
80.50954899311601 -95.55792062337967 84.93831978319783
80.51080168903347 -95.59220569766674 84.8139837398374
80.51996047746947 -95.63272442182416 84.68964769647695
80.537650412747 -95.67947679585197 84.56531165311654
80.56449654918916 -95.73246281975015 84.4409756097561
80.60112544659007 -95.79168703461185 84.31663956639565
80.64967224550122 -95.863033858033 84.19230352303522
80.70955448902761 -95.94922994496652 84.06796747967479
80.77764690555398 -96.0465249694741 83.94363143631435
80.85082422346514 -96.1511686056175 83.81929539295392
80.92596117114584 -96.25941052745844 83.6949593495935
80.99993247698089 -96.36750040905864 83.57062330623306
81.06961286935498 -96.4716879244798 83.44628726287262
81.13187707665297 -96.5682227477837 83.3219512195122
81.1835998272596 -96.65335455303202 83.19761517615176
81.22168021680217 -96.72333502322662 83.07327913279133
81.25276422764227 -96.7764911678266 82.9489430894309
81.28384823848238 -96.81575083442289 82.82460704607045
81.3149322493225 -96.84448931635987 82.70027100271002
81.3460162601626 -96.86608190698206 82.57593495934958
81.3771002710027 -96.88390389963389 82.45159891598917
81.40818428184282 -96.90133058765977 82.32726287262874
81.43926829268293 -96.92173726440417 82.20292682926829
81.47035230352303 -96.94849922321156 82.07859078590785
81.50143631436315 -96.98499175742633 81.95425474254743
81.53252032520325 -97.03456523867638 81.82991869918699
81.56360433604337 -97.09550867438156 81.70558265582656
81.59468834688347 -97.16477377926327 81.58124661246613
81.62577235772358 -97.24198552072771 81.4569105691057
81.6568563685637 -97.32676886618104 81.33257452574524
81.6879403794038 -97.41874878302943 81.20823848238481
81.7190243902439 -97.51755023867908 81.08390243902438
81.75010840108402 -97.62279820053611 80.95956639566396
81.78119241192412 -97.73411763600673 80.83523035230351
81.81227642276423 -97.85113351249713 80.7108943089431
81.84323953522608 -97.97364842466912 80.58655826558265
81.86225422953818 -98.11806780325297 80.46222222222222
81.86326060200254 -98.2903901860185 80.33788617886178
81.84875886991135 -98.48365068193748 80.21355013550135
81.82124925055676 -98.69088439998168 80.08921409214092
81.78323196123097 -98.9051264491229 79.96487804878049
81.73720721922619 -99.1194119383329 79.84054200542005
81.68567524183455 -99.32677597658345 79.71620596205963
81.63113624634825 -99.52025367284635 79.59186991869919
81.57609045005951 -99.69288013609335 79.46753387533875
81.52290449055052 -99.8375193028801 79.34319783197832
81.46465123873263 -99.93966888552485 79.21886178861789
81.39671809158756 -100.00176672475162 79.09452574525746
81.31973010343837 -100.0355995592235 78.97018970189701
81.23431232860811 -100.05295412760364 78.84585365853658
81.14108982141983 -100.06561716855524 78.72151761517615
81.04068763619655 -100.08537542074139 78.59718157181572
80.93373082726134 -100.12401562282527 78.4728455284553
80.82084444893724 -100.19332451347 78.34850948509484
80.70265355554729 -100.30508883133876 78.22417344173442
80.57886585124031 -100.47024390243902 78.09983739837399
80.40940056615186 -100.65674796747967 77.97550135501355
80.18474467367452 -100.84325203252033 77.85116531165312
79.92177464053047 -101.02975609756098 77.72682926829269
79.63736693344194 -101.21626016260163 77.60249322493226
79.34839801913122 -101.40276422764228 77.4781571815718
79.07174436432051 -101.58926829268293 77.35382113821137
78.82428243573202 -101.77577235772358 77.22948509485094
78.62288870008801 -101.96227642276422 77.10514905149053
78.4844396241107 -102.14878048780487 76.98081300813007
78.42411924119241 -102.33528455284552 76.8560391935189
78.39303523035231 -102.52178861788617 76.71661235725466
78.3619512195122 -102.70829268292682 76.56117061563238
78.33086720867209 -102.89479674796748 76.39721462052863
78.29978319783199 -103.08130081300813 76.23224502381994
78.26869918699188 -103.26780487804878 76.07376247738286
78.23761517615176 -103.45430894308943 75.92926763309391
78.20653116531166 -103.64081300813008 75.8062611428297
78.17544715447156 -103.82731707317073 75.71224365846672
78.14436314363144 -104.01382113821138 75.65471583188156
78.11327913279133 -104.19945726214557 75.6411530427802
78.08219512195123 -104.3602916382525 75.67463385615414
78.05111111111111 -104.4882853223594 75.74886145404665
78.02002710027101 -104.58718864040455 75.85633518458113
77.9889430894309 -104.66075191832624 75.98955439588106
77.95785907859079 -104.71272548206272 76.1410184360699
77.92677506775068 -104.74685965755229 76.30322665327107
77.89569105691058 -104.7669047707332 76.46867839560807
77.86460704607046 -104.77661114754375 76.62987301120432
77.83352303523036 -104.77972911392219 76.77930984818326
77.8026234384295 -104.77879156328743 76.91024390243902
77.7761725457363 -104.75068573007589 77.03457994579945
77.75595530291346 -104.69190155495487 77.1589159891599
77.74197170996099 -104.611189798447 77.28325203252032
77.73422176687892 -104.51730122107492 77.40758807588075
77.73270547366721 -104.41898658336127 77.5319241192412
77.73742283032587 -104.3249966458287 77.65626016260163
77.74837383685491 -104.24408216899984 77.78059620596208
77.76555849325432 -104.18499391339734 77.9049322493225
77.7889767995241 -104.15648263954381 78.02926829268293
77.81896100819911 -104.16664262384478 78.15360433604337
77.86109738572874 -104.20765802800787 78.2779403794038
77.9152449422769 -104.26982391899404 78.40227642276423
77.9785909333899 -104.34688975357278 78.52661246612466
78.048322614614 -104.43260498851369 78.6509485094851
78.1216272414955 -104.52071908058628 78.77528455284553
78.19569206958072 -104.60498148656009 78.89962059620596
78.26770435441593 -104.67914166320469 79.02395663956638
78.33485135154743 -104.7369490672896 79.14829268292684
78.39432031652152 -104.77215315558438 79.27262872628727
78.44376859234745 -104.78 79.3969647696477
78.48862556181251 -104.78 79.52130081300812
78.53099920734546 -104.78 79.64563685636857
78.57057700178478 -104.78 79.769972899729
78.60704641796897 -104.78 79.89430894308944
78.64009492873649 -104.78 80.01864498644986
78.66941000692582 -104.78 80.14298102981029
78.69467912537542 -104.78 80.26731707317073
78.71558975692379 -104.78 80.39165311653117
78.73182937440941 -104.78 80.51598915989159
78.74207747607252 -104.78 80.64032520325203
78.73379189172188 -104.78 80.76466124661246
78.707193905042 -104.78 80.88899728997289
78.66728395061727 -104.78 81.01333333333332
78.61906246303205 -104.78 81.13766937669378
78.56752987687067 -104.78 81.26200542005421
78.51768662671753 -104.78 81.38634146341462
78.474533147157 -104.78 81.51067750677507
78.44306987277344 -104.78 81.63501355013551
78.42829723815117 -104.78 81.75934959349594
78.43433005776606 -104.78 81.88368563685637
78.45353697112127 -104.78 82.0080216802168
78.48121590455776 -104.78 82.13235772357724
78.51517916794485 -104.78 82.25669376693767
78.55323907115194 -104.78 82.3810298102981
78.5932079240483 -104.78 82.50536585365853
78.63289803650332 -104.78 82.62970189701898
78.67012171838633 -104.78 82.75403794037939
78.70269127956664 -104.78 82.87837398373983
78.72841902991362 -104.78 83.00271002710026
78.745013681496 -104.78203728904357 83.12704607046071
78.75080696256099 -104.80545224707981 83.25138211382114
78.74800997002411 -104.85106508026422 83.37571815718157
78.73943544833911 -104.91387535401245 83.50005420054201
78.72789614195962 -104.98888263374008 83.62439024390244
78.71620479533942 -105.07108648486279 83.74872628726287
78.70717415293218 -105.1554864727962 83.8730623306233
78.70361695919159 -105.23708216295594 83.99739837398373
78.7083459585714 -105.31087312075766 84.12173441734419
78.72417389552528 -105.37185891161698 84.2460704607046
78.7538018998671 -105.41349815256366 84.37040650406503
78.79724605175576 -105.421832818974 84.49474254742546
78.85196145349134 -105.40266509517033 84.6190785907859
78.91532287691705 -105.36599585032138 84.74341463414633
78.98470509387609 -105.32182595359589 84.86775067750676
79.05748287621168 -105.28015627416258 84.99208672086722
79.13103099576702 -105.2509876811902 85.11642276422765
79.20272422438534 -105.24432104384744 85.24075880758807
79.26993733390981 -105.27015723130306 85.36509485094851
79.33004509618365 -105.33849711272578 85.48943089430895
79.3816588819441 -105.45376693766939 85.61376693766938
79.43233307234388 -105.57810298102982 85.73810298102981
79.482459917877 -105.70243902439024 85.86243902439026
79.53035177187121 -105.82677506775069 85.98677506775068
79.57432098765433 -105.95111111111112 86.11111111111111
79.61267991855411 -106.07544715447155 86.23544715447154
79.6437409178983 -106.19978319783198 86.35978319783197
79.66581633901474 -106.32411924119242 86.4841192411924
79.67721853523116 -106.44845528455285 86.60845528455285
79.67625985987536 -106.57279132791328 86.73279132791329
79.66045989136605 -106.69712737127371 86.8571273712737
79.6246071589211 -106.82146341463415 86.98146341463415
79.57153586921223 -106.94579945799458 87.10579945799458
79.50546513892002 -107.07013550135501 87.23013550135501
79.43061408472502 -107.19447154471544 87.35447154471545
79.3512018233078 -107.31880758807588 87.4788075880759
79.27144747134892 -107.44314363143631 87.60314363143632
79.19557014552895 -107.56747967479674 87.72747967479675
79.1277889625284 -107.69181571815719 87.85181571815718
79.07232303902786 -107.81615176151762 87.97615176151763
79.03075572031747 -107.94383424500515 88.10048780487806
78.98956890942651 -108.09422608950227 88.22482384823849
78.94735582691055 -108.26627522162492 88.34915989159893
78.90552284499643 -108.45498120678874 88.47349593495936
78.86547633591103 -108.65534361040935 88.59783197831979
78.8286226718812 -108.86236199790237 88.72216802168022
78.79636822513376 -109.07103593468351 88.84650406504066
78.7701193678956 -109.2763649861683 88.97084010840108
78.75128247239353 -109.47334871777245 89.09517615176152
78.74126391085446 -109.65698669491157 89.21951219512195
78.74 -109.82143654212103 89.3438482384824
78.74 -109.96120520259018 89.46818428184282
78.74 -110.08134377864367 89.59252032520325
78.74 -110.18810281351199 89.7168563685637
78.74 -110.28773285042556 89.84119241192413
78.74 -110.38648443261484 89.96552845528454
78.74 -110.4906081033103 90.08986449864499
78.74 -110.6063544057424 90.21420054200541
78.74 -110.73997388314156 90.33853658536586
78.74 -110.8977170787383 90.46287262872629
78.74 -111.08550547104265 90.58720867208672
78.74 -111.30295923710115 90.71154471544715
78.74 -111.54402992055469 90.83588075880759
78.74 -111.80246697817286 90.96021680216802
78.74 -112.0720198667252 91.08455284552846
78.74 -112.34643804298125 91.2088888888889
78.74 -112.61947096371055 91.33322493224932
78.74 -112.88486808568264 91.45756097560977
78.74 -113.13637886566707 91.5818970189702
78.74 -113.36775276043338 91.70623306233063
78.73522635846624 -113.5755570466168 91.83056910569107
78.70420046991636 -113.77026860607064 91.9549051490515
78.64560461771214 -113.95599289796067 92.07924119241193
78.56093893222891 -114.13548016130832 92.20357723577236
78.45170354384194 -114.31148063513498 92.3279132791328
78.31939858292657 -114.48674455846205 92.45224932249323
78.1655241798581 -114.66402217031093 92.57658536585366
77.99158046501184 -114.84606370970302 92.70092140921408
77.7990675687631 -115.03561941565974 92.82525745257453
77.58948562148719 -115.23543952720246 92.94959349593496
77.36573441471697 -115.44980036294909 93.07392953929539
77.13478433021932 -115.68453857798542 93.19826558265584
76.89787426828462 -115.93551469073286 93.32260162601627
76.65556677780363 -116.19766576117476 93.4469376693767
76.40842440766708 -116.46592884929444 93.57127371273714
76.1570097067657 -116.73524101507523 93.69560975609755
75.90188522399026 -117.00053931850046 93.81994579945798
75.6436135082315 -117.25676081955346 93.94428184281843
75.38275710838012 -117.49884257821758 94.06861788617887
75.11987857332689 -117.72172165447611 94.19295392953929
74.85368850903409 -117.92294264656685 94.31728997289973
74.57852411805894 -118.11020040658467 94.44162601626016
74.29609220357638 -118.28571305800529 94.56596205962059
74.0088304774463 -118.4508869730555 94.69029810298102
73.71917665152857 -118.60712852396222 94.81463414634148
73.42956843768303 -118.75584408295224 94.9389701897019
73.14244354776962 -118.89844002225247 95.06330623306232
72.86023969364817 -119.0363227140897 95.18764227642276
72.58539458717858 -119.17089853069086 95.31197831978321
72.32034594022073 -119.30357384428274 95.43631436314364
72.0767101195303 -119.43558443994117 95.56065040650407
71.88214276240691 -119.56604752237254 95.68498644986451
71.72763294071069 -119.69264624868508 95.80932249322494
71.60117961143919 -119.81303666516736 95.93365853658537
71.49078173158992 -119.92487481810798 96.0579945799458
71.38443825816039 -120.0258167537955 96.18233062330624
71.27014814814815 -120.1135185185185 96.30666666666667
71.13591035855072 -120.18563615856559 96.43100271002709
70.96972384636561 -120.23982572022531 96.55533875338753
70.75958756859035 -120.27374324978626 96.67967479674797
70.5048201616995 -120.28141672645394 96.8040108401084
70.23590185254234 -120.25382568414761 96.92834688346883
69.95775687277568 -120.19776933010259 97.05268292682928
69.67295687447141 -120.12106084335691 97.1770189701897
69.38407350970154 -120.0315134029487 97.30135501355014
69.09367843053802 -119.93694018791598 97.42569105691057
68.80434328905281 -119.84515437729686 97.550027100271
68.51863973731787 -119.7639691501294 97.67436314363142
68.23913942740515 -119.70119768545163 97.79869918699187
67.96841401138661 -119.66465316230168 97.9230352303523
67.70502303794713 -119.65428119985515 98.04737127371273
67.43974637628588 -119.65086505806164 98.17170731707317
67.17388327369608 -119.65175672308912 98.2960433604336
66.90944283335894 -119.6555810754269 98.42037940379403
66.64843415845563 -119.66096299556426 98.54471544715447
66.39286635216742 -119.6665273639905 98.66905149051492
66.14474851767551 -119.67089906119493 98.79338753387535
65.9060897581611 -119.67270296766686 98.91772357723576
65.67889917680546 -119.67056396389557 99.0420596205962
65.46518587678976 -119.66310693037038 99.16639566395665
65.26812713106308 -119.6497771651601 99.29073170731708
65.08991907555476 -119.63212716517702 99.41506775067751
64.92704174432113 -119.61043796279827 99.53940379403795
64.77574481142392 -119.58489707432072 99.66373983739838
64.63227795092487 -119.55569201604133 99.78807588075881
64.49289083688568 -119.52301030425701 99.91241192411924
64.35383314336812 -119.48703945526466 100.03674796747967
64.21135454443387 -119.44796698536119 100.1610840108401
64.0617047141447 -119.40598041084354 100.28542005420054
63.90113332656229 -119.36126724800859 100.40975609756099
63.728081330627866 -119.2999436907237 100.5340921409214
63.54692698180571 -119.19451223044997 100.65842818428185
63.35971636339405 -119.05512511641079 100.78276422764228
63.16832463836202 -118.89350211716327 100.9071002710027
62.974626969678745 -118.7213630012645 101.03143631436315
62.78049852031338 -118.55042753727162 101.15577235772358
62.58781445323505 -118.39241549374168 101.28010840108401
62.3984499314129 -118.25904663923183 101.40444444444447
62.214280117816045 -118.16204074229915 101.5287804878049
62.03718017541365 -118.11311757150078 101.65311653116532
61.878140503895075 -118.10752777857446 101.77745257452575
61.75376549927176 -118.11419016721179 101.90178861788618
61.65701113838301 -118.13065070469686 102.02612466124663
61.58006424219079 -118.15560719452333 102.15046070460706
61.515111631657 -118.18775744018485 102.27479674796747
61.45434012774359 -118.22579924517508 102.39913279132792
61.38993655141248 -118.26843041298767 102.52346883468836
61.314087723625605 -118.31434874711627 102.64780487804877
61.218980465344885 -118.36225205105454 102.77214092140922
61.09680159753226 -118.41083812829615 102.89647696476965
60.92986754202924 -118.45342256891846 103.04406883458087
60.703554806628134 -118.48235988012323 103.25294564387539
60.43281253421054 -118.50397673529235 103.50946172860205
60.13326708285259 -118.52494038053827 103.79861578500775
59.820544810630444 -118.55191806197352 104.10540650933937
59.510272075620236 -118.59157702571054 104.41483259784384
59.218075235898105 -118.65058451786184 104.71189274676806
58.959580649540186 -118.7356077845399 104.98158565235892
58.750414674622625 -118.85331407185724 105.20891001086332
58.60620366922157 -119.01037062592629 105.3788645185282
58.51405784328846 -119.19626016260163 105.50417344173442
58.42914542343256 -119.38276422764228 105.62850948509485
58.35046665344702 -119.56926829268293 105.7528455284553
58.27802153333187 -119.75577235772359 105.87718157181573
58.211810063087086 -119.94227642276424 106.00151761517616
58.15183224271267 -120.12878048780489 106.12585365853658
58.09808807220864 -120.31528455284554 106.25018970189703
58.050577551574975 -120.50178861788619 106.37452574525746
58.009300680811684 -120.68829268292683 106.49886178861789
57.974257459918775 -120.87479674796748 106.62319783197832
57.94311653116531 -121.06130081300815 106.74753387533876
57.9120325203252 -121.24780487804878 106.87186991869919
57.880948509485094 -121.43430894308945 106.99620596205962
57.84986449864498 -121.62081300813009 107.12054200542005
57.81878048780487 -121.80731707317075 107.24487804878049
57.78769647696477 -121.99382113821139 107.36921409214092
57.75661246612466 -122.18032520325204 107.49355013550135
57.72552845528455 -122.36682926829269 107.61788617886178
57.694444444444436 -122.55333333333334 107.74222222222222
57.66336043360433 -122.739837398374 107.86655826558265
57.63227642276422 -122.94829945038165 107.99089430894308
57.60119241192412 -123.20568044470605 108.11523035230351
57.570108401084006 -123.50232160786172 108.23956639566396
57.539024390243895 -123.82822207067996 108.36390243902439