#spline3d 5 121 5 121
-0.82840448748186291 1.1596263883056943 -0.24245198139536475
-0.3924227386633769 0.59649836436910886 -0.18625750091260743
0.0063151170767909767 0.0048448308423046562 -0.019010692721016846
0.37786939206758519 -0.60767865848859315 0.23019345851800446
0.77509516513305343 -1.2007620900423983 0.40200228193323695
1.1405850177572137 -1.8172332445723651 0.66927082708456054
1.5518050963732779 -2.4021373639071935 0.80180682573650586
1.8961472187698718 -3.0253852876862672 1.1181387244162138
2.317310266478914 -3.6384825857413019 1.2843465920624115
2.8938267437596896 -3.9417972260073637 0.60358608490530719
3.3686240039525792 -4.4698851578822492 0.54980639150941168
3.905879661630093 -4.7846863885547721 -0.08101469751283713
4.4031462642581403 -5.3758639438243199 0.0082621886271232667
4.9599926836265631 -5.8415897032863775 -0.22724210817050303
5.5086656464649728 -6.2078009964570278 -0.53019877250100456
6.1311549660477862 -6.6581893370644147 -0.7632105086851031
6.2269236628348246 -7.1475074472658697 -1.3712283217353114
6.9167068367386308 -7.5988891655468143 -1.7083641645807104
6.7413309155710284 -8.1097987997697789 -2.2961122604037394
6.6007684285016506 -8.6241803284676912 -2.81085024009018
6.4293007080219891 -9.1530226284430398 -3.3158310804941351
6.6032940484237255 -9.3806409694087343 -4.1014374414070192
6.4300120104350675 -9.8038977846471766 -4.6661601877267742
5.8629050702577707 -10.175236471100506 -5.1286572142818585
5.6013257235616347 -10.587122714655175 -5.6320489960668265
5.1213786037781928 -10.924321663701312 -6.2110842797031136
4.6973368366440802 -11.525043587955983 -6.3072228760191349
4.1362741843291442 -11.821928599525478 -6.9747370175489465
3.810154408843522 -12.545555854801174 -6.8436517577361693
3.7671219309997803 -13.155373484270068 -6.441344709053519
3.2283441983751109 -13.995803712896182 -6.4688351888807043
3.6945536751575205 -14.314924755816373 -5.7799475371809903
3.8376960448806154 -14.981639567493566 -5.353582071984551
4.132279025109991 -15.354208042677376 -4.7908694008209336
4.6357567038911922 -14.629365102002563 -4.2600002465927451
5.0642988039916581 -14.67682232009231 -3.6918831536262267
5.1782750276535472 -13.910972884627125 -3.1681990033372505
5.4718992116818415 -13.788633695845601 -2.5099873266140911
5.6675483186002396 -13.548094507701411 -1.8142681812670103
6.0214197001484075 -13.178082750046528 -1.2187780293670507
5.7856304415706532 -13.482702645089873 -0.34764357402917956
5.9820177516408597 -13.150468301044489 0.26798125040963994
6.4716091403138964 -12.890938171196279 0.89064615620731857
6.5426174645794726 -12.518019770003109 1.4990192411480279
6.2828847457252879 -11.900692512212469 1.9289547150164192
6.0097373574359914 -11.271657338522202 2.5105717516244814
7.1626361944313368 -11.619243769169822 2.9740652112975319
6.4610642824401614 -11.16145015576422 3.7522309550800919
6.4044840639922196 -11.054098028295073 4.3651708601900161
6.0493982130357491 -10.769906829323407 5.135257378207192
6.8339061660059652 -10.543469070025498 5.4967954160570667
7.2918816465242369 -9.9371241547106521 6.3689503255873241
6.7265752130178544 -11.243952178421798 5.9051797031689697
6.634304884730204 -11.623958811243838 6.1881287219763861
6.2228390397577114 -12.524906802009248 5.816184480382109
6.1395967613316262 -13.064197488767611 6.2484534383311239
6.0244493421286851 -13.683004736709639 6.7247085991872346
5.9770200782503906 -14.240270458980866 7.1983087646489459
5.8097125569230101 -14.874450738765834 7.574621166418182
5.3443064705777532 -15.538824217678647 7.5655760432061818
5.1453907462229029 -16.191612638125392 7.8441132344026308
4.6691688520603654 -16.826180300799031 7.8961677027736146
4.5549851488338247 -17.517980530818729 8.1725368716609683
4.4462473258640935 -18.213100263564179 8.4035689143567502
4.3112176972511422 -18.912495617388881 8.6645415251147693
4.1787275218760129 -19.589043288135077 8.873571576371047
4.0800502469201492 -20.313239831838665 9.1974123754704102
3.8939482607515319 -20.957455137481588 9.2651405077186268
3.8214801077330613 -21.834740959827876 8.8012416758337011
3.5544314671840445 -22.332661072943967 9.2877456300814458
3.1396747699103056 -22.682699208854253 9.8646699052369851
2.9466292640328686 -23.157268408972111 10.415823253977932
2.4186110268620462 -23.577020607012898 10.760619344892854
1.9629226924469045 -24.135257166671057 11.024710090573826
1.4372203605608203 -24.497789881429089 11.354623780132675
1.069139675912512 -25.197463157221414 11.680893518792759
0.29860774103143889 -25.18535630410884 11.90794305053895
-0.39467159669998891 -25.345355555783691 12.113373029041373
-1.0796235234807048 -25.431761192627292 12.37519443352689
-1.8303903430152773 -25.55874370070903 12.512329734797893
-2.4819157788577164 -25.557338393257893 12.805668812145676
-3.3045473921514197 -25.831756634867805 12.844048562543056
-3.8127632561511167 -25.556580864333657 13.35510442087347
-4.2760136245832721 -25.26453091810389 13.878631702680458
-4.800080476194772 -25.040568579309149 14.351270510495182
-5.5024448358894729 -24.883773907162016 14.625211439618992
-6.080627847515693 -24.683412763584965 15.037113609649088
-6.7819492410867337 -24.530130599905757 15.307146606969818
-7.2883602871016162 -24.292235539572381 15.811803910707892
-7.8498285565387471 -24.09021920256669 16.256523813799976
-8.3879466581594659 -23.833127232078819 16.71108358403113
-8.9305528587445391 -23.746103002675913 17.221166344330573
-9.4194631404731588 -23.594626869099844 17.76681029287229
-10.018143018470361 -23.471098981988959 18.203463086237139
-10.627358193428529 -23.379291653800891 18.609599798030771
-11.219457192398526 -23.163714579442541 19.057838483556896
-11.84489675733484 -23.408805821785503 19.435875997382237
-12.483835165636686 -23.378499951786665 19.850904862049678
-13.066352351643415 -23.604866672795229 20.242409205898614
-13.76237354112603 -23.498151709204265 20.653287699359645
-14.265442180635885 -23.675596001698715 21.051029927222451
-15.110809362299962 -23.347071100835169 21.462356013650101
-15.385262480394886 -23.905919832218355 21.86679611656831
-15.41592716551037 -24.667347233701587 22.203971749588359
-15.728180888349218 -25.152586186170335 22.632425785695965
-15.803774586767137 -25.968431811756904 22.857309262253015
-15.871567355462863 -26.005057536615332 23.806631796760477
-15.740314079406263 -26.565219529402629 24.278545598266565
-15.420561071948859 -27.182514764729319 24.495973045879083
-14.980449619562187 -27.849318508027842 24.784973066795356
-14.851465561433207 -28.410141417744818 25.10650358535327
-15.322709925934209 -28.488874233247223 25.856501251371128
-15.966023261418878 -28.733708474591648 26.461612104431769
-15.504754269295859 -29.126876456319057 26.958274717771985
-15.116776860005817 -29.608151628809875 27.303787639149188
-14.338972860497254 -30.017091129952334 27.772331959259994
-14.989808249281827 -30.482237762790568 28.208446044968856
-15.40465990284109 -30.869620063391999 28.658858494631502
-15.767425685642376 -31.328325274166247 29.096539575067567
-16.317856555429707 -31.708156564307121 29.549146982244874
-17.123761609161875 -31.979822131424953 30.020606931504062
