#spline3d 5 121 5 121
0.28463972593222425 -0.11381390748937793 5.6894069089501272e-006
0.14230023056428009 -0.056956571162262846 1.4426246895825506e-006
-2.3801931246265199e-006 -5.9929194241757407e-006 -1.6390938131751167e-007
-0.14229687709026728 0.056965032301102968 -1.1315463128222919e-006
-0.28463741279598936 0.11382478023008955 4.2999650532254815e-006
-0.42692517194157581 0.17080308845361641 -1.3742136658839781e-005
-0.56925217177226051 0.22772326772673721 4.0274495261454976e-005
-0.71157412485551763 0.28454697528127398 -0.00010739667498231449
-0.85383545265344418 0.34179334453412352 0.00026077257275437793
-0.99628249670941649 0.39796691124072364 -0.00057541055259715526
-1.1383086265027909 0.45639038935517184 0.001111503670085983
-1.2811439654506915 0.51093239547086755 -0.0016340956931002362
-1.4227688805515788 0.56977816608609189 0.00071818178616519189
-1.5650205605390783 0.6327651961777202 0.0072666940415565852
-1.7135878280075898 0.64025247063033608 -0.048647780676072325
-1.8590261539737549 0.66478514552808232 -0.084780435507859783
-2.0057089163820083 0.68511829923969347 -0.12599054979985425
-2.1519635124837162 0.70588136509283039 -0.16656924247037289
-2.2983370066511495 0.72698868103226677 -0.20683857446744813
-2.4446929188447175 0.74777001516095587 -0.24741048454000455
-2.5910430028774734 0.76874109580416183 -0.28781050081049692
-2.737409096959794 0.78960990762086258 -0.32827566172095263
-2.8837166971786719 0.8105823610531917 -0.36882156124891796
-3.0302107190134069 0.83133651344973825 -0.40896449993869405
-3.1761852560227211 0.85261428617410773 -0.45032348892544666
-3.3233269854732139 0.8726540545995185 -0.48902246555662582
-3.4681307468002225 0.89532963424353895 -0.53292569526700506
-3.6168699643261983 0.91345364596614875 -0.56798923663737821
-3.7620387645275351 0.93597499686406072 -0.6115673060766359
-3.8919497446252969 0.97481219083080306 -0.68673929890868468
-4.0282937759651984 1.0064739101994939 -0.7480204075708794
-4.1623825817646756 1.0407541244996987 -0.81436872466115984
-4.2971010337012929 1.0742491527628992 -0.87919812106715411
-4.4316945894426576 1.1079290299509663 -0.94438569769966041
-4.5662964201208007 1.1415800228184103 -1.0095169040413194
-4.7008953344277327 1.1752394307866301 -1.0746620381981946
-4.8355190181282737 1.2088741182043325 -1.1397668242749535
-4.9701242303836564 1.2425312975045275 -1.2048996888527046
-5.1047248599447403 1.2761753347208771 -1.2700431190716077
-5.2393341858626865 1.3098559306601061 -1.3351651443578199
-5.3739320066416454 1.3434429571898314 -1.4003251107929851
-5.5085472822340584 1.3772224972431775 -1.4654105648557254
-5.6431417811137612 1.4107048372529543 -1.530626536605282
-5.7777232941346499 1.4443281880258272 -1.5956990351555864
-5.912575556328008 1.479294987508339 -1.6604801432926
-6.0462457867524835 1.5065491928476553 -1.727570099861611
-6.1836760410325944 1.5623110011239192 -1.7857409135854374
-6.3109835063218478 1.532903677769371 -1.8711090074806545
-6.4376954481261883 1.50778995485312 -1.9543088810476017
-6.5658938778772447 1.4907455741382361 -2.0354364907334714
-6.6930976544340197 1.4669294555216128 -2.1184626633364783
-6.8208108676467596 1.4469016597538618 -2.2003760202255029
-6.9482891690493567 1.425148496295193 -2.2828797841374624
-7.0758728432707336 1.4040318502806111 -2.3649732263406689
-7.203443436951523 1.3828193251407663 -2.447635503820536
-7.3308429121118275 1.3612972884457559 -2.5290060185815126
-7.4588822723435495 1.3407982467456627 -2.6137081626417844
-7.5852296420848235 1.31756219902875 -2.6900169475353524
-7.7152206342192544 1.3010410580007876 -2.7859827937738313
-7.8390262495795708 1.2695667796861507 -2.840540457893193
-7.9688930610677584 1.2669290347538011 -2.9685940222263931
-8.1088292822732004 1.2244232255380068 -3.0142023421852553
-8.1655692451666173 1.1205028554494547 -2.8315537734585479
-8.2532305570431408 1.0518072675334356 -2.7622623280446499
-8.3312941005282344 0.96709216422331834 -2.6463419410168956
-8.4117522921549597 0.88863569632147377 -2.5469215527455682
-8.491713297385763 0.80829995410002264 -2.4430270524421123
-8.5719733677689653 0.72772818521824256 -2.3387522623427963
-8.6516905200092395 0.64880439577320381 -2.2377847947811325
-8.7317952855030061 0.56741845850174577 -2.1311113596303546
-8.8146653661602912 0.48595284525483895 -2.0280432097691419
-8.8801220864423325 0.42117237823013814 -1.9455404472425073
-9.0106275539209975 0.27964813011819001 -1.7452695916072607
-8.9584326201807727 0.37892573519312617 -1.9492581726999791
-8.9168397238473744 0.45022910652611953 -2.08912569144927
-8.8948372814945795 0.50390504315985041 -2.2094323469853001
-8.8567019644523501 0.57527013554456108 -2.3551267950167225
-8.8260190229682056 0.63703582942187476 -2.4853090789361345
-8.7968023796044488 0.70051390746279862 -2.6215185625159299
-8.7534568332963882 0.77133660243082081 -2.7596474500074004
-8.7486955998102314 0.81997272415114431 -2.8872937203309825
-8.6605195246422806 0.91572846985552525 -3.0348880806484191
-8.7099727264081981 0.93866180150981193 -3.1636150201449778
-8.8816190765458742 0.88214369260646674 -3.2353129372476555
-8.9749176033921536 0.87429327258882561 -3.3373850067321671
-9.1061152012551645 0.84348488715975212 -3.4264462514516851
-9.2213094805687739 0.82220334034416442 -3.5203636080117291
-9.3427064006583969 0.79729372796299258 -3.6125972382077012
-9.4618296794222942 0.77367175711881109 -3.7054546788005926
-9.5817210559817969 0.74963826683824142 -3.7980356193776776
-9.7012594535369292 0.72571324395939407 -3.8910359064878892
-9.8214678059384095 0.70179184119892113 -3.9826681977840024
-9.9396750574549664 0.67782162816585578 -4.0783812835768156
-10.063521921930059 0.65387027657441277 -4.1631875988715583
-10.173618005878952 0.63002522780446024 -4.2732425036298425
-10.311416083181722 0.60572384080438602 -4.3356996609546679
-10.461431633238755 0.58180135209489858 -4.3693712393249804
-10.602206313530527 0.55778730502383311 -4.422566740138385
-10.747808133621662 0.53376994032693736 -4.4660334713975507
-10.891248656578037 0.50975232343833277 -4.5137065402092524
-11.035563672182706 0.48573295706809561 -4.5597364109432199
-11.179581569599693 0.46174315683598183 -4.6062853866112112
-11.323630061999449 0.43772898535663268 -4.6527898284671307
-11.467852793573421 0.41362251728929827 -4.699165243650711
-11.611138317364134 0.39003516179303949 -4.7466795241478312
-11.757980122345099 0.36458034328259037 -4.7889804969468823
-11.894259338078724 0.34473464334168258 -4.8478045680677733
-12.057074518781876 0.31042636438407128 -4.8632848887505755
-12.164709483440676 0.307075844026375 -4.9733429517561465
-12.253524092695971 0.3119910973113949 -5.1038507880432213
-12.358573675946406 0.3089873655396802 -5.2122098006157236
-12.454301232031339 0.31043928274474314 -5.3337317701910401
-12.555507670958594 0.30982097377838075 -5.4484680356358091
-12.651382268416238 0.3100643928408236 -5.5673343317716721
-12.756439502815876 0.30997510088144498 -5.681714306359205
-12.843846265627882 0.3100050902417778 -5.8035330149098581
-12.959218429985778 0.30999610721973508 -5.9136300089620519
-13.056568015013031 0.30999832592104409 -6.0324847566050623
-12.998388329577647 0.30999830276658158 -6.2096836381125726
-13.023515698193634 0.30999710900471877 -6.3491988545549134
-13.307612152816546 0.30999257281278325 -6.3801841254179408
