#spline3d 5 121 5 121
1.3039058618702024 0.087696959994941232 -0.99153280421944512
0.5900977054498473 0.14198771003677993 -0.4235974198250323
-0.030116256112003217 0.05634208588147465 0.035158373996622423
-0.51375021792257813 -0.28698599862277241 0.33447827767392796
-1.0578919636976203 -0.5709866686677918 0.70671152230031598
-1.5398038513105856 -0.9338238664299171 0.99950767576565069
-1.976184397286481 -1.42711441861882 1.2700122692063978
-2.3905710923387011 -1.9302841696203785 1.475848009027783
-2.6215226577453321 -2.5839150907913058 1.5871350858187219
-3.1118138186425157 -3.0900345566228373 1.771315726265424
-3.5718209580867817 -3.4404808101585553 2.1184738672148877
-4.1734845656016377 -3.7120261932631227 2.4200265011751534
-4.2435300782258363 -4.4087981572568911 2.7760751193290321
-4.6595440144840401 -4.9661163779554425 2.9019891174697223
-4.5456058681899805 -5.6067986422555487 3.2246813007518851
-5.0873453362982968 -6.4720442053700937 2.9834087061517995
-5.3550533966175156 -5.7629234552620687 2.3246125920398666
-5.6032661633124654 -5.6570066283754787 1.8021343456062258
-5.6786564190865132 -5.3172187968203461 1.126895683725371
-5.8149929813925363 -5.3480176493471117 0.43333981481335554
-5.9092609392119897 -5.6784451415697283 -0.20730610388973808
-6.2322868688816895 -6.3914906044080189 -0.26221389721752453
-6.3907418012383213 -7.0134273114026895 -0.5145957070596221
-6.5839007327472325 -7.6240750061788916 -0.74731924049535092
-6.4160486997786546 -7.8413619190843891 -1.5566820601866165
-6.6171640421075528 -8.2121139483373309 -2.0577410738838893
-6.7441642224680871 -8.5670776901647603 -2.6669432615820421
-7.1250892096279665 -9.0952827594533012 -2.978101264040939
-7.1367601740214086 -9.6100329658138612 -3.4972210904694969
-7.109939723415982 -10.122548756808078 -3.9135288519925657
-6.807640945721869 -10.562796627012473 -4.425498473039946
-6.4243259905767545 -10.87366588664135 -4.8732806014760133
-5.9069729483462954 -11.091963360546057 -5.3143617847901501
-5.3855192075104057 -11.292913622827491 -5.6953928828864564
-4.8494074625982186 -11.519649202376977 -6.0864347650680228
-4.3290115194069925 -11.810632125308441 -6.4285859330674961
-3.8114969289653153 -12.12011424774186 -6.7637107568585053
-3.2797315484852669 -12.501498284824777 -7.0167255764399856
-2.6984482811841444 -12.829373505363428 -7.1581021351297673
-2.1209002992649024 -13.266551309931053 -7.1045514173947613
-1.544079736673438 -13.391930434804488 -6.6312359882708298
-1.2889784367255535 -13.664101988201097 -6.0829683208575291
-1.1174759851337845 -13.841247046926135 -5.3898810023063417
-1.2923530430933552 -14.18520592014492 -4.7875076643517769
-1.1742630545855524 -14.299126821543243 -4.1136720239202198
-1.0659995197532675 -14.348729737601879 -3.4064515951995045
-0.71875721256538394 -14.099249988377201 -2.842764328585679
-0.63336041949669775 -13.879180529435073 -2.17427631350541
-0.65019099868743935 -13.393034082575769 -1.6316775134417028
-1.2520294560740315 -13.22316086980384 -1.1820123881086702
-1.6078452090755944 -12.636274948576878 -0.91497111582790558
-1.9943651239494766 -12.277590515693536 -0.52610965539458798
-1.9490844228388384 -11.380320444399066 -0.41847093966909271
-1.7855211726216464 -11.151551060138898 0.24100950570651405
-1.7270531026753873 -10.916534775435663 0.85108446187367903
-1.6661369775426065 -11.23644315926396 1.6563417947384491
-2.2285789657988198 -11.101309084009683 2.1011003716217038
-2.6442552480366044 -11.168356530952112 2.5631205104049171
-3.3258188516103826 -11.135080541095629 3.1422895862501172
-2.8569966984965709 -11.477412725207763 3.7508579340814139
-2.8518624751513517 -11.783536296842968 4.337487552941564
-2.751318766110844 -12.246300898286739 4.8933196581289948
-3.0172252226245067 -12.725676021172356 5.3294433123860729
-3.1879731144608354 -13.316599190660714 5.6546136627571082
-3.3307811010566564 -13.980112765311489 5.8259161324659319
-3.391670834209668 -14.660717517487063 5.9043970778023604
-3.421106973525271 -15.355753816654873 5.9228967268363855
-3.4245959756741264 -16.042141103080329 5.9379422253518213
-3.4122028218429121 -16.738355008870116 5.9522677365094454
-3.4111562899638721 -17.418863555475181 6.0494539866654939
-3.4144907478263375 -18.097194469751514 6.2101182934119787
-3.4405573987622144 -18.726739611119317 6.4929777860482938
-3.4526073771114176 -19.346283518244288 6.8030827141759964
-3.4483833893876104 -19.947529585922787 7.1398714190086627
-3.4012798261900659 -20.565779185033666 7.4525289354475346
-3.3063291736564264 -21.192168171295055 7.7245309256185122
-3.1595321752754826 -21.830287585944113 7.9538219401663399
-2.9609294536942952 -22.461983383734811 8.1487607793509405
-2.7083591486993313 -23.086567643223621 8.3120804995393875
-2.3997763298707753 -23.689206103958551 8.4471885750724596
-2.0345016799988018 -24.267800524063105 8.5617456415919175
-1.6052997732068939 -24.801584864044024 8.6526498058438115
-1.1239379078017215 -25.292731178220148 8.736884252112139
-0.59798695101211308 -25.733579999157694 8.8196095199298661
-0.041465438958159295 -26.131808053230877 8.9237294821009616
0.53777365708492375 -26.486136013507078 9.0519978962090306
1.1297028385364261 -26.803596868789871 9.2196523318474597
1.7325047940805363 -27.079639052044527 9.4150616759367107
2.3397471930852101 -27.320898589815901 9.641053249144953
2.9508465647113553 -27.525603043216819 9.8925600165224647
3.5609616015331755 -27.693708162697888 10.170212293931405
4.1696896540768984 -27.830258222555535 10.468014801761607
4.7735199906270029 -27.929936054720155 10.790734276894934
5.3700647974406408 -27.996580243598103 11.13232167507006
5.9587084802823069 -28.031097919209557 11.494347013559947
6.5348429728795425 -28.025538889276412 11.876374619187807
7.0975597584865069 -27.98748140840323 12.275714340912161
7.6436207988715124 -27.911751107676324 12.693767321073457
8.1676585601430212 -27.795698484318848 13.129648418919224
8.667457328551059 -27.640353204186667 13.580909904178576
9.1379043720384789 -27.441475018926955 14.049224424539174
9.5708243980658256 -27.198892247798192 14.528304546662667
9.968104853313358 -26.913074901688155 15.021299114067535
10.304717414833995 -26.576747362717803 15.517741257510854
10.626236726400519 -26.21507471950682 16.020484232227126
10.95765259581918 -25.857482106235519 16.498055582557303
11.432306673308696 -25.581619218155954 16.948054448388152
11.977483423839439 -25.409954697274454 17.320722633195686
12.589578331692987 -25.377845718246597 17.669911544861908
13.187264764974669 -25.442198273080393 17.986502202161404
13.781659597304186 -25.624964915318298 18.336455567501002
14.315683257028407 -25.748358033473586 18.71945866919577
14.782449623501041 -25.667101681701077 19.275332717294994
15.155165528099769 -25.492877741917425 19.811832677272971
15.457542761876114 -25.324876181474913 20.434557758106791
15.966054941320069 -25.823417901095738 20.864662206333254
16.003104530618621 -25.867849928868569 21.584810941335064
16.269010798716657 -26.270569450368516 22.15955054901006
15.991431214367989 -25.829702474984728 22.952140513872319
16.270420075544564 -26.306165827542259 23.517405647272518
17.379785843724221 -28.044917505787907 23.778614386469599
