#spline3d 5 121 5 121
-0.94917215324061821 0.91910560742406577 -0.85091078298414291
-0.42071588541077731 0.4165925420981515 -0.57547431695179296
0.015313408443571253 -0.012230270021566779 -0.042609655913230286
0.38639534716540958 -0.38929663198799125 0.67130358207213037
0.84282695574622524 -0.83915839494894306 1.1551539146448697
1.1403073154331995 -1.1457987134735428 2.0529706971925941
1.8290483255721732 -1.8202611677425768 1.9725764321292072
2.3608950693191604 -2.3751715381280181 2.2229670850908536
3.0076153346633205 -2.9847090604382234 2.2578600005982663
3.5132602548730878 -3.5490012782656248 2.5734272922162749
4.2402594053848741 -4.181604276697322 2.3987190689594007
4.3973301161455343 -4.8259436692412851 2.0671167497699066
5.6074394858956254 -5.425040097441987 2.0806607305638942
4.795202757078969 -6.1228136105026421 1.4710230900037113
5.1738849978090471 -6.4851488122440886 0.83516302981492985
5.9175623340518984 -6.6222518287605743 0.1816375972886001
5.9978546931160581 -7.2118505892810658 -0.43835757526702335
6.1124121334860222 -7.8921299486846799 -0.94782571586957132
6.3557247741222831 -8.3720155682879671 -1.6241852502121421
6.5443948692278147 -8.7916592780514264 -2.2875269526222954
6.8846913745112968 -9.2950894192000533 -2.9867434418124796
6.8554570164411954 -9.7392750448901015 -3.5663258884977624
7.2901941382249804 -10.656146912994519 -4.1527450206536871
6.8519022144238875 -10.466630292414321 -4.876062699182965
6.7039158019416059 -9.7645618889526489 -5.7677428197165383
6.2439745474270358 -10.122832303947993 -6.3066034117701779
5.5830557749206076 -10.872739477502716 -6.4912438251162756
5.1697764143015901 -11.291372239846822 -6.9667744269480236
4.3869738671269092 -11.829357945015913 -7.1731694050555177
4.0553272151331532 -12.361196108561719 -7.6264883824013454
3.0545233218496013 -12.773462652355191 -7.7796061819364528
3.0988215219278454 -13.467442600245167 -8.3834666034685714
3.3420899866691602 -14.118082971644629 -8.6190040293490977
3.379999541012968 -14.952842735394766 -9.7294068041368789
3.5288615738778688 -15.228338598370383 -8.4036079478539492
4.0193114043399643 -15.599097846210155 -7.9037867266693391
2.7736203301600941 -15.72742124980627 -6.9823021765716806
3.4980940392002737 -15.922242947229579 -6.4363913480832808
4.4575036512418835 -16.069351170331966 -6.2743414621774045
4.9812680619572136 -16.185200172394833 -5.6523424721298214
5.5271245067347907 -16.037362056186442 -4.986985195564924
6.197002877292662 -16.266368514314916 -4.4167100360549574
6.5006918878818638 -15.787403179055053 -3.7014654914735901
6.8697354080623967 -15.502278431948364 -3.0082204460776043
7.1280042944432118 -14.891948063854088 -2.4592712408110518
7.3828201836150678 -14.269001128293127 -1.9104780582707461
7.7192432498308143 -13.986846789126602 -1.2079243875598527
8.1983607508239995 -13.495222280424283 -0.56423688325771304
8.0007903740422481 -13.723607323889791 0.35516563087677061
8.0651811503289412 -13.559442231440434 1.1717543155185464
8.1766406211410327 -13.767594258533032 2.0617906823420222
7.3814297859872537 -13.318606254407575 2.6345066821291434
7.0010820689324138 -13.279483227460094 3.3467186110108336
6.6354442693470554 -14.340226706262667 3.5568478634856886
6.2716589288499325 -14.774879373733686 4.0317063929682426
5.8649219847892651 -15.505677454948733 4.4258690015935054
5.6098938577048463 -16.254620293743319 4.6114422457077158
5.3098869654462044 -17.052811087278872 4.7056558487191493
5.023283720773386 -17.800413403563951 5.0975849249699081
4.7343261318425522 -18.597679582155461 4.8661768691110217
4.4396246825073344 -19.343151107016443 4.6417796646369132
4.162259035512526 -20.14653169821856 4.5099335707518433
3.8520729549593642 -20.875752804694326 4.2683165449737643
3.5905037676243103 -21.613839747302254 3.8635275677696828
3.2480896126363561 -22.324659161032269 3.6865570130113325
3.0280239876277606 -23.083179811184994 3.2180984749159065
2.6787391820653554 -23.823020359488797 3.0021115095369297
1.9645201396695831 -24.158815020072936 3.7790387315488396
1.4633767970609604 -24.687037456810344 3.9537720961948879
0.91004165074144838 -25.238489766438168 4.5162197882331752
0.037753235523305555 -25.196120059239451 4.6926655944107578
-0.68446019423017068 -25.380775471847503 5.0883757564703238
-1.5127742252668861 -25.477398452513093 5.3161495864375983
-2.2153782926887926 -25.591195969221584 5.7354861122144722
-3.1367248742079838 -25.757096246479463 5.8338025063560401
-3.5786370366131774 -25.73110865416605 6.6429033148745393
-4.2201460067644314 -25.716409705276565 7.1595687241359975
-4.6733477539782564 -25.755781433082731 7.9339542118260535
-5.3901301491899218 -25.693691560181399 8.3668609538645295
-6.1944974099634065 -25.558357835507277 8.6527614384872233
-6.917586015765453 -25.500742145914305 9.0770767316961098
-7.6912584735472294 -25.393581708621809 9.4089408633823037
-8.4341414072929286 -25.08850488005271 9.7130328157307364
-9.180283170010382 -24.927706230331516 10.035609366919724
-9.9477183741355439 -24.629770087358409 10.343538167722768
-10.670406010371481 -24.517591067527533 10.66019013023633
-11.436357409341992 -24.051468117580409 11.014990823817724
-12.049696764475975 -24.094666234035468 11.377152299058391
-12.984507217536203 -23.253295551764062 11.685601162721369
-13.295483820407503 -24.064993462350543 12.122785073190901
-13.578727958283251 -24.692815082446533 12.56083407972765
-13.908568920686704 -25.517653404732012 12.92105197153672
-14.409241890335675 -25.515636295964789 13.567200067210269
-15.309673536602652 -25.146460591596163 14.245914965299272
-15.17984033307725 -26.062197831457638 14.700309891059115
-15.185013478123405 -26.736541658768441 15.144765412566516
-15.189891905995401 -27.433150593023665 15.631352890337308
-15.200042310361502 -28.263369551855547 15.88099646718239
-15.169706244484587 -29.010235743537773 16.236926781829027
-15.211018358605473 -29.809779666972702 16.557809891192409
-15.232068922164638 -30.582509012797509 16.912405445237287
-14.615587512371059 -31.300654220857897 16.922274237275161
-14.313884437078093 -32.033520500097318 17.110962633613322
-13.890887505697188 -32.778271199314112 17.21394382614217
-13.45173431567031 -33.484328269292 17.34517082981241
-13.149952822548769 -34.261056801454288 17.492035592969689
-12.971235732073108 -35.08033481911334 17.641033706950921
-12.690732939416002 -35.852393790778521 17.819664398657967
-12.481912828606731 -36.675988362527207 17.917845748073272
-12.218814597624151 -37.430816130727905 18.175286210130789
-11.963091445702922 -38.18434631003133 18.492734461608023
-11.730281195692774 -38.953216499617831 18.682218109878637
-11.411757440547335 -39.684887429925602 19.159273892881977
-11.38495195828993 -40.541143512441984 18.762369229523348
-11.251308614623182 -41.347827202718953 18.693202788646584
-11.163132675449253 -42.177212294116387 18.4810837725894
-11.052485437437944 -42.994735363321979 18.341013105682144
-10.954895056268647 -43.819403121861768 18.158562174964004
-10.847854056550094 -44.638752866495125 18.007162416340673
-10.750088403564332 -45.463461131777024 17.825064452802124
-10.664714235585734 -46.295613743298418 17.600391128338742
