#spline3d 5 121 5 121
0.187573464112917 1.4445266068198681 -1.3465724354749693
0.33109478496092787 0.64598189976538245 -0.47991350497945329
0.069971780581211715 -0.022627714075208704 0.057302510378823397
-0.49070008091825396 -0.5940875321911826 0.34657407995308875
-0.69791421076034865 -1.2741129252540451 0.86035782598612343
-1.5080489301711142 -1.7790123499175037 1.1157920786550803
-0.90972032978200468 -2.6760247614124117 1.6820259595329425
-0.89035956326263876 -3.2610521987111531 1.8572212823752574
-1.6106421611757655 -4.0958663605005894 1.2508477141926977
-1.7823920188910547 -4.1843637260436184 0.64009642228441599
-2.3012867329142872 -4.2496724614814561 -0.28753361545961348
-2.2535849727474755 -5.174873904124607 -0.57572105984976096
-2.4316192919578885 -5.860101307377505 -1.0345517563946027
-2.5427604231242018 -6.4915487461383803 -1.5546378665972336
-2.6786890491946509 -6.5184895797289162 -2.5300562721869375
-2.8446272678479376 -6.9379816704086643 -3.2125379512165328
-3.1071576159051677 -7.5087183487265223 -3.7988128417996929
-3.3436654359590054 -7.8166889053051047 -4.5818939512642016
-3.4550577772288871 -8.2228881193185632 -5.2878954735023509
-3.0867409830915333 -8.5671693739538206 -6.0533348716816286
-3.0034815110044226 -8.9531239626402073 -6.7547685902165613
-2.7541053926372463 -9.2682388422487225 -7.5609975190714396
-2.7295944660297655 -9.8357677706870739 -8.1247823027979873
-2.9591508461272187 -10.445914271150912 -8.8679924542563846
-2.4695911498555572 -10.807370787569646 -9.3795406599962003
-1.5689902228811841 -10.999737982796825 -9.8104204710239653
-1.3763317858290101 -11.478655168884286 -10.386834344433348
-0.80937071932927585 -11.594878045889306 -11.340373936903696
-0.97706250584202459 -12.545270787506377 -11.380079231429566
-0.89562180189171237 -13.341745654472733 -11.809815905513171
-0.97131167562665066 -14.068250730875272 -11.930588246706577
-0.87622936165930432 -14.965325363972758 -12.380052481708635
-0.96846409741803474 -15.774432104606703 -12.655713277124743
-1.2055679533145109 -15.398733416319015 -11.270250721869791
-1.7532306330734813 -15.451783790810614 -10.726789981055532
-1.181192290580106 -15.807553026997308 -9.9109607029162614
-0.69969428159210434 -16.284720503196944 -9.2738775977221746
-1.8015511256671453 -16.002004338573396 -8.6546469146727159
-2.2197078229193781 -16.322404029673105 -8.0366145651774001
-2.3823277783550889 -15.361635252695637 -7.4656186541034799
-2.3418298766060355 -14.863151682432328 -6.8859373753285515
-3.0362184766701228 -14.453996114382049 -6.2924558432099902
-3.1877558647365327 -14.032682809347714 -5.6519916815343274
-3.3158260038432252 -13.42869741281009 -4.9843152966393953
-3.3258776111938908 -12.98669248521758 -4.3222620104256695
-3.9039976320711882 -12.566664636779752 -3.6534070972789126
-4.124068322734014 -12.342046668639735 -2.9598504448069636
-3.6620391498691554 -12.33140042001981 -2.0087144297826849
-3.6546247874159152 -12.650239979367361 -1.3670085716409299
-3.1951051512903468 -13.066533336559639 -0.48185409171781052
-4.0680750226329936 -13.750762121151753 -0.37013668952934586
-4.4466108259622441 -14.343592151075569 0.052821650192648006
-4.2821882745382656 -14.975562653170615 0.63421932282940652
-4.4247291765940302 -15.510419374483954 1.4988107513363373
-4.0385639797678925 -16.407613685027432 0.79322284145543387
-3.8989658570344532 -17.128370056526794 0.86033119203169339
-3.6198733005565953 -17.959479323478593 0.40712487790287344
-3.4443545617546709 -18.694366732082386 0.46816410489248561
-3.1641324167868174 -19.541099952028006 -0.14681438836951624
-3.0088814473014049 -20.249662455730565 0.18684468803667167
-2.8990135193350013 -20.873223024278339 0.87594641559903053
-2.758433227987104 -21.54124535804884 1.3011608784019155
-2.6195915409337514 -22.222038996419649 1.7868480819287322
-2.5219272108169557 -22.803741274890918 2.4844258000829491
-2.2903373947639714 -23.677078294850482 2.457132629207329
-2.0703461667295224 -24.460312822881608 2.5614732592375113
-1.8747754524451217 -25.301327409246326 2.6276073599234069
-1.6299108357683163 -26.068591208293224 2.7460070507781489
-1.4687513880474123 -26.954855802019903 2.7579625050219043
-1.1653696086447998 -27.639862744799533 2.9699002634886749
-1.1076749745478962 -28.668341128690191 2.8232415977478751
-0.64093331509258711 -29.141593754700736 3.2784140582947976
-0.060512162958896956 -29.523601501297755 3.8975952799812119
0.39267830335858694 -29.889895740246054 4.3546907756837916
0.94944076689444012 -30.605747331754525 4.8890379736358947
1.4070300952858474 -30.031815918529318 5.504479166530567
1.8545996804741498 -29.593874262971497 6.1754095172194026
2.535208267429796 -30.107179121582163 6.6286540483190501
3.1360835493915129 -30.217143407494397 7.1942856207990236
3.7510136197842474 -30.558196523516944 7.6624059250810781
4.2062596458806949 -31.042132391476731 8.2281996376540238
4.7618324501288569 -31.470860589315969 8.7611990790147907
5.6997895023819272 -30.959240677800661 8.709603284893193
6.4356972877529497 -30.905351010432494 8.9226044905133222
7.3658866158020944 -30.5821427792627 8.9070371018743479
7.5831032176600024 -30.856111599911408 9.971109544520024
8.0782655667146361 -30.936076678415869 10.539072939999876
8.4684645869391186 -31.026349785778368 11.35919550695677
9.2970069327668998 -30.713510168127971 11.61487568185361
9.9323271042457346 -30.376847500747154 12.116398557235769
10.604790746546927 -30.420992613672691 12.576357947985869
11.050992049576266 -30.880822389414043 13.27001099786245
11.733749773890246 -31.124721000764666 13.683760794005662
11.826731487687127 -30.830616801484641 14.789786726330737
12.610959372164299 -31.280388679955536 15.056412689200245
13.209319579673041 -31.660157938547865 15.446358837734429
13.937492449458697 -32.02838080258266 15.781073507556252
14.523749027452102 -32.473905015919307 16.151280223915357
14.961797811991595 -31.970397820229191 17.173023976060513
15.465633348434446 -32.542235638398608 17.508903011917731
15.87867127091701 -33.335214504911342 17.71310213255526
16.313901111181856 -33.912449877413295 18.053785985952189
16.784838684501068 -34.611949999202764 18.302659618236106
17.209986671029583 -35.252306127538994 18.606428838936043
17.278025795171928 -36.089469664355541 18.894897275449793
17.578835278455003 -36.816399714572235 19.178863632963711
17.711297130677163 -37.590106109449955 19.493692530809902
18.009997040591379 -38.372431413067467 19.72307293038919
18.059222330129501 -39.069403696167008 20.180552539395517
18.224071470012323 -39.742533526189398 20.726294684675693
18.303879292778237 -40.569247428008751 20.914415421183374
18.32844228804495 -40.657773372457314 22.287796957216791
18.161009474221682 -41.704019524556124 21.787821160276092
18.049256736646903 -42.428674551562246 21.670710173985299
17.87377859412743 -43.281220171843934 21.511962230367207
17.645110116567647 -44.065751460535452 21.396248997429247
17.462250806139302 -44.888643656566984 21.257744440614609
17.245653491680301 -45.687170963979526 21.132639647020014
17.056939728786904 -46.504590225215509 20.997820282701518
16.838221112831292 -47.302281517516562 20.872408629555139
16.579570392577352 -48.073710607837711 20.75932066495443
