#spline3d 5 120 5 120
103.00366093212816 -95.342074208513978 80.794103263930552
103.12165900032859 -95.878511072033376 80.415576929210005
103.24557184804165 -96.409808488581362 79.985593216492248
103.30682076084082 -96.941253111436623 79.531839162351531
103.26544691029828 -97.509753851730522 79.119506406667128
102.94901233496515 -98.012516073899803 78.684148714146005
102.43296934858539 -98.382281160542703 78.407338269374577
101.87540620643287 -98.581389792050942 77.974192472565278
101.18732200002069 -99.069552823275856 78.074248697347656
100.78745743317359 -99.002104745721581 78.65710412179196
99.992019263157431 -99.367799767994072 78.926423568607518
99.881615081048821 -99.766527282400716 79.014788837021399
98.622324007264183 -100.2865996416993 79.4311704503058
99.395992194656756 -100.58675052134417 79.372816987978794
98.953531719807273 -100.80904667440174 78.48640723044889
98.102593147339306 -100.87343928402532 78.412407121420671
97.693608206745637 -101.05890829117486 77.991800466053206
96.907841252631243 -101.16924974097849 77.800560165811547
96.534575772702283 -101.48093372683654 77.277974592312773
96.244497601145738 -102.04714262880273 76.932804615893275
95.99287589591421 -102.60785142107095 76.625508437962864
95.724242204974956 -103.07457852224742 76.14207122734669
95.399683450577953 -103.29540168680543 75.566550679593618
95.134665167420408 -103.62558328309618 74.983960658779353
94.929545566633166 -103.65632158981236 74.32932287536353
94.911652476403106 -104.11945237327446 73.618072192936495
94.472690596601012 -103.28393292408772 73.075356607663394
94.862092494224541 -103.43922768241406 72.403998623713463
95.340516436387105 -104.08262035260637 72.14280563492585
95.683826234470743 -104.3286507940647 71.666994102257647
96.125564058479753 -104.82447645096856 71.304173309705689
96.502469826025944 -105.17374236818449 70.877120932073282
96.925553211495256 -105.60649437254283 70.493250402176827
97.305148749597365 -105.99339076447875 70.069073155273699
97.745219336632076 -106.40079131155417 69.700376200492116
98.205859408650497 -106.78799185600661 69.348925119328143
98.653678747697128 -107.21054022808781 69.02905818093808
99.126441772289652 -107.60954476852683 68.684649168386201
99.569493445608146 -108.08873765531537 68.455945199911881
100.04534375030045 -108.48516759529528 68.131867166542534
100.51318044572632 -109.14532248793134 68.059650100692892
100.59841392327898 -109.61167114597305 68.611827890358953
100.72903889675709 -110.33930943994503 68.921642013682231
100.80375245924154 -110.412472359478 69.68344006288298
100.6183807028027 -110.31980530057012 70.372092980105592
100.82428491703018 -110.39028073273488 71.069568366664427
101.31610174914493 -110.33289017506596 71.610203403330104
101.49809071121739 -110.39092911232561 72.282055260491262
101.58669022042176 -110.32118325891733 72.99626969956239
101.84627933150867 -110.3801230350753 73.640722510262776
102.29824243394791 -110.96386590644612 74.043064460290637
102.4042747212977 -111.06863727403433 74.744212429025353
101.92813477820815 -111.0285554752508 75.449364269265757
101.96116301676462 -110.96969247042205 76.045697522631528
102.05204914930047 -109.82582364363421 76.478296507728444
101.99913661630168 -110.61132807574592 77.173610636749913
101.61457876941009 -111.09363865140125 77.39011630415591
101.21866054119066 -111.49814501976918 77.837686291076025
100.94726114653993 -112.03985706014267 78.199703700714394
101.02347302187515 -112.60927498195699 78.684829101376963
101.12934806160069 -113.08254740940598 79.079334171933922
101.09506979563434 -113.80299306680682 79.543557095496055
100.51664144738898 -113.80722966766972 80.02397371160896
99.95761582727863 -113.91393716851131 80.570555895945347
100.21340446203688 -114.60310785104411 81.066464648639524
100.46883875662218 -115.04191378641271 81.398616649447732
100.74709517318823 -115.64972816303403 81.740387841323297
100.82786423152466 -116.30651848580956 81.994535148987367
100.4089990606704 -116.93886997014224 82.120607310672924
100.14262318106212 -117.52961344753594 82.227439593694299
99.885925821291551 -118.2093685929417 82.324365245535304
99.985943373259104 -118.92711325403184 82.438358090872995
100.41770617360024 -119.49651161086503 82.540314454763873
100.68085810546934 -120.1299916521957 82.588960426813969
101.08195761576313 -120.71418352029258 82.659919501864465
101.39501752498758 -121.32748843061221 82.704065983359612
101.78611615564581 -121.91003011004845 82.762992621773805
102.15697111268452 -122.49146236004219 82.814552865982392
102.55373542879434 -123.07854829424841 82.868716566031026
102.99636716788557 -123.58053251886487 82.937223280040087
103.4316473665574 -124.18839326722272 82.994041537226281
104.09920614223117 -124.40353388524758 83.130559039059435
104.75436905130546 -124.59293181188605 83.260754099086824
105.38745056035789 -124.86297868052102 83.388422805001085
106.03838630322311 -125.06506603628199 83.539315143088444
106.68416450504954 -125.26551553246581 83.710704624200645
107.34357853837096 -125.41145447163339 83.889216898481493
108.00392292436381 -125.55085010277877 84.06338012482901
108.66543567243305 -125.67954090456227 84.244551135641046
109.32608771408485 -125.80760522948674 84.427587965514746
109.98331820538532 -125.94090640771581 84.619576018379163
110.6383366977107 -126.07536632590237 84.819005073942378
111.27664720850194 -126.25417399975353 85.038672258688678
111.91592469226522 -126.38192994368283 85.288926211321851
112.55124867881251 -126.47935841462903 85.56027321352633
113.18507458459571 -126.58009106599167 85.833116495674048
113.82065805918337 -126.71073544744765 86.091366429090158
114.45610474815538 -126.89129165748092 86.318902558025655
115.09481835490408 -127.10564251522857 86.501557863851261
115.72626429455026 -127.34348053972676 86.679080674631237
116.34981129411004 -127.60764821986091 86.846571413328874
116.96027562011299 -127.89893363001713 87.020774849941759
117.54887549335319 -128.22813674725003 87.197352385601818
118.10628892913356 -128.60299446139868 87.401169037711753
118.56777096357614 -129.07877742083014 87.635462780384088
118.94150624606381 -129.62342926353401 87.870184925153822
119.22978042420102 -130.21254562927743 88.11226949998678
119.46790343580797 -130.81623671200964 88.370310477046004
119.64796239515999 -131.43548387505339 88.637505990435983
119.85997345679417 -132.01849374251856 88.966599665984276
120.12723854438185 -132.4981440930309 89.403964807905822
120.27867595707738 -133.05581031775921 89.80825284989767
120.31374986793624 -133.69963791289976 90.093837000146152
120.3490072764678 -134.34631070238331 90.343229217596956
120.35278045199894 -135.01095587419786 90.563958815090174
120.34598523403415 -135.67646332040266 90.76778965825082
120.32082589233005 -136.3480351097254 90.959171828336821
120.28403832530876 -137.0192842791588 91.141637707010545
120.23105445446834 -137.69343317767846 91.317549926012816
120.15908840313932 -138.37218514369306 91.489432582677182
