#spline3d 5 120 5 120
-0.28706425428632854 -0.17688275111814136 0.029018389880258667
-0.143421928144186 -0.088669308237822833 0.013840717223724243
2.0235487387388625e-005 2.6583918382975119e-006 -4.1484878378968402e-005
0.1433775118285128 0.088733837075747418 -0.013654794181453626
0.28664315185036948 0.17917030741762943 -0.02393343588760849
0.43024435577706416 0.26536868092075744 -0.042737223659867769
0.57305515838967314 0.35927830744501948 -0.045775241642558223
0.71724138094904466 0.44544353115243734 -0.065362569275959487
0.86201368597697503 0.50193713448287691 -0.14249982378293588
1.006226112302856 0.57064652676507288 -0.19541726678619042
1.1507333215294324 0.63531126599601473 -0.25659687877558079
1.2943173431395674 0.7002406635828099 -0.31605324908088162
1.4422864006607421 0.76978786608952832 -0.37212917947266633
1.575051780133641 0.8211421427395712 -0.44382844763537743
1.749216293387587 0.92496088838861257 -0.4677785713793095
1.8356546105411287 0.91054638229079266 -0.60633320341091534
1.8844371449404473 0.85431179173475913 -0.77714832622210428
1.9644910713115118 0.83531927243739579 -0.91638006832259045
2.0272220903269327 0.79540060393871692 -1.0735926424790043
2.098801724109792 0.76598474754545609 -1.2220808064154578
2.1682240022303749 0.7338628405478429 -1.3729327592031362
2.2223367126370062 0.68631535021023882 -1.5336677496809663
2.3517277504377399 0.71468772669372937 -1.6455248117070469
2.4695117581128136 0.73035527568047509 -1.7720939289490272
2.590361824962836 0.75331767580541675 -1.8712388724901317
2.6961675082968917 0.75105030765922542 -2.0440240765438831
2.8419627618205405 0.80582550789987695 -2.0700644132365702
3.0015779823185875 0.89393110930022879 -2.0031544817845841
3.148021944875226 0.95503302270936019 -2.0022108893647963
3.3017725861712113 1.03591385331564 -1.9660425971379538
3.4524628858352071 1.0967053635998243 -1.9504956846683201
3.6028562665016128 1.1771578763530897 -1.920718187520267
3.759322195036495 1.2729492486961833 -1.8838348069543112
3.8988298214151107 1.1517847838800086 -1.9670192716648438
4.0402940113518717 1.0880002517163199 -2.0194687523002659
4.1829330553431232 1.0150463748566043 -2.0738838140562796
4.3243948212309613 0.94238686619599277 -2.1338942603404303
4.4662914994439245 0.86959883271633942 -2.1885780020487799
4.609136189345131 0.78478490335915074 -2.2377850183024717
4.7480476940933558 0.77920812375068593 -2.3422088475779645
4.8877562649059341 0.7589768452793022 -2.4344101085708121
5.0266714867322619 0.73432104193859893 -2.52866395139334
5.1676302459437959 0.7205929875658218 -2.6202323986593208
5.3050639803078168 0.69353536023524998 -2.7169067843305457
5.4443037168495261 0.66798749992368744 -2.8148754919992078
5.6046752005756 0.73143235263734563 -2.8565683767331049
5.757709071533422 0.76781038476424301 -2.9136880513622372
5.9123876391229535 0.81143328102608725 -2.9690362784529656
6.0674134262892307 0.85268030217713031 -3.0227535625567352
6.2217881378215374 0.89012491899053769 -3.0761524666620037
6.3749955976478976 0.9595079947503069 -3.1405600240538796
6.5384665327339802 0.89979085493945477 -3.1593867692958737
6.7001445357679366 0.8513960458926344 -3.1815883052871392
6.8608484178642932 0.81232233362091133 -3.2088923933780467
7.0249930792072943 0.7662114009465234 -3.227525331288537
7.1804371558971098 0.71982521295491619 -3.2635029283635224
7.3547596029329556 0.68293860054001343 -3.2631308451387775
7.4992332679289637 0.62743540685230437 -3.322191558082118
7.6062880450582089 0.552075752099075 -3.4443897864003654
7.7325247191330568 0.48902755275348664 -3.5311356369825089
7.8549752558695962 0.41820166019253718 -3.6294867174800913
7.9667773580232648 0.35715921601224382 -3.7346218315657653
8.1096946417290425 0.276610119221541 -3.8112860609757275
8.195954987757311 0.23018972042928132 -3.9437285888250164
8.2346059137898013 0.21183037134505567 -4.1181688985937885
8.3056623169656678 0.17502267018219791 -4.2622260273873298
8.3564704690767719 0.14810017275728724 -4.4275741076430108
8.4258428391066911 0.11454186460832476 -4.5704207325566095
8.4745303340208356 0.087054208754818216 -4.7397757163484604
8.5248529387961014 0.058913822962879933 -4.9077396934792938
8.7185384100667527 -0.0073075667448284668 -4.8852277723540141
8.8676027551183552 -0.061312284727161728 -4.9213702526177903
9.0253139209835052 -0.11927959864668895 -4.9451955201716631
9.1843905863982336 -0.17188393364222734 -4.9721833853384236
9.3403063413479401 -0.23926005189457625 -4.9888985836320181
9.4999454080916728 -0.27446585962145481 -5.0316804693117891
9.6600227186161618 -0.29579107620382328 -5.0863407412990389
9.8188442211350555 -0.32794210417208314 -5.1327498131161997
9.9801086597502326 -0.35575260907818246 -5.1797346025636344
10.135928264376535 -0.38215066202832126 -5.2359811556055771
10.302757374066916 -0.41582463586079521 -5.2686469188157172
10.453963392571351 -0.43763174666534382 -5.3383620055123302
10.578474336218319 -0.4410108380572576 -5.4608236882811392
10.716795952308747 -0.45452454919606883 -5.5545250023152288
10.848871110143039 -0.46259399845895599 -5.662032290112208
10.984402786881086 -0.47477032719035966 -5.7614884840389351
11.117907421025331 -0.48451792026618351 -5.8647293246022594
11.247071136529103 -0.4855477884428715 -5.9830414822157794
11.410684044037017 -0.54463784165261364 -6.0064566724137007
11.566985730897025 -0.59325291450559914 -6.0457483088905217
11.724551800475691 -0.63935552471997104 -6.092831862679839
11.879192039867904 -0.69326796280952496 -6.1162211792232331
12.042518022052864 -0.73083338122452424 -6.1938206283055326
12.19037084269403 -0.80101847664215209 -6.1640755254451118
12.322738778378284 -0.8851982664594672 -6.0783795120072641
12.464891781414567 -0.95804550670148159 -6.0342918853193446
12.60180751636908 -1.0374086220087098 -5.9683118846083598
12.742568093121228 -1.1123923765212833 -5.9141882391814828
12.879002942829487 -1.1916524458583031 -5.8511293511569207
13.018275358817933 -1.2684567420365238 -5.7928342521199339
13.177107330342089 -1.3265417073860308 -5.767575315779883
13.328600437709035 -1.3905821141917014 -5.7327646809773212
13.482814023830562 -1.4552697692568346 -5.692495340486099
13.634973226074676 -1.5137174081858753 -5.6760322868289732
13.789921093297894 -1.5863264347302382 -5.6046647420294375
13.943582592638645 -1.6370364301047913 -5.6235929396637818
14.085264227330574 -1.6594743046913438 -5.7428828326725769
14.231596563911449 -1.6980634249610758 -5.8054091668530612
14.378273186779479 -1.7284308027377309 -5.8902304975315998
14.520301864983917 -1.7650168469580214 -5.9719032640342151
14.671432327839838 -1.7937816480542901 -6.0460630514289369
14.814121980617092 -1.8296733242156533 -6.1295298612668585
14.918483201967575 -1.8939365784882918 -6.2515371648253231
15.037986629001784 -1.946662066496081 -6.3578248278401617
15.15280500907471 -2.0030649115306631 -6.4691521532345142
15.268483203151431 -2.0586853756515282 -6.5794511377267879
15.384408597715186 -2.1142495916168507 -6.6895816196478588
15.499928108281434 -2.1700134875194164 -6.8000852137026833
15.615689077131293 -2.2257190482514515 -6.9102936957128627
15.732074554608005 -2.2812218067369656 -7.0197832755445688
