#spline3d 5 121 5 121
-0.99461806038781753 0.011091645368251624 -1.0964569531011623
-0.40631927861110123 0.28733064380675399 -0.41805597607547612
0.016822332614265103 0.056071970078655893 0.023040823973230991
0.36889060649725441 -0.40981543536580806 0.36495919078589018
0.72924809095050003 -0.76165953174416501 0.66539201487625899
1.2844748913498185 -0.79108325380000155 1.3797077741337727
1.4491165674558668 -1.4970051309492785 0.96045056183686706
1.6760697878660655 -2.0184936144039383 0.77805396968119045
1.8963781472070793 -2.6012239801578998 0.55523650723155249
2.1911493461831002 -3.0881981670633736 0.33153441954521246
2.4010117614803534 -3.6691842023469374 -0.085800919627487468
2.7923941113911286 -4.1088856602891992 0.13832419567713636
3.153571908959361 -4.6219072636706651 0.51414875454631159
3.4464478429920131 -5.1689372250269345 0.65589918651621892
4.2263793099128097 -4.7962680223359389 0.12393356319825387
4.5017464837058565 -5.1220798231961568 -0.23555541647540398
4.564827595098091 -5.5191921296202349 -0.85680823796776107
4.8031367597830315 -5.8268064290858748 -1.300115751971036
4.9149780704891803 -6.136178027675296 -1.9270517185812832
5.1918538902966409 -6.6598685838127096 -2.1669683077180752
5.5020251677996077 -7.2680387024296964 -2.3087314660225955
5.67711212829437 -7.6729101240741233 -2.7641557564363648
5.8068465537809812 -7.8336603888292338 -3.4247927552244
5.9636438584214089 -8.226729337546713 -3.9127207844258041
5.8101919645203823 -8.6967843605914599 -4.3443629761297577
6.0115894208608518 -9.1458595197447714 -4.8541804289895829
5.7039732147917928 -9.5563412446516089 -5.255493918438928
5.2336908394522625 -9.9053168152091473 -5.5733524309560298
4.9300296194522817 -10.292484327678496 -5.976335189336992
4.5146414230689844 -10.661119306786064 -6.3144067346624553
4.065374673131938 -11.059327740051996 -6.5414809824421143
3.6338375332625121 -11.443234888906497 -6.824978490785969
3.1973113402840765 -11.831924247303766 -7.0818811271531121
2.7535738021874923 -12.222666671688383 -7.3669777295551313
2.3407268518659312 -12.604206500480492 -7.5558472318077285
1.8349234497348323 -13.003249756526648 -8.1064165868831335
1.5872278228620569 -13.392317522916498 -7.3933990747603389
1.3820679129627214 -13.662218665747952 -6.9518821415048295
1.020878896300321 -14.110079592014579 -6.4943520821946068
0.9157239736159849 -14.409806004579805 -6.0186383584799641
0.60074198078799024 -13.852001044108226 -5.2917819695935959
0.6601189933749132 -14.026047359811102 -4.7635894915663011
1.3618603147213746 -14.542622848934613 -4.6043629946725604
1.6365557495531686 -14.816326143174809 -4.2143647162066262
2.1609267856960512 -15.221883390634103 -3.9626538060732894
2.6088159758601366 -15.580824917586606 -3.6721264871679589
2.5739072294271717 -15.836595729082866 -3.0001093609418938
2.9550214690898202 -16.112209749430519 -2.466972615153523
2.4285470062897545 -16.556193367102367 -2.0404097460277648
2.5073701442962157 -17.062262013672804 -1.675155968540309
2.6877533016334065 -17.629932825404826 -1.3710384867198961
2.7453058708480182 -18.152781121996838 -1.0249999013606244
2.8804502226066653 -18.701450582199847 -0.7033100797033669
2.9768009258718537 -19.23557621102637 -0.36543695233203771
3.0866829993874196 -19.779921325327873 -0.04530304307292999
3.195644906293293 -20.311180578018991 0.30860610596547644
3.2344758352025456 -20.847699063813668 0.64291337777693225
3.4084565244767835 -21.377599705025506 1.0032777425940438
3.4094493217705342 -21.920379867571633 1.3341434765049773
3.0812079853218601 -22.459691706382024 1.588241306236803
2.9468466333352681 -22.99978338965742 1.8869921100661287
2.7022657704364597 -23.537061497637183 2.1582417747643117
2.5432353927849434 -24.082990781045396 2.4564995682330184
2.2657028320214572 -24.607441167135242 2.7085810640252412
2.0012093741902595 -25.136130700538313 2.9588773693037904
1.7392811516067301 -25.657993730824547 3.2211409752105991
1.4792227351033107 -26.196991454382143 3.4670682184388966
1.1984720255519234 -26.698876843037979 3.7273733249320058
0.99483656985152324 -27.266393681296133 4.0224880583659841
0.6436739458271411 -27.558822352336637 4.4773979105372268
0.32425427630133968 -27.892964483126242 4.9343785163436706
-0.014401176720007429 -28.210786783578484 5.3631688714893606
-0.33384642659196478 -28.542242767841245 5.8144997268871403
-0.61864209452785002 -28.954139189423447 6.2932853809219154
-1.3034586118070217 -28.702396485177871 6.4995981495213737
-1.8454751777331477 -28.680615412712616 6.7939331641546055
-2.4063899632583166 -28.635631349933821 7.0909861256768618
-3.0475951140770596 -28.438950451189811 7.2968557650606778
-3.4530436809923795 -28.695727060607329 7.764198265957762
-3.8648288082405711 -28.889707138479753 8.2069253594065295
-4.2740479453530069 -29.173666391875489 8.6418371078652143
-4.7462339459935983 -29.142152319157198 9.0859473232211112
-5.202277867930345 -29.133335081704704 9.5392793446144353
-5.6488688879750653 -29.156819797419843 10.009685094139213
-6.2758521431858192 -29.042207770587588 10.208008276262563
-6.8378002207110136 -28.985870210377559 10.510020221194312
-7.3864929306165372 -28.917388212766188 10.807292851263306
-8.06041166297722 -28.816590673500954 10.985060977199286
-8.3476657307584539 -28.830812967620052 11.577085901527621
-8.4873395819691435 -28.829805968530152 12.268196218165432
-9.0001879053617877 -28.832879069733401 12.65033435094149
-9.5833549339217488 -28.823805903018876 12.955566537789053
-10.095535314886765 -28.837039039225139 13.328895315617341
-10.66903171959731 -28.839672001253415 13.642690718408373
-11.040450570271547 -28.695397660505865 14.170900744389195
-11.510104830330695 -28.581405094541417 14.588734856908866
-11.933345495793022 -28.478664395676599 15.072736029837932
-12.303599162088702 -28.564745369816926 15.579686688391277
-12.709321009305588 -28.411933661710432 16.14178076762769
-13.131929953290527 -28.879769351305892 16.438309142830864
-13.569680569096757 -29.15614510662698 16.792205986590037
-14.091472064418111 -29.447102443540565 17.167241869581627
-13.899695912823029 -30.155209995447208 17.385041404391149
-13.966024756109528 -30.695899182600996 17.656390914464684
-13.947389930731058 -31.300962283947012 17.912642942272321
-13.946128484543861 -31.882807435802246 18.168399965747266
-13.957564441880249 -32.471270985964232 18.432614099661194
-13.947914853222343 -33.059170855190175 18.68705048942018
-13.861988891430256 -33.659827864068163 18.904527988876449
-13.813337019561523 -34.253390317843575 19.142070517885873
-13.750896875333648 -34.851030240917517 19.369040986994506
-13.691870147560655 -35.446110392100906 19.601678304738645
-13.620482457726597 -36.040919368194317 19.83527535763761
-13.647159102668168 -36.651237802825392 20.038982035292182
-13.63744347812343 -37.255593611889488 20.25371417878501
-13.640903230226876 -37.862223288314205 20.46437615495331
-13.639665359821429 -38.467968506300615 20.676585840661552
-13.640134906769058 -39.074070303286682 20.888188673571975
-13.63994203428183 -39.680046712256086 21.099957025700895
-13.639979936473686 -40.285928202883298 21.312096009051984
-13.640246513568513 -40.891694310587354 21.524705357461016
