#spline3d 5 121 5 121
0.80932099960775028 0.81755584603931475 -0.45374912012299717
0.41302803521577253 0.41458080463336916 -0.23371520069718937
0.0018929239783759505 0.001614205425535055 -0.0020068601669749296
-0.41703007187096219 -0.41799755721305792 0.23790864594106934
-0.82928032820652064 -0.8259739853389132 0.46210591637789367
-1.245106627068159 -1.2562846843814848 0.71918825028769928
-1.6757751902556135 -1.6397854531560081 0.90030035430627042
-2.0123388074319362 -2.124258264573597 1.2651360218072256
-2.7278122813884975 -2.3914368198750671 1.1780427862064586
-2.0777695767416651 -3.1160870418518756 2.2160206719264486
-2.2523959675638201 -3.0785589786827496 1.6266487083915457
-2.5737613828313322 -2.9428482497911075 0.90137432684151508
-2.5950481437398918 -2.7672329984987534 0.31521072065457628
-2.9554865372803576 -2.8345998000227373 -0.2105963339903012
-3.4051470765983427 -3.4860274204468298 -0.21665671981757026
-3.9001535639735345 -3.827033490973144 -0.37622125680647173
-4.1878107607606543 -4.2665616550037671 -0.71390335788616432
-4.1758133312644716 -4.6269317281392173 -1.3169627589489126
-4.3420804211926614 -5.095651546080628 -1.7576055539755246
-4.8551719959399087 -4.7949155509533457 -2.2452537008042737
-5.2826422396121622 -4.7203468083386859 -2.6597862186095491
-5.7037330335503773 -4.6059630043098441 -3.1305770289219232
-5.9230941748591821 -4.8810229310410529 -3.7148683099756075
-6.2871995241828795 -4.8866771309492645 -4.2656342597951422
-6.1898069491840166 -5.4789567810971169 -4.7278947871888661
-6.1675997335921338 -5.7765661471466494 -5.2106026277286146
-6.2601274662872815 -6.2992188939461249 -5.6893411065567676
-6.1758547278816982 -6.6586642341048554 -6.16808434334878
-5.5630369322683419 -6.379082673560533 -6.6663876714276729
-5.2310933817506005 -6.7337521918948156 -7.0687589471770362
-4.7512368408564765 -6.9048102597704908 -7.4798679207779513
-4.3631997032451153 -7.1261361691840293 -7.9072331020044535
-3.878539859570068 -7.3747188591981576 -8.2704129887927689
-3.5026376985075554 -7.6961061119961185 -8.6229474449473429
-2.9568424832282094 -7.8512551532885606 -9.0279978788641095
-2.6461242617171234 -8.2632092348168413 -9.3524202595937531
-2.6278467821502698 -8.9228444544221066 -9.5917436116487522
-2.4177943939707287 -9.4275173795406157 -9.8749437545820626
-2.3285540503634072 -9.9888045073990384 -10.096432311596329
-2.1347401915647555 -10.595626084399694 -10.598597082392073
-2.0852083618818935 -10.994107561750637 -9.8771175810221834
-1.9045123631289982 -11.466231527065018 -9.5357416067374263
-1.8127035939649965 -11.933427195591317 -9.0846614740891525
-2.2307753619047168 -12.029907754818401 -8.5044579541279113
-2.4171066501842389 -12.458136435778185 -8.0335023424079903
-2.6689368502028343 -12.382995388980733 -7.4235534697957863
-2.6443366030090485 -12.42765257116732 -6.7439188998805806
-3.1935663666067797 -12.352002786736822 -6.2974543218190595
-3.5479550148391992 -12.42145157648303 -5.8234685853057524
-3.6271660432887192 -12.938933058196776 -5.2977578501704352
-3.7827977534430985 -13.175562192222143 -4.8161556799987411
-4.135445998597989 -13.629849035335296 -4.2977464832004566
-3.811069591948566 -13.788742644195558 -3.8052805511441612
-3.2231686314012831 -13.798645627249366 -3.3093262756672561
-3.0257518876607654 -14.037468716380694 -2.8144858877558967
-3.4291741280569332 -14.652322016537937 -2.4776268781360415
-3.5034669485294971 -14.988918304792971 -2.0489616262457711
-3.7847242786595401 -15.687626532817506 -1.7560336349895118
-3.7048558880030691 -15.417546876239708 -0.98535764353245414
-3.7344819252549346 -15.449542567375129 -0.31959321985013456
-3.585437504464839 -16.316922664198934 -0.35121472594730468
-3.5032956356850815 -16.805661322638414 -0.11790325305166696
-3.3573652577355562 -17.495122711763006 -0.044821628783391222
-3.5183257745459184 -17.819803353056027 0.56663158002862257
-3.5453269078524778 -18.28761824879113 0.97220837223642742
-3.6589927530495387 -18.700472069600082 1.4460936720144184
-3.6508584094831726 -19.134596526275949 1.9168901090447297
-3.9010522378766224 -19.558276317310472 2.3401102074661169
-4.0613485288656435 -19.997311484051838 2.7203309056787019
-4.4598998290132679 -20.385573301353926 3.2155371376134054
-4.1150382839526705 -20.949501148901721 3.4226632769437826
-3.8854273045023433 -21.4766602188215 3.6712946094995917
-3.645397629871316 -22.006333195712482 3.9210246402574844
-3.4432802338018682 -22.54232066104441 4.1751975859841828
-3.1145627865827872 -23.067475835270688 4.4009171263593982
-3.0547087517708809 -23.60970946889941 4.6938737833260502
-3.1537590796483017 -24.193991246415059 5.0224296014764969
-3.0129426952736789 -24.68213519228518 5.2998290456586474
-3.2810588685321851 -25.375791194177442 5.6519943692671575
-2.7173039104071512 -25.65290222955074 5.8823117367609994
-2.1284091794737519 -25.867667165805535 6.0868958440750722
-1.6489202043237419 -26.168461550313427 6.3208692417627814
-1.0901029812567338 -26.41520877857284 6.5378156415442952
-0.57070786096381887 -26.680315260475659 6.7573873174053372
-0.053324882512613248 -26.974596717645795 6.9975559502387767
0.53825328117704918 -27.133830402461584 7.1591496637482326
1.1203631688397817 -27.31317807263682 7.3323965501117288
1.6998806799428483 -27.494107668627453 7.5072573693130167
2.2826117133431616 -27.671644893893639 7.6790204200509287
2.8633349939763364 -27.8545915569056 7.8528233997189139
3.4465128144307147 -28.012647831570643 8.0263654863740026
4.0205193382044326 -28.275718507265619 8.1965856343533385
4.6330289119342218 -28.147707227359479 8.3808930709576597
5.2371605489280544 -28.119889399093147 8.5565628218512018
5.8384302248703293 -28.07051110631788 8.7443173045710196
6.4503107074896286 -28.025100808960843 8.9093611396499846
7.0417624783518562 -27.975223215956301 9.1166555661736304
7.6659433153938448 -27.934698568677621 9.2545092239902438
8.2575133572405441 -27.886442976560627 9.4677817077924082
8.735563007477948 -27.773678852963336 9.8994614741112699
9.2554271887269319 -27.716450532521822 10.237531105408189
9.7883642969510074 -27.586552607335022 10.575566626618141
10.253259017143204 -27.573039101735656 11.004562981580028
10.684903949762029 -27.633699147230768 11.452030197712467
11.182812525767385 -27.456850171079012 11.921168786360328
11.518705645983809 -28.023724585252605 12.224361941113928
11.93287938590767 -28.265903358787952 12.573407273005538
12.249206196126197 -28.87544329551201 12.889791206622167
12.751860872220774 -28.810959543812722 13.269329087384806
13.276881135879728 -28.649785624589988 13.654025044460004
13.73170054396261 -28.654555237858183 14.015042616613943
14.364408087369533 -28.350063538425928 14.438313957712641
14.430777360148095 -29.107154886799496 14.67053526217248
14.705046083595313 -29.654876334834981 14.912520980947251
14.816861349426951 -30.058685902332368 15.22763923746081
15.166857247675949 -30.85221132670425 15.38894052180204
15.201356505684508 -31.111970040705621 15.786493000600501
14.732323521313754 -30.476591901866602 16.422166271298053
14.638720046901167 -30.498636807776094 16.861356273371442
14.26600337276728 -30.039335963440607 17.458142511271824
13.381083427194312 -28.697112978007681 18.346439886761573
