#spline3d 5 120 5 120
-0.64870857956349981 0.81405291428503768 0.50929396859080733
-0.31454552871838359 0.39335175518447507 0.33122714150642563
0.0024004457035401959 -0.0033313193732293538 0.016904331074847092
0.30956949464388017 -0.38639034303694708 -0.36727899103476119
0.62999884718422905 -0.78806060208613948 -0.69680681702471992
0.93057104035055471 -1.1626062334123253 -1.0357587181214523
1.2562548472533757 -1.5693943238704053 -1.5734160404455149
1.6002503274704842 -2.0097578039788013 -1.0192643501050773
1.9132352664917998 -2.4243363547190699 -0.78577203599281331
2.2545894658747914 -2.8352223535904089 -0.4726873906726281
2.5609010906932466 -3.2873773520776211 -0.16535778637686507
2.9255538601460676 -3.6427549853136445 0.11978253044051441
3.1868429735574475 -4.1724261405981604 0.4585140792115262
3.5993518721379907 -4.4932204751411735 0.66945955834871229
4.1879758514502958 -4.1868625564651696 1.2528427153546247
4.6836131471607185 -4.5429656294311087 1.1275558409727799
5.1884568772881243 -4.8543030119772599 0.83792093446474059
5.6703969018769893 -5.1441872409208642 0.68353080489565277
6.1953063049915178 -5.4371792397531404 0.50879339616053676
6.752055604909291 -5.6914886107048384 0.45208775945154395
7.2698751373267365 -5.968356306709599 0.31960305319323901
7.8572416935486062 -6.2376072725221468 0.24012752752554622
8.2667180252634207 -6.5026355969651393 0.081915968521872079
9.1627848714009765 -6.7799567954365267 0.13935014724149389
8.7858653510343938 -7.0654893849154581 -0.45332858559707279
8.4933928069635876 -7.243022443748945 -0.98676379700434058
8.3176330662981748 -7.5464558439951457 -1.4572675595993068
8.0723769748662182 -7.9955783331392096 -1.8339724171963434
7.9080335577635292 -8.429280309942051 -2.2335553230192944
7.6664039760942009 -8.8285698842830609 -2.6319438662495793
7.3016334378119971 -8.8372582649674865 -3.2115809002232134
6.9901538994288384 -9.1210335302758843 -3.6006429304034366
6.6791026778046625 -9.1357842341787325 -4.2593835922496881
6.3267725021075618 -9.4778346868922601 -4.5412473698590796
5.9280067250254289 -10.058144386388836 -4.4833497409103122
5.5616479607796707 -10.470011319599788 -4.659726142274689
5.1788777794842105 -10.970663613117752 -4.7084600843654139
4.7931508187475398 -11.444486613625614 -4.8113060935632213
4.4578609029509275 -11.863502671902463 -4.9437453040096715
3.9263870432047825 -12.532852856608297 -4.844282383302656
4.045101024120946 -12.382893350409359 -5.6378415838980818
4.0774349281752098 -12.30678250544149 -6.488417268794886
3.7790366009435443 -12.898804735810515 -5.6434541677101917
3.6076809768072957 -13.247036757939497 -5.3958173158836686
3.3407905912301636 -13.777058168847125 -4.984003929027951
3.4339132768325511 -13.59340595121996 -4.2830231177469349
3.4012587736542637 -13.653742639956745 -3.7062728259006552
3.4146305956642342 -13.643740488476441 -3.0827838054018244
3.4061660687348665 -13.604533992763839 -2.4655176272371473
3.4106133364162936 -13.794089721773958 -1.8854391657295755
3.4281411190973152 -14.037771025428682 -1.2728751398667064
3.3012249648720307 -13.760643456877025 -0.7198297507238095
3.024825124521838 -13.731855297871846 -0.081219370940320432
3.2257678802375307 -13.400803183748071 0.3754737138687651
3.300969508786304 -13.196075466918916 1.0382815397010556
3.5627858380983031 -12.793843835264033 1.3661944293295789
3.962755156029957 -12.284899068746199 1.4190786308929659
4.3966714641371043 -11.733555646363502 1.4891176852088359
4.4003200918189052 -11.603596573937434 2.1893588995876914
4.5454252405344056 -11.466346055905227 2.7298605217145915
4.5359648782371957 -11.240291891245592 3.3553950412000484
4.7092808119807552 -11.104994500464608 3.9007642724692824
5.3658788045808761 -11.192508818115368 4.185523145899551
5.7672564551539791 -11.147895002683864 4.595796164838303
6.3439984608786606 -11.113353236769798 4.9403717952011341
6.4285340158547051 -11.498043498509395 5.5035296603342978
6.7740121136177489 -11.623273245442981 6.0131829111254547
6.9108503503901595 -12.011861146586256 6.4876763631847476
6.9668281726982126 -12.515194281802861 6.8402466975120282
7.1453661539805191 -12.861064183577115 7.3579241474142298
7.1333358584492172 -13.440082950922912 7.5951558329609217
7.1278251229734115 -13.98258134487747 7.8874182065330736
7.1266930534274309 -14.546640407497165 8.1086827523722231
7.1421061794713889 -15.168154680475631 8.1946475261594234
7.1060874972988755 -15.742064059949561 8.3759649418391362
7.165289267422688 -16.356560526983024 8.4929618202324892
7.1200691140057977 -16.944348812780301 8.6531730560462901
6.73473643591384 -17.425340979295054 8.8746951037828374
6.5592759684276354 -17.972372375766156 9.0426839774281174
6.2027590016505156 -18.451494866130947 9.2856695854683462
6.1159052629650343 -19.053015500532933 9.3829149268997902
6.0319658023947618 -19.660709707393998 9.4586157119442245
5.9227174284340185 -20.242644867800532 9.5808731739942026
5.8209838142586596 -20.859831051635545 9.6377921406899141
5.7394085857983059 -21.4197986736377 9.8048425723988633
5.6036349619127437 -22.083314201994536 9.7736523536238362
5.5447730290772093 -22.577899964271257 10.046218644842227
5.6486874197470964 -23.009814440008707 10.607535202176749
5.3454580302883059 -23.321383696350754 10.95581503674628
5.4656371732950486 -23.884280391103381 11.565123695023203
4.8825858517258318 -23.909814722470323 11.766219535459397
4.2333478553399964 -23.837879251363379 11.921524515162066
3.7069690747321009 -23.888903677545549 12.1492132500821
3.096100463445564 -23.859997160951046 12.328467718470064
2.5324255972600267 -23.875009998446604 12.534340626836508
1.9447459370134246 -23.867198652473011 12.726974457357413
1.368622144327218 -23.872009382080165 12.92552545306172
0.78728263458283343 -23.867349845472933 13.122343321555062
0.20783076259726541 -23.874544055603224 13.317733718406314
-0.37141337757783172 -23.861608103216582 13.518171204305007
-0.95252602506719897 -23.881586515588744 13.709272552771875
-1.5353195263453583 -23.921925620465782 13.893994921931313
-2.116821200465262 -23.946689218266048 14.083641976413288
-2.6992116329166826 -23.980697731392887 14.270147141929296
-3.2807848902250734 -24.008933429461134 14.459062918076381
-3.8635723905603205 -24.042324951257218 14.644970388603024
-4.4440045606064071 -24.068186032991512 14.836362267125397
-5.0292314222807759 -24.108218266753916 15.016654711378715
-5.6050538283356772 -24.12055426852012 15.219001212044381
-6.1975996805396196 -24.183420008109685 15.381008665079131
-6.7677798032901499 -24.173664320390223 15.600986469975046
-7.300553556185239 -24.069581796598296 15.895942585304258
-7.860026241892407 -24.007280724401404 16.144080124210234
-8.3876443758548636 -23.979899005399091 16.421908946159647
-8.9900599633984655 -23.75272023061186 16.665852705404923
-9.3796579160611451 -24.173355586093678 16.986747738942963
-9.8020284208289592 -24.495628363640975 17.293569248655217
-10.237638440753781 -24.776092088970536 17.597599134272091
-10.640948023816495 -25.156250114016927 17.911649327586396
-10.978248768293952 -25.739476301657305 18.246622973544277
