#spline3d 5 121 5 121
-0.24562279257312883 -0.12248030830775028 -0.078977146068162099
-0.1227588125116689 -0.061306501266205668 -0.039548423388782478
1.3659638724453274e-005 -1.7589956243027687e-005 -1.5003363628810677e-005
0.12273577856658278 0.061335621925228324 0.039574493138952359
0.24544680798031421 0.12270494586521831 0.079173140103606557
0.36816693646422693 0.18406933061920377 0.11875193938137031
0.49087696288676047 0.24544276975991103 0.15834805955270162
0.6136098169383376 0.30677888012071486 0.1979268615733199
0.73631701273404604 0.36816030828820051 0.23752780963965978
0.85904706494965177 0.42950604303950113 0.2771022997682776
0.98177308407131492 0.49084287466523924 0.31665438507836291
1.1044730677280257 0.55225485392553897 0.35638829565892527
1.2272119087784623 0.61358331911710462 0.39579662069056243
1.3499266932055722 0.6747962016413146 0.43496944603754939
1.472513202398926 0.73693118012641379 0.47722729997454899
1.5957608076255563 0.79654330748721003 0.51043502747273495
1.7175017542235449 0.85909928795886814 0.55526196117533677
1.8404160298552088 0.92631615580834303 0.61338764187818251
1.9688252967192001 0.96037461125141943 0.55757717921454131
2.0939494494385875 0.98656543531397256 0.48065728212073799
2.2189489988420932 1.0201525638382896 0.42772760328391241
2.3446324639275216 1.0513020997328031 0.36597904522087082
2.4699727113338628 1.0823215992616497 0.30439506357311291
2.5953733285661498 1.1138837326681019 0.24442344024343435
2.7206354940537114 1.1453427738044297 0.18319851294933573
2.8465977726698051 1.1761483156715733 0.12357260484720736
2.9712085215495097 1.2082171942651851 0.061552751149320517
3.0958299585685523 1.2405532319275723 -0.0010471762176283554
3.230804616710238 1.2623482174368688 -0.043241513574894093
3.3658355851083934 1.2838013362496383 -0.084750861529797439
3.4995116503903279 1.3067700986070319 -0.12918047273992198
3.6338984305186486 1.3289646025599589 -0.17217541122509719
3.7681099001409692 1.3513469373178288 -0.21552735310391868
3.9023359874494288 1.3737258745654457 -0.258777893980003
4.0365691221532485 1.3960913126489205 -0.30207990489750369
4.1707736071566925 1.4185347398768076 -0.34557397754702246
4.3050392558838144 1.4406678381313538 -0.3883686562275499
4.4392346655122781 1.463296541697779 -0.43215331171652782
4.5734019120284213 1.48628075734924 -0.47668338655601972
4.7079981454758428 1.5054635201560183 -0.51374167728963172
4.8414445574491021 1.5337691285389348 -0.56856872481856247
4.9760029437929232 1.5564328741030549 -0.61243459951185975
5.1151585824685641 1.5305474286447402 -0.5623255569960004
5.2527877770558087 1.5120267547774107 -0.52648445371977304
5.3904298651673281 1.4969674969281082 -0.49733483768167369
5.5283135306122153 1.4787965894406927 -0.46216559920750883
5.6660685164885356 1.4617321589569938 -0.42913821760683324
5.8038512018281754 1.444561267621125 -0.39590294373640394
5.9416423425170457 1.4273003279758878 -0.36249222099207817
6.0794189533906033 1.410083261632342 -0.32916718930900263
6.2172119362887228 1.3928542000455497 -0.29583410584098119
6.3549853815088806 1.3756585023455974 -0.26252397711667591
6.4927717857738791 1.3584207750725181 -0.22917278626768436
6.6305912943517882 1.3410738191170981 -0.19569369573235487
6.7682739203995199 1.3242675617814321 -0.16284728965776835
6.9061374199327661 1.3066168877569446 -0.12901031933329882
7.0442740830943782 1.2881467919082701 -0.094199776051363635
7.1805854890340362 1.2771438553061285 -0.068236081235770046
7.3207886988146154 1.2481404916919714 -0.020984412897312177
7.459652225235808 1.2315205446933597 0.011755734673099654
7.5740250435505745 1.3073111443884431 -0.065183930158583328
7.6898316766297237 1.3677948869220182 -0.12423044558832838
7.8083175449741891 1.4225469919413112 -0.17632276702390823
7.925053279130716 1.4829141789730733 -0.23519279534437534
8.0423473558975918 1.5412734902343308 -0.29158423130207395
8.1597111835157481 1.5993266859226154 -0.34739972117035756
8.2764389457221057 1.6593496556892464 -0.40653987633059652
8.3945623508313556 1.7163559604323293 -0.46039130001775852
8.5115219246958969 1.7724894947911789 -0.51321179671269257
8.6248006243249815 1.8467457051233678 -0.59644621277312415
8.7562337194870921 1.871695759224931 -0.59428134887639539
8.8961830426147159 1.8560582175674694 -0.52395287663150714
9.0307023183521142 1.8599924455163135 -0.48692714191835618
9.1665896783837901 1.8607430888826522 -0.44417103041154754
9.3027380575326468 1.8596102819964331 -0.39843464633784698
9.4385229348159765 1.8600915485220106 -0.35544700694510512
9.5744583390102651 1.8600268176176402 -0.31148042286893196
9.7103747434330518 1.859963306961784 -0.26759568895722208
9.8462756273341991 1.8600255058796231 -0.22381531639581842
9.9821799298482432 1.860116562590415 -0.17997684529272945
10.118129014602298 1.8595064980793941 -0.13611609906936972
10.253916662116705 1.8609604101520201 -0.092281351345222432
10.389909510203124 1.8597911577653814 -0.048421807340819897
10.526155216499024 1.8553069413002705 -0.0044785826897011643
10.660356018311326 1.8781876241395539 0.03882171798960344
10.794337876133557 1.9037987779451635 0.082042068819473707
10.928698969940884 1.9243926762366059 0.12537792721323199
11.06290187272158 1.9470770561108628 0.16866998937827418
11.197121019217409 1.9696250514801263 0.21197485777046315
11.331354093185341 1.9918492613247998 0.25525616355631281
11.465568350249443 2.0142691935705197 0.29853907840968552
11.599858510931403 2.0365671156814149 0.3420005550622644
11.733979464806398 2.0591429237872312 0.38492932976093275
11.868059204583949 2.081439933156088 0.42824784557974499
12.003551693352197 2.1024512042046726 0.4743865854307841
12.134455783913818 2.1302135412791725 0.5074176254639684
12.271994592793162 2.1423330598389878 0.5685016547101277
12.414820891869745 2.1676447687438749 0.61217355846543142
12.496082005155623 2.2617019352209486 0.51397426286171555
12.572631365124696 2.3479633533191326 0.42458744139172211
12.660141972694348 2.427426267399881 0.35184457374212413
12.741476769198238 2.5139140773063451 0.26797516859301423
12.826809377738112 2.5939972971105703 0.18844926473959472
12.910258620645914 2.6759539334403084 0.10918202111394644
12.981511549952941 2.7803517910451636 0.018621382402685006
13.104916673097197 2.8046244635937434 -0.036825357461595959
13.253133365973124 2.7833621888902269 -0.070896844853336055
13.38418022891295 2.7912827972918719 -0.11828474550582592
13.520789426894558 2.7903389752147998 -0.16172106571194633
13.657040757173371 2.7896643777047814 -0.20526210963807054
13.792701265505974 2.7901038399401421 -0.24926589412227562
13.928677000948126 2.790002297830585 -0.29304484255263735
14.064552857835505 2.7899828420045236 -0.33699485168803534
14.200454521191361 2.7900077701423687 -0.38081390395682535
14.336372636966502 2.7899989451997493 -0.42462795501070644
14.472280813885336 2.7899991636815877 -0.46845892198079614
14.608181962682686 2.7900005328508639 -0.51231087832769928
14.744092678547648 2.7899998662644623 -0.55613584668592175
14.880006463737091 2.789999685864101 -0.59995051937426225
15.015896802862112 2.7900006993948594 -0.64383638392592313
15.151738581516554 2.7900038643818874 -0.68787021234067147
