#spline3d 5 120 5 120
0.37276706531330889 -0.16572450269260117 0.14699311208610111
0.18639115211451135 -0.082849923203052234 0.073491221443806112
1.7088431681750973e-006 2.7300525986521905e-006 -1.2439977471953127e-006
-0.18639443181422963 0.08284462301208062 -0.073488902734760136
-0.37278219833058113 0.16569730679828931 -0.14698581051863976
-0.55918503407182307 0.24853389277195512 -0.22046190222678758
-0.74555924513186467 0.33139620935905284 -0.29398409701796008
-0.93196556951458753 0.41422245230188703 -0.36745762808087007
-1.1183919001479536 0.49704411238954138 -0.44090890635507102
-1.304775930914525 0.57985659020527325 -0.51441249717714888
-1.4911304064517366 0.66284820033159808 -0.58796078682915887
-1.6776416660956961 0.74530868611870893 -0.66128850906985226
-1.8637451533214244 0.82906119902082309 -0.73515435349359848
-2.0507816069144562 0.90997959946014184 -0.8078722924205104
-2.2358525135093719 0.99640676118454397 -0.88278493374870737
-2.4244751761481589 1.0744315759643683 -0.95440014606238144
-2.6087814722282259 1.1574520397140691 -1.0276157833986668
-2.79112785563101 1.2694813552313156 -1.1140379856909384
-3.0158507336261469 1.1961259721129871 -1.121359779566087
-3.2244825852495018 1.1676025842675486 -1.1467023146438056
-3.4382506015701195 1.1328603482479955 -1.1701942611373566
-3.6507532468707797 1.0959727722899215 -1.1921223338378473
-3.863289058820599 1.0611382218022396 -1.215800205643113
-4.0762853664639476 1.026210141521029 -1.2377271427101038
-4.2883417326508777 0.98887836528439432 -1.262084614952087
-4.5019320421914433 0.95673564231141539 -1.2827079580367113
-4.7140909408946579 0.91900025187832801 -1.3071000660726619
-4.9199468079336173 0.86042514449831264 -1.3448725026727057
-5.1285120413223213 0.81112697921812982 -1.3766954108535989
-5.336063924477739 0.75823413857391919 -1.4107999950425323
-5.5439421707857317 0.70655682784790552 -1.4441411131222017
-5.7517430215004897 0.6545602149046742 -1.4776937189026917
-5.9595427625597708 0.60259195605918925 -1.5112204087878627
-6.1673614255511939 0.55066765191063816 -1.5447246613102026
-6.3751571649364598 0.49868707378118654 -1.5782652722351864
-6.582984831572376 0.44676799887174645 -1.6117448094740292
-6.7907566003504058 0.39475932941594399 -1.6453086857208512
-6.9986534772455151 0.34293806273548666 -1.6787428407975027
-7.206228164899172 0.29065038206056498 -1.7124766612966567
-7.4146411771452154 0.23957050981085506 -1.7454395587011509
-7.6209431050358143 0.18542261959592587 -1.7803693979778894
-7.8322570500923625 0.13866586617859578 -1.8105272806219723
-8.032762925124258 0.075636149766059951 -1.8511956292924696
-8.2531218771378274 0.043457057465738261 -1.8719604875258231
-8.4490781742812935 -0.029760132303418434 -1.9191824677578302
-8.5907660743905634 -0.18003200542225151 -2.0161692238494813
-8.7617419886464987 -0.28766590359834066 -2.0855622852768039
-8.9201797895722645 -0.41481127497312303 -2.1675546383322883
-9.0810452026220219 -0.53385431416186813 -2.2448594429252129
-9.2506374361268726 -0.65526755594553909 -2.3209832212549233
-9.3873401175170237 -0.78021419041996876 -2.4089473729842212
-9.6154051424056188 -0.88755091916574624 -2.4574165726399704
-9.627170114751177 -1.0505702008710154 -2.613314903559032
-9.5925936239209548 -1.2100152027176416 -2.7722663949558659
-9.6327770800103298 -1.3549669606088468 -2.9147952245358466
-9.5634288599122481 -1.5367648320096068 -3.0739315077758906
-9.7110402439116292 -1.6336803585302195 -3.2128321459766145
-9.8572205281057741 -1.7263131606333293 -3.3506473243327441
-9.9778905805216418 -1.8316374835049698 -3.4911696342045966
-10.118024865764454 -1.928151657326117 -3.6297201368063203
-10.247160432335068 -2.0292727594545155 -3.7697407281680833
-10.382329215117212 -2.1284585407473084 -3.9078737216969737
-10.512740512336487 -2.2279556463343932 -4.0498966971843391
-10.650153119359434 -2.32854476299423 -4.1832071810567086
-10.774454555871847 -2.4261902759853395 -4.3341858623818608
-10.919409404985602 -2.5289465149856047 -4.4578218338249718
-11.087725246437982 -2.6371128342434655 -4.5466356072237897
-11.241987967240822 -2.7419739134628296 -4.6559340159989491
-11.403002665473448 -2.8484107317714611 -4.7555321100458547
-11.561113763214173 -2.954190856940202 -4.8592450843061199
-11.720337909746972 -3.0602390658883127 -4.9613879678229029
-11.879198416632937 -3.1661319546716342 -5.0640717831383455
-12.038240247893837 -3.272265532426045 -5.1664135146627519
-12.196773239379288 -3.3775905290396291 -5.2698013840891313
-12.357220784919996 -3.4857680492242311 -5.369262890024352
-12.511560866544663 -3.5849752679085016 -5.4813460980092943
-12.682772648105949 -3.7089989258075144 -5.5581985455322176
-12.814082481239568 -3.7740217731865386 -5.7193423291159258
-12.941655219541584 -3.8339271755773074 -5.8864404080929882
-13.076299298986712 -3.9044740419545625 -6.039549431981829
-13.206337850838054 -3.9670855451018459 -6.2020070281119679
-13.33837933429392 -4.0360127412771192 -6.3602234109301792
-13.470833427699276 -4.096426668616914 -6.5184255531257662
-13.599823701511886 -4.1736819963320535 -6.6812816656044856
-13.737219125552434 -4.2164988125033354 -6.8327880191816623
-13.858390583603763 -4.3203952113637802 -7.0046363628724357
-14.001736890746894 -4.354579175462181 -7.1543479578648679
-14.182590837871151 -4.2038866907665593 -7.2436811220161124
-14.348876815706635 -4.1513948359061796 -7.3513443662205944
-14.507163625291955 -4.0513558150508207 -7.4811632746653496
-14.699586724362755 -3.9794216302402554 -7.541506925300145
-14.90472046910833 -3.9062238332734425 -7.5741775261404012
-15.098300550872075 -3.8308684332885932 -7.6313311268960522
-15.298517590812274 -3.7573070332207288 -7.6746606416427809
-15.495463724682125 -3.6826899734286127 -7.7245320690840158
-15.694051241082962 -3.6087940567519818 -7.771789616306922
-15.891326488025355 -3.5338390356471163 -7.8195546370980864
-16.090770621251643 -3.4612250854826847 -7.868357337218252
-16.285574159502211 -3.3833101800070953 -7.9140214918877767
-16.489998210021341 -3.3167304426603685 -7.9665818812709812
-16.677222795437263 -3.2288277650228316 -8.0065380738615488
-16.885975431779254 -3.1713860235587483 -8.0632195385936498
-17.101433542427515 -3.1043530698632873 -8.1195653403861741
-17.11002280767898 -2.8434140691324301 -8.0443908836975524
-17.186441781974121 -2.659158815312936 -8.0160518156850173
-17.244765204260624 -2.4491236974736963 -7.9738618000573336
-17.30586871829642 -2.2462155872958323 -7.934619669742295
-17.367645576727103 -2.0419274551747244 -7.8953195916472669
-17.428590057142493 -1.8376459021894469 -7.8556106780268049
-17.489961870898775 -1.63351840458137 -7.8162422939700562
-17.551157230792381 -1.429290453469553 -7.7766631532912847
-17.612437043330932 -1.2251490920637875 -7.7370253535184839
-17.673697333009702 -1.0209381051003223 -7.6975962091525618
-17.734941247544956 -0.8167539488276514 -7.6580537854349053
-17.796225333432414 -0.61256816394211777 -7.6185622167657128
-17.857448965317374 -0.40836971004559736 -7.5790498121973613
-17.918774034029958 -0.20419922551802908 -7.5395473446765298
-17.97987912643557 3.4550098569842772e-005 -7.5000321181987015
-18.041469849790452 0.20412904149511216 -7.460549185473063
-18.104005758718472 0.40795183053070999 -7.4211260827370893
